Time,User,Kernel,Idle,IoWait
1708008417200374264,0.030769,0.015385,0.953846,0.000000
1708008417220448277,0.031250,0.000000,0.968750,0.000000
1708008417240535703,0.016129,0.016129,0.967742,0.000000
1708008417260620876,0.000000,0.031250,0.968750,0.000000
1708008417280705344,0.046875,0.000000,0.953125,0.000000
1708008417300795586,0.031746,0.000000,0.968254,0.000000
1708008417320892798,0.000000,0.000000,1.000000,0.000000
1708008417340977498,0.031250,0.015625,0.953125,0.000000
1708008417361067975,0.000000,0.000000,1.000000,0.000000
1708008417381145663,0.031250,0.000000,0.968750,0.000000
1708008417401258509,0.016129,0.016129,0.967742,0.000000
1708008417421349321,0.047619,0.015873,0.936508,0.000000
1708008417441461180,0.075758,0.015152,0.909091,0.000000
1708008417461536231,0.000000,0.000000,1.000000,0.000000
1708008417481612211,0.030769,0.000000,0.969231,0.000000
1708008417501699196,0.063492,0.015873,0.920635,0.000000
1708008417521783018,0.000000,0.015625,0.984375,0.000000
1708008417541866759,0.093750,0.015625,0.890625,0.000000
1708008417561962492,0.031250,0.015625,0.953125,0.000000
1708008417582033908,0.030303,0.075758,0.893939,0.000000
1708008417602116699,0.032258,0.032258,0.935484,0.000000
1708008417622207653,0.061538,0.030769,0.907692,0.000000
1708008417642301304,0.048387,0.032258,0.919355,0.000000
1708008417662412634,0.031746,0.015873,0.952381,0.000000
1708008417682491195,0.032258,0.000000,0.967742,0.000000
1708008417702568259,0.048387,0.032258,0.919355,0.000000
1708008417722656098,0.031746,0.047619,0.920635,0.000000
1708008417742752648,0.031250,0.046875,0.921875,0.000000
1708008417762854945,0.000000,0.016129,0.983871,0.000000
1708008417782956339,0.019139,0.028708,0.952153,0.000000
1708008417872755084,0.080645,0.048387,0.870968,0.000000
1708008417869690199,0.015873,0.000000,0.984127,0.000000
1708008417889759744,0.000000,0.015873,0.984127,0.000000
1708008417909861227,0.078125,0.062500,0.859375,0.000000
1708008417930000099,0.048387,0.032258,0.919355,0.000000
1708008417950107767,0.093750,0.046875,0.859375,0.000000
1708008417970217755,0.063492,0.095238,0.841270,0.000000
1708008417990315040,0.126984,0.111111,0.761905,0.000000
1708008418010396307,0.123077,0.076923,0.800000,0.000000
1708008418030513762,0.111111,0.063492,0.825397,0.000000
1708008418050610594,0.126984,0.079365,0.793651,0.000000
1708008418070736761,0.126984,0.095238,0.777778,0.000000
1708008418090882468,0.196970,0.242424,0.560606,0.000000
1708008418111006513,0.328125,0.203125,0.468750,0.000000
1708008418131161307,0.592593,0.111111,0.296296,0.000000
1708008418151754355,0.169492,0.101695,0.728814,0.000000
1708008418172002962,0.189655,0.120690,0.689655,0.000000
1708008418192015276,0.161290,0.048387,0.790323,0.000000
1708008418212135925,0.081967,0.098361,0.819672,0.000000
1708008418232249801,0.135593,0.118644,0.745763,0.000000
1708008418252362412,0.106061,0.136364,0.757576,0.000000
1708008418272456880,0.266667,0.216667,0.516667,0.000000
1708008418292592679,0.291667,0.347222,0.361111,0.000000
1708008418312835144,0.698413,0.111111,0.190476,0.000000
1708008418332909799,0.507937,0.126984,0.365079,0.000000
1708008418353054621,0.296875,0.093750,0.609375,0.000000
1708008418373171423,0.070175,0.122807,0.807018,0.000000
1708008418393279727,0.047619,0.047619,0.904762,0.000000
1708008418413403487,0.046154,0.107692,0.846154,0.000000
1708008418433518670,0.079365,0.111111,0.809524,0.000000
1708008418453659921,0.050000,0.083333,0.866667,0.000000
1708008418473765982,0.048387,0.080645,0.870968,0.000000
1708008418493881041,0.047619,0.079365,0.873016,0.000000
1708008418513989313,0.047619,0.095238,0.857143,0.000000
1708008418534096768,0.031250,0.109375,0.859375,0.000000
1708008418554194763,0.031250,0.093750,0.875000,0.000000
1708008418574251379,0.015873,0.079365,0.904762,0.000000
1708008418594373759,0.015625,0.093750,0.890625,0.000000
1708008418614472312,0.015873,0.095238,0.888889,0.000000
1708008418634578380,0.031250,0.078125,0.890625,0.000000
1708008418654652448,0.078125,0.078125,0.843750,0.000000
1708008418674740902,0.079365,0.063492,0.857143,0.000000
1708008418694830823,0.095238,0.063492,0.841270,0.000000
1708008418714911965,0.062500,0.093750,0.843750,0.000000
1708008418735010369,0.138462,0.092308,0.769231,0.000000
1708008418755144102,0.125000,0.109375,0.765625,0.000000
1708008418775264097,0.158730,0.142857,0.698413,0.000000
1708008418795401771,0.238095,0.222222,0.539683,0.000000
1708008418815549816,0.567164,0.179104,0.253731,0.000000
1708008418835703160,0.507937,0.238095,0.253968,0.000000
1708008418855838541,0.250000,0.250000,0.500000,0.000000
1708008418876796150,0.490909,0.127273,0.381818,0.000000
1708008418896673839,0.431034,0.137931,0.431034,0.000000
1708008418916820859,0.338235,0.102941,0.558824,0.000000
1708008418936966783,0.129032,0.161290,0.709677,0.000000
1708008418957065325,0.271186,0.508475,0.220339,0.000000
1708008418977183471,0.419355,0.145161,0.435484,0.000000
1708008418997311512,0.555556,0.092593,0.351852,0.000000
1708008419017487325,0.683544,0.151899,0.164557,0.000000
1708008419037593349,0.618182,0.090909,0.290909,0.000000
1708008419058893546,0.517241,0.137931,0.344828,0.000000
1708008419079611392,0.444444,0.142857,0.412698,0.000000
1708008419099402939,0.133333,0.283333,0.583333,0.000000
1708008419119544062,0.545455,0.090909,0.363636,0.000000
1708008419139685374,0.190476,0.047619,0.761905,0.000000
1708008419159725911,0.084746,0.050847,0.864407,0.000000
1708008419179853881,0.062500,0.062500,0.875000,0.000000
1708008419199943182,0.101449,0.246377,0.652174,0.000000
1708008419220068994,0.661017,0.067797,0.271186,0.000000
1708008419240218900,0.153846,0.076923,0.769231,0.000000
1708008419260309392,0.161765,0.044118,0.794118,0.000000
1708008419280389827,0.015873,0.031746,0.952381,0.000000
1708008419300493184,0.031250,0.046875,0.921875,0.000000
1708008419320569500,0.030769,0.030769,0.938462,0.000000
1708008419340646243,0.015625,0.015625,0.968750,0.000000
1708008419360729972,0.015625,0.015625,0.968750,0.000000
1708008419380812628,0.000000,0.031250,0.968750,0.000000
1708008419400902694,0.031746,0.031746,0.936508,0.000000
1708008419421000811,0.000000,0.031746,0.968254,0.000000
1708008419441073842,0.000000,0.031250,0.968750,0.000000
1708008419461149834,0.030769,0.015385,0.953846,0.000000
1708008419481224160,0.000000,0.015873,0.984127,0.000000
1708008419501299628,0.000000,0.031250,0.968750,0.000000
1708008419521374466,0.015385,0.030769,0.953846,0.000000
1708008419541449728,0.015625,0.015625,0.968750,0.000000
1708008419561527789,0.000000,0.031250,0.968750,0.000000
1708008419581600775,0.000000,0.031250,0.968750,0.000000
1708008419601674231,0.015625,0.015625,0.968750,0.000000
1708008419621749365,0.000000,0.030769,0.969231,0.000000
1708008419641824405,0.015625,0.015625,0.968750,0.000000
1708008419661902486,0.000000,0.015873,0.984127,0.000000
1708008419681975081,0.015385,0.030769,0.953846,0.000000
1708008419702051758,0.015625,0.015625,0.968750,0.000000
1708008419722127581,0.000000,0.031250,0.968750,0.000000
1708008419742201687,0.015625,0.015625,0.968750,0.000000
1708008419762281815,0.000000,0.031250,0.968750,0.000000
1708008419782360528,0.000000,0.031250,0.968750,0.000000
1708008419802439355,0.000000,0.031250,0.968750,0.000000
1708008419822533046,0.030769,0.000000,0.969231,0.000000
1708008419842606232,0.000000,0.031250,0.968750,0.000000
1708008419862684379,0.015625,0.015625,0.968750,0.000000
1708008419882767797,0.015625,0.015625,0.968750,0.000000
1708008419902844423,0.015385,0.030769,0.953846,0.000000
1708008419922923026,0.000000,0.015873,0.984127,0.000000
1708008419942999238,0.030769,0.015385,0.953846,0.000000
1708008419963075875,0.000000,0.015873,0.984127,0.000000
1708008419983153822,0.015385,0.015385,0.969231,0.000000
1708008420003229798,0.000000,0.031250,0.968750,0.000000
1708008420023321679,0.015625,0.015625,0.968750,0.000000
1708008420043398486,0.000000,0.031250,0.968750,0.000000
1708008420063475386,0.030769,0.015385,0.953846,0.000000
1708008420083551401,0.000000,0.031250,0.968750,0.000000
1708008420103626201,0.000000,0.015873,0.984127,0.000000
1708008420123701336,0.015625,0.015625,0.968750,0.000000
1708008420143778324,0.015625,0.015625,0.968750,0.000000
1708008420163855624,0.015625,0.015625,0.968750,0.000000
1708008420183934197,0.030303,0.015152,0.954545,0.000000
1708008420204012800,0.000000,0.015873,0.984127,0.000000
1708008420224091776,0.015385,0.030769,0.953846,0.000000
1708008420244166688,0.000000,0.031250,0.968750,0.000000
1708008420264242419,0.000000,0.031250,0.968750,0.000000
1708008420284317291,0.000000,0.031250,0.968750,0.000000
1708008420304392939,0.000000,0.031250,0.968750,0.000000
1708008420324467715,0.000000,0.031250,0.968750,0.000000
1708008420344544318,0.000000,0.015873,0.984127,0.000000
1708008420364624899,0.015385,0.030769,0.953846,0.000000
1708008420384702322,0.015385,0.015385,0.969231,0.000000
1708008420404780672,0.015625,0.015625,0.968750,0.000000
1708008420424857577,0.015625,0.015625,0.968750,0.000000
1708008420444935762,0.000000,0.031250,0.968750,0.000000
1708008420465011611,0.015625,0.015625,0.968750,0.000000
1708008420485086861,0.015625,0.015625,0.968750,0.000000
1708008420505162350,0.000000,0.031250,0.968750,0.000000
1708008420525236567,0.015625,0.015625,0.968750,0.000000
1708008420545317637,0.015625,0.015625,0.968750,0.000000
1708008420565367111,0.000000,0.031250,0.968750,0.000000
1708008420585451788,0.000000,0.030769,0.969231,0.000000
1708008420605528263,0.015625,0.015625,0.968750,0.000000
1708008420625605140,0.015625,0.015625,0.968750,0.000000
1708008420645678732,0.015385,0.030769,0.953846,0.000000
1708008420665754670,0.015625,0.015625,0.968750,0.000000
1708008420685828369,0.000000,0.015873,0.984127,0.000000
1708008420705902460,0.015625,0.015625,0.968750,0.000000
1708008420725977724,0.015385,0.030769,0.953846,0.000000
1708008420746053131,0.000000,0.015873,0.984127,0.000000
1708008420766133249,0.015385,0.030769,0.953846,0.000000
1708008420786209969,0.030769,0.000000,0.969231,0.000000
1708008420806284855,0.000000,0.031250,0.968750,0.000000
1708008420826360163,0.031250,0.000000,0.968750,0.000000
1708008420846437807,0.015625,0.015625,0.968750,0.000000
1708008420866516156,0.000000,0.031250,0.968750,0.000000
1708008420886594363,0.000000,0.031250,0.968750,0.000000
1708008420906672545,0.000000,0.031250,0.968750,0.000000
1708008420926750065,0.000000,0.015873,0.984127,0.000000
1708008420946829383,0.015385,0.030769,0.953846,0.000000
1708008420966912948,0.015625,0.015625,0.968750,0.000000
1708008420986991185,0.015385,0.015385,0.969231,0.000000
1708008421007076094,0.000000,0.031250,0.968750,0.000000
1708008421027154925,0.015625,0.015625,0.968750,0.000000
1708008421047231211,0.000000,0.031250,0.968750,0.000000
1708008421067321464,0.000000,0.015873,0.984127,0.000000
1708008421087396693,0.000000,0.031250,0.968750,0.000000
1708008421107471629,0.015385,0.030769,0.953846,0.000000
1708008421127546448,0.015625,0.015625,0.968750,0.000000
1708008421147622131,0.015625,0.015625,0.968750,0.000000
1708008421167697039,0.015625,0.000000,0.984375,0.000000
1708008421187772980,0.000000,0.031250,0.968750,0.000000
1708008421207847830,0.015385,0.030769,0.953846,0.000000
1708008421227926543,0.000000,0.031250,0.968750,0.000000
1708008421248006421,0.015625,0.015625,0.968750,0.000000
1708008421268083651,0.015625,0.015625,0.968750,0.000000
1708008421288161990,0.000000,0.031250,0.968750,0.000000
1708008421308235802,0.015625,0.015625,0.968750,0.000000
1708008421328315419,0.000000,0.031250,0.968750,0.000000
1708008421348391620,0.015625,0.015625,0.968750,0.000000
1708008421368468681,0.015152,0.030303,0.954545,0.000000
1708008421388544893,0.000000,0.015873,0.984127,0.000000
1708008421408620693,0.015625,0.015625,0.968750,0.000000
1708008421428702294,0.015385,0.030769,0.953846,0.000000
1708008421448777864,0.015873,0.000000,0.984127,0.000000
1708008421468855373,0.015385,0.030769,0.953846,0.000000
1708008421488933615,0.000000,0.015873,0.984127,0.000000
1708008421509009239,0.015385,0.030769,0.953846,0.000000
1708008421529085012,0.015625,0.015625,0.968750,0.000000
1708008421549159843,0.015385,0.015385,0.969231,0.000000
1708008421569237128,0.015625,0.015625,0.968750,0.000000
1708008421589311245,0.000000,0.031250,0.968750,0.000000
1708008421609368851,0.000000,0.031250,0.968750,0.000000
1708008421629451211,0.015625,0.015625,0.968750,0.000000
1708008421649525167,0.000000,0.031250,0.968750,0.000000
1708008421669600427,0.015625,0.015625,0.968750,0.000000
1708008421689674331,0.030769,0.015385,0.953846,0.000000
1708008421709752220,0.000000,0.015873,0.984127,0.000000
1708008421729829637,0.015385,0.030769,0.953846,0.000000
1708008421749904634,0.000000,0.031250,0.968750,0.000000
1708008421769985150,0.000000,0.015625,0.984375,0.000000
1708008421790062571,0.015385,0.030769,0.953846,0.000000
1708008421810137948,0.015625,0.015625,0.968750,0.000000
1708008421830213050,0.015625,0.015625,0.968750,0.000000
1708008421850289954,0.000000,0.015873,0.984127,0.000000
1708008421870372307,0.015385,0.030769,0.953846,0.000000
1708008421890453238,0.000000,0.031250,0.968750,0.000000
1708008421910529032,0.000000,0.015873,0.984127,0.000000
1708008421930609645,0.015385,0.030769,0.953846,0.000000
1708008421950692505,0.000000,0.015625,0.984375,0.000000
1708008421970776069,0.015385,0.030769,0.953846,0.000000
1708008421990854154,0.000000,0.015873,0.984127,0.000000
1708008422010935355,0.015385,0.030769,0.953846,0.000000
1708008422031017293,0.000000,0.015873,0.984127,0.000000
1708008422051097764,0.015385,0.030769,0.953846,0.000000
1708008422071177521,0.000000,0.015873,0.984127,0.000000
1708008422091266081,0.015385,0.030769,0.953846,0.000000
1708008422111348220,0.000000,0.015873,0.984127,0.000000
1708008422131429721,0.015152,0.030303,0.954545,0.000000
1708008422151513413,0.015625,0.015625,0.968750,0.000000
1708008422171591108,0.000000,0.031250,0.968750,0.000000
1708008422191670077,0.000000,0.015873,0.984127,0.000000
1708008422211752796,0.000000,0.031250,0.968750,0.000000
1708008422231832073,0.015385,0.030769,0.953846,0.000000
1708008422251907593,0.015873,0.000000,0.984127,0.000000
1708008422271982567,0.015625,0.015625,0.968750,0.000000
1708008422292062202,0.015625,0.015625,0.968750,0.000000
1708008422312138039,0.000000,0.030769,0.969231,0.000000
1708008422332215975,0.015385,0.030769,0.953846,0.000000
1708008422352295511,0.000000,0.015873,0.984127,0.000000
1708008422372372334,0.015385,0.030769,0.953846,0.000000
1708008422392457574,0.000000,0.015873,0.984127,0.000000
1708008422412531669,0.015625,0.015625,0.968750,0.000000
1708008422432609627,0.015625,0.015625,0.968750,0.000000
1708008422452690069,0.000000,0.031250,0.968750,0.000000
1708008422472768533,0.030769,0.015385,0.953846,0.000000
1708008422492846635,0.000000,0.015625,0.984375,0.000000
1708008422512927668,0.000000,0.031250,0.968750,0.000000
1708008422533010110,0.030769,0.015385,0.953846,0.000000
1708008422553092311,0.015625,0.015625,0.968750,0.000000
1708008422573171066,0.015873,0.000000,0.984127,0.000000
1708008422593250332,0.000000,0.031250,0.968750,0.000000
1708008422613324904,0.000000,0.031250,0.968750,0.000000
1708008422633361934,0.030769,0.015385,0.953846,0.000000
1708008422653451315,0.015625,0.015625,0.968750,0.000000
1708008422673526820,0.015873,0.000000,0.984127,0.000000
1708008422693599699,0.015385,0.030769,0.953846,0.000000
1708008422713675132,0.015385,0.015385,0.969231,0.000000
1708008422733749717,0.000000,0.015873,0.984127,0.000000
1708008422753826612,0.000000,0.031250,0.968750,0.000000
1708008422773907623,0.015385,0.030769,0.953846,0.000000
1708008422793983736,0.000000,0.031250,0.968750,0.000000
1708008422814058653,0.015625,0.015625,0.968750,0.000000
1708008422834132629,0.000000,0.015873,0.984127,0.000000
1708008422854209042,0.015385,0.030769,0.953846,0.000000
1708008422874284647,0.000000,0.031250,0.968750,0.000000
1708008422894364414,0.000000,0.031250,0.968750,0.000000
1708008422914437996,0.015385,0.015385,0.969231,0.000000
1708008422934514960,0.015625,0.015625,0.968750,0.000000
1708008422954591783,0.015625,0.015625,0.968750,0.000000
1708008422974669101,0.015625,0.015625,0.968750,0.000000
1708008422994746765,0.000000,0.031250,0.968750,0.000000
1708008423014821500,0.000000,0.031250,0.968750,0.000000
1708008423034900700,0.015385,0.030769,0.953846,0.000000
1708008423054977901,0.000000,0.015873,0.984127,0.000000
1708008423075052950,0.000000,0.031250,0.968750,0.000000
1708008423095128582,0.015385,0.030769,0.953846,0.000000
1708008423115205509,0.015385,0.015385,0.969231,0.000000
1708008423135287822,0.000000,0.031250,0.968750,0.000000
1708008423155367442,0.000000,0.031250,0.968750,0.000000
1708008423175445328,0.015625,0.015625,0.968750,0.000000
1708008423195524864,0.015625,0.015625,0.968750,0.000000
1708008423215602165,0.015873,0.000000,0.984127,0.000000
1708008423235684629,0.015385,0.030769,0.953846,0.000000
1708008423255762866,0.000000,0.031250,0.968750,0.000000
1708008423275841508,0.000000,0.015873,0.984127,0.000000
1708008423295920709,0.000000,0.031250,0.968750,0.000000
1708008423315996213,0.015385,0.015385,0.969231,0.000000
1708008423336078323,0.015385,0.030769,0.953846,0.000000
1708008423356155787,0.000000,0.031250,0.968750,0.000000
1708008423376236637,0.000000,0.015873,0.984127,0.000000
1708008423396315929,0.015385,0.030769,0.953846,0.000000
1708008423416396724,0.015625,0.031250,0.953125,0.000000
1708008423436473549,0.015625,0.015625,0.968750,0.000000
1708008423456549977,0.000000,0.031250,0.968750,0.000000
1708008423476629311,0.015385,0.030769,0.953846,0.000000
1708008423496723608,0.015625,0.015625,0.968750,0.000000
1708008423516828100,0.015625,0.015625,0.968750,0.000000
1708008423536914713,0.015625,0.015625,0.968750,0.000000
1708008423556983780,0.015625,0.015625,0.968750,0.000000
1708008423577060837,0.000000,0.031746,0.968254,0.000000
1708008423597141200,0.015873,0.031746,0.952381,0.000000
1708008423617232029,0.030769,0.030769,0.938462,0.000000
1708008423637339357,0.000000,0.031746,0.968254,0.000000
1708008423657449860,0.075758,0.030303,0.893939,0.000000
1708008423677512224,0.015385,0.030769,0.953846,0.000000
1708008423697585381,0.015625,0.015625,0.968750,0.000000
1708008423717659550,0.015625,0.031250,0.953125,0.000000
1708008423737739063,0.015625,0.046875,0.937500,0.000000
1708008423757833626,0.031250,0.046875,0.921875,0.000000
1708008423777948989,0.061538,0.046154,0.892308,0.000000
1708008423798032367,0.095238,0.079365,0.825397,0.000000
1708008423818143954,0.078125,0.093750,0.828125,0.000000
1708008423838221411,0.079365,0.095238,0.825397,0.000000
1708008423858309116,0.080645,0.064516,0.854839,0.000000
1708008423878392698,0.123077,0.030769,0.846154,0.000000
1708008423899418684,0.100000,0.171429,0.728571,0.000000
1708008423919250288,0.342466,0.164384,0.493151,0.000000
1708008423939383486,0.651515,0.106061,0.242424,0.000000
1708008423959504053,0.114754,0.229508,0.655738,0.000000
1708008423979689906,0.283333,0.166667,0.550000,0.000000
1708008423999845530,0.639344,0.131148,0.229508,0.000000
1708008424019947831,0.111111,0.095238,0.793651,0.000000
1708008424040064130,0.112903,0.080645,0.806452,0.000000
1708008424060157082,0.063492,0.063492,0.873016,0.000000
1708008424080244153,0.093750,0.062500,0.843750,0.000000
1708008424100346403,0.100000,0.171429,0.728571,0.000000
1708008424120464755,0.095238,0.142857,0.761905,0.000000
1708008424140590113,0.233333,0.316667,0.450000,0.000000
1708008424161010735,0.586207,0.086207,0.327586,0.000000
1708008424181063376,0.543860,0.105263,0.350877,0.000000
1708008424201244764,0.310811,0.081081,0.608108,0.000000
1708008424221316367,0.181818,0.060606,0.757576,0.000000
1708008424241379204,0.076923,0.046154,0.876923,0.000000
1708008424261490730,0.107692,0.076923,0.815385,0.000000
1708008424281609465,0.123077,0.092308,0.784615,0.000000
1708008424301726910,0.174603,0.111111,0.714286,0.000000
1708008424321850349,0.112903,0.145161,0.741935,0.000000
1708008424341943480,0.125000,0.187500,0.687500,0.000000
1708008424362045025,0.323529,0.470588,0.205882,0.000000
1708008424382192384,0.448276,0.206897,0.344828,0.000000
1708008424402338862,0.362069,0.155172,0.482759,0.000000
1708008424422455477,0.352941,0.102941,0.544118,0.000000
1708008424442558161,0.161290,0.129032,0.709677,0.000000
1708008424462643278,0.409091,0.272727,0.318182,0.000000
1708008424482789027,0.435484,0.354839,0.209677,0.000000
1708008424502945831,0.333333,0.300000,0.366667,0.000000
1708008424523107278,0.559322,0.084746,0.355932,0.000000
1708008424543235591,0.615385,0.107692,0.276923,0.000000
1708008424563427257,0.527273,0.127273,0.345455,0.000000
1708008424583566638,0.313433,0.104478,0.582090,0.000000
1708008424603698447,0.432836,0.298507,0.268657,0.000000
1708008424623863408,0.426230,0.147541,0.426230,0.000000
1708008424644021258,0.500000,0.100000,0.400000,0.000000
1708008424664205621,0.546875,0.234375,0.218750,0.000000
1708008424684344071,0.672131,0.098361,0.229508,0.000000
1708008424705427809,0.218750,0.093750,0.687500,0.000000
1708008424725204968,0.184615,0.076923,0.738462,0.000000
1708008424745315807,0.080645,0.048387,0.870968,0.000000
1708008424765387684,0.048387,0.129032,0.822581,0.000000
1708008424785518811,0.418919,0.108108,0.472973,0.000000
1708008424805686070,0.438596,0.035088,0.526316,0.000000
1708008424825764279,0.050000,0.033333,0.916667,0.000000
1708008424845855884,0.048387,0.032258,0.919355,0.000000
1708008424865952399,0.028571,0.142857,0.828571,0.000000
1708008424886092679,0.362319,0.246377,0.391304,0.000000
1708008424906296261,0.321429,0.053571,0.625000,0.000000
1708008424926368312,0.183099,0.014085,0.802817,0.000000
1708008424946471802,0.015385,0.000000,0.984615,0.000000
1708008424966540639,0.000000,0.000000,1.000000,0.000000
1708008424986620817,0.015873,0.015873,0.968254,0.000000
1708008425006710602,0.000000,0.015625,0.984375,0.000000
1708008425026782374,0.029412,0.058824,0.911765,0.000000
1708008425046864974,0.000000,0.031250,0.968750,0.000000
1708008425066946185,0.000000,0.000000,1.000000,0.000000
1708008425087021723,0.000000,0.000000,1.000000,0.000000
1708008425107096548,0.000000,0.000000,1.000000,0.000000
1708008425127174770,0.000000,0.000000,1.000000,0.000000
1708008425147262981,0.000000,0.000000,1.000000,0.000000
1708008425167337989,0.000000,0.000000,1.000000,0.000000
1708008425187412650,0.000000,0.000000,1.000000,0.000000
1708008425207490437,0.000000,0.000000,1.000000,0.000000
1708008425227566178,0.000000,0.000000,1.000000,0.000000
1708008425247644158,0.000000,0.000000,1.000000,0.000000
1708008425267721711,0.000000,0.000000,1.000000,0.000000
1708008425287799081,0.000000,0.000000,1.000000,0.000000
1708008425307874520,0.000000,0.000000,1.000000,0.000000
1708008425327958039,0.000000,0.000000,1.000000,0.000000
1708008425348038718,0.000000,0.000000,1.000000,0.000000
1708008425368123809,0.000000,0.000000,1.000000,0.000000
1708008425388218852,0.000000,0.000000,1.000000,0.000000
1708008425408295877,0.000000,0.000000,1.000000,0.000000
1708008425428379726,0.000000,0.000000,1.000000,0.000000
1708008425448460396,0.000000,0.000000,1.000000,0.000000
1708008425468539125,0.000000,0.000000,1.000000,0.000000
1708008425488614464,0.000000,0.000000,1.000000,0.000000
1708008425508697528,0.000000,0.000000,1.000000,0.000000
1708008425528775233,0.000000,0.000000,1.000000,0.000000
1708008425548851665,0.000000,0.000000,1.000000,0.000000
1708008425568936854,0.000000,0.000000,1.000000,0.000000
1708008425589015436,0.000000,0.000000,1.000000,0.000000
1708008425609095197,0.000000,0.000000,1.000000,0.000000
1708008425629172799,0.000000,0.000000,1.000000,0.000000
1708008425649250082,0.000000,0.000000,1.000000,0.000000
1708008425669327185,0.000000,0.000000,1.000000,0.000000
1708008425689405884,0.000000,0.000000,1.000000,0.000000
1708008425709481950,0.000000,0.000000,1.000000,0.000000
1708008425729561824,0.000000,0.000000,1.000000,0.000000
1708008425749640900,0.000000,0.000000,1.000000,0.000000
1708008425769721129,0.000000,0.000000,1.000000,0.000000
1708008425789801685,0.000000,0.000000,1.000000,0.000000
1708008425809878627,0.000000,0.000000,1.000000,0.000000
1708008425829953401,0.000000,0.000000,1.000000,0.000000
1708008425850031048,0.000000,0.000000,1.000000,0.000000
1708008425870109459,0.000000,0.000000,1.000000,0.000000
1708008425890187814,0.000000,0.000000,1.000000,0.000000
1708008425910265521,0.000000,0.000000,1.000000,0.000000
1708008425930343394,0.000000,0.000000,1.000000,0.000000
1708008425950417581,0.000000,0.000000,1.000000,0.000000
1708008425970497984,0.000000,0.000000,1.000000,0.000000
1708008425990571331,0.000000,0.000000,1.000000,0.000000
1708008426010644763,0.000000,0.000000,1.000000,0.000000
1708008426030720815,0.000000,0.000000,1.000000,0.000000
1708008426050800612,0.000000,0.000000,1.000000,0.000000
1708008426070876454,0.000000,0.000000,1.000000,0.000000
1708008426090954800,0.000000,0.000000,1.000000,0.000000
1708008426111028737,0.000000,0.000000,1.000000,0.000000
1708008426131108773,0.000000,0.000000,1.000000,0.000000
1708008426151183147,0.000000,0.000000,1.000000,0.000000
1708008426171270988,0.000000,0.000000,1.000000,0.000000
1708008426191351425,0.000000,0.000000,1.000000,0.000000
1708008426211434277,0.000000,0.000000,1.000000,0.000000
1708008426231509185,0.000000,0.000000,1.000000,0.000000
1708008426251586085,0.000000,0.000000,1.000000,0.000000
1708008426271661838,0.000000,0.000000,1.000000,0.000000
1708008426291741465,0.000000,0.000000,1.000000,0.000000
1708008426311817272,0.000000,0.000000,1.000000,0.000000
1708008426331897771,0.000000,0.000000,1.000000,0.000000
1708008426351973656,0.000000,0.000000,1.000000,0.000000
1708008426372055100,0.000000,0.000000,1.000000,0.000000
1708008426392130806,0.000000,0.000000,1.000000,0.000000
1708008426412216010,0.000000,0.000000,1.000000,0.000000
1708008426432296639,0.000000,0.000000,1.000000,0.000000
1708008426452377422,0.000000,0.000000,1.000000,0.000000
1708008426472462190,0.000000,0.000000,1.000000,0.000000
1708008426492548514,0.000000,0.000000,1.000000,0.000000
1708008426512628297,0.000000,0.000000,1.000000,0.000000
1708008426532710872,0.000000,0.000000,1.000000,0.000000
1708008426552785395,0.000000,0.000000,1.000000,0.000000
1708008426572862112,0.000000,0.000000,1.000000,0.000000
1708008426592944332,0.000000,0.000000,1.000000,0.000000
1708008426613033214,0.000000,0.000000,1.000000,0.000000
1708008426633111050,0.000000,0.000000,1.000000,0.000000
1708008426653195345,0.000000,0.000000,1.000000,0.000000
1708008426673272833,0.000000,0.000000,1.000000,0.000000
1708008426693348266,0.000000,0.000000,1.000000,0.000000
1708008426713440101,0.000000,0.000000,1.000000,0.000000
1708008426733512336,0.000000,0.000000,1.000000,0.000000
1708008426753592258,0.000000,0.000000,1.000000,0.000000
1708008426773674600,0.000000,0.000000,1.000000,0.000000
1708008426793758655,0.000000,0.000000,1.000000,0.000000
1708008426813838400,0.000000,0.000000,1.000000,0.000000
1708008426833919434,0.000000,0.000000,1.000000,0.000000
1708008426853994853,0.000000,0.000000,1.000000,0.000000
1708008426874075474,0.000000,0.000000,1.000000,0.000000
1708008426894154325,0.000000,0.000000,1.000000,0.000000
1708008426914230666,0.000000,0.000000,1.000000,0.000000
1708008426934304995,0.000000,0.000000,1.000000,0.000000
1708008426954382986,0.000000,0.000000,1.000000,0.000000
1708008426974459178,0.000000,0.000000,1.000000,0.000000
1708008426994538272,0.000000,0.000000,1.000000,0.000000
1708008427014611377,0.000000,0.000000,1.000000,0.000000
1708008427034690008,0.000000,0.000000,1.000000,0.000000
1708008427054770118,0.000000,0.000000,1.000000,0.000000
1708008427074846559,0.000000,0.000000,1.000000,0.015625
1708008427094922124,0.000000,0.000000,1.000000,0.000000
1708008427115000938,0.000000,0.015385,0.984615,0.000000
1708008427135078317,0.000000,0.000000,1.000000,0.000000
1708008427155156602,0.000000,0.000000,1.000000,0.000000
1708008427175232622,0.000000,0.000000,1.000000,0.000000
1708008427195310991,0.000000,0.000000,1.000000,0.000000
1708008427215385649,0.000000,0.000000,1.000000,0.000000
1708008427235461285,0.000000,0.000000,1.000000,0.000000
1708008427255544493,0.000000,0.000000,1.000000,0.000000
1708008427275625489,0.000000,0.000000,1.000000,0.000000
1708008427295701169,0.000000,0.000000,1.000000,0.000000
1708008427315778105,0.000000,0.000000,1.000000,0.000000
1708008427335852771,0.000000,0.000000,1.000000,0.000000
1708008427355930324,0.000000,0.000000,1.000000,0.000000
1708008427376010545,0.000000,0.000000,1.000000,0.000000
1708008427396086123,0.000000,0.000000,1.000000,0.000000
1708008427416157820,0.000000,0.000000,1.000000,0.000000
1708008427436231065,0.000000,0.000000,1.000000,0.000000
1708008427456304935,0.000000,0.000000,1.000000,0.000000
1708008427476382452,0.000000,0.000000,1.000000,0.000000
1708008427496465319,0.000000,0.000000,1.000000,0.000000
1708008427516552041,0.000000,0.000000,1.000000,0.000000
1708008427536667795,0.000000,0.000000,1.000000,0.000000
1708008427556747307,0.000000,0.000000,1.000000,0.000000
1708008427576831705,0.000000,0.000000,1.000000,0.000000
1708008427596912635,0.000000,0.000000,1.000000,0.000000
1708008427616994228,0.000000,0.000000,1.000000,0.000000
1708008427637078201,0.000000,0.000000,1.000000,0.000000
1708008427657164133,0.000000,0.000000,1.000000,0.000000
1708008427677245608,0.000000,0.000000,1.000000,0.000000
1708008427697329681,0.000000,0.000000,1.000000,0.000000
1708008427717363651,0.000000,0.000000,1.000000,0.000000
1708008427737460252,0.000000,0.000000,1.000000,0.000000
1708008427757540027,0.000000,0.000000,1.000000,0.000000
1708008427777625414,0.000000,0.000000,1.000000,0.000000
1708008427797708720,0.000000,0.000000,1.000000,0.000000
1708008427817791961,0.000000,0.000000,1.000000,0.000000
1708008427837874824,0.000000,0.000000,1.000000,0.000000
1708008427857955608,0.000000,0.000000,1.000000,0.000000
1708008427878037239,0.000000,0.000000,1.000000,0.000000
1708008427898115977,0.000000,0.000000,1.000000,0.000000
1708008427918196436,0.000000,0.000000,1.000000,0.000000
1708008427938287060,0.000000,0.000000,1.000000,0.000000
1708008427958402801,0.000000,0.000000,1.000000,0.000000
1708008427978482056,0.000000,0.000000,1.000000,0.000000
1708008427998568545,0.000000,0.000000,1.000000,0.000000
1708008428018648931,0.000000,0.000000,1.000000,0.000000
1708008428038732770,0.000000,0.000000,1.000000,0.000000
1708008428058814433,0.000000,0.000000,1.000000,0.000000
1708008428078905377,0.000000,0.000000,1.000000,0.000000
1708008428098988569,0.000000,0.000000,1.000000,0.000000
1708008428119075098,0.015625,0.000000,0.984375,0.000000
1708008428139158418,0.000000,0.000000,1.000000,0.000000
1708008428159244248,0.000000,0.000000,1.000000,0.000000
1708008428179318453,0.000000,0.000000,1.000000,0.000000
1708008428199397015,0.000000,0.000000,1.000000,0.000000
1708008428219481277,0.000000,0.000000,1.000000,0.000000
1708008428239560383,0.000000,0.000000,1.000000,0.000000
1708008428259644974,0.000000,0.000000,1.000000,0.000000
1708008428279738468,0.000000,0.000000,1.000000,0.000000
1708008428299837977,0.000000,0.000000,1.000000,0.000000
1708008428319922373,0.000000,0.000000,1.000000,0.000000
1708008428340006469,0.000000,0.000000,1.000000,0.000000
1708008428360093473,0.000000,0.000000,1.000000,0.000000
1708008428380175300,0.000000,0.000000,1.000000,0.000000
1708008428400261478,0.000000,0.000000,1.000000,0.000000
1708008428420350530,0.000000,0.000000,1.000000,0.000000
1708008428440436436,0.000000,0.000000,1.000000,0.000000
1708008428460518598,0.000000,0.000000,1.000000,0.000000
1708008428480603975,0.000000,0.000000,1.000000,0.000000
1708008428500688598,0.000000,0.000000,1.000000,0.000000
1708008428520775400,0.000000,0.000000,1.000000,0.000000
1708008428540860037,0.000000,0.000000,1.000000,0.000000
1708008428560948855,0.000000,0.000000,1.000000,0.000000
1708008428581039421,0.000000,0.000000,1.000000,0.000000
1708008428601129942,0.000000,0.000000,1.000000,0.000000
1708008428621217195,0.000000,0.000000,1.000000,0.000000
1708008428641308374,0.000000,0.000000,1.000000,0.000000
1708008428661376618,0.000000,0.000000,1.000000,0.000000
1708008428681464420,0.000000,0.000000,1.000000,0.000000
1708008428701545535,0.000000,0.000000,1.000000,0.000000
1708008428721628849,0.000000,0.000000,1.000000,0.000000
1708008428741713133,0.000000,0.000000,1.000000,0.000000
1708008428761796355,0.000000,0.000000,1.000000,0.000000
1708008428781879443,0.000000,0.000000,1.000000,0.000000
1708008428801964957,0.000000,0.000000,1.000000,0.000000
1708008428822044971,0.015385,0.015385,0.969231,0.000000
1708008428842126745,0.015385,0.015385,0.969231,0.000000
1708008428862210902,0.015625,0.031250,0.953125,0.000000
1708008428882296480,0.031746,0.000000,0.968254,0.000000
1708008428902383847,0.046875,0.015625,0.937500,0.000000
1708008428922473936,0.030303,0.030303,0.939394,0.000000
1708008428942560289,0.031746,0.015873,0.952381,0.000000
1708008428962644420,0.031250,0.015625,0.953125,0.000000
1708008428982728609,0.046875,0.015625,0.937500,0.000000
1708008429002826617,0.059701,0.194030,0.746269,0.000000
1708008429022964120,0.594595,0.162162,0.243243,0.000000
1708008429043154647,0.215385,0.000000,0.784615,0.000000
1708008429063234400,0.197183,0.000000,0.802817,0.000000
1708008429083328433,0.000000,0.000000,1.000000,0.000000
1708008429103391769,0.000000,0.000000,1.000000,0.000000
1708008429123480908,0.000000,0.000000,1.000000,0.000000
1708008429143581422,0.000000,0.000000,1.000000,0.000000
1708008429163649213,0.000000,0.000000,1.000000,0.000000
1708008429183723152,0.000000,0.000000,1.000000,0.000000
1708008429203800247,0.000000,0.000000,1.000000,0.000000
1708008429223879613,0.000000,0.000000,1.000000,0.000000
1708008429243954496,0.000000,0.000000,1.000000,0.000000
1708008429264032371,0.000000,0.000000,1.000000,0.000000
1708008429284108223,0.000000,0.000000,1.000000,0.000000
1708008429304181384,0.000000,0.000000,1.000000,0.000000
1708008429324256048,0.000000,0.000000,1.000000,0.000000
1708008429344331232,0.000000,0.000000,1.000000,0.000000
1708008429364412640,0.000000,0.000000,1.000000,0.000000
1708008429384495031,0.000000,0.000000,1.000000,0.000000
1708008429404570530,0.000000,0.000000,1.000000,0.000000
1708008429424653097,0.000000,0.000000,1.000000,0.000000
1708008429444728116,0.000000,0.000000,1.000000,0.000000
1708008429464809277,0.000000,0.000000,1.000000,0.000000
1708008429484887282,0.000000,0.000000,1.000000,0.000000
1708008429504967165,0.000000,0.000000,1.000000,0.000000
1708008429525043558,0.000000,0.000000,1.000000,0.000000
1708008429545117304,0.000000,0.000000,1.000000,0.000000
1708008429565193751,0.000000,0.000000,1.000000,0.000000
1708008429585268442,0.000000,0.000000,1.000000,0.000000
1708008429605345060,0.000000,0.000000,1.000000,0.000000
1708008429625445734,0.000000,0.015152,0.984848,0.000000
1708008429645519710,0.000000,0.000000,1.000000,0.000000
1708008429665602122,0.000000,0.000000,1.000000,0.000000
1708008429685683580,0.000000,0.000000,1.000000,0.000000
1708008429705762591,0.000000,0.000000,1.000000,0.000000
1708008429725839590,0.000000,0.000000,1.000000,0.000000
1708008429745917622,0.000000,0.000000,1.000000,0.000000
1708008429765996581,0.000000,0.000000,1.000000,0.000000
1708008429786078510,0.000000,0.000000,1.000000,0.000000
1708008429806159801,0.000000,0.000000,1.000000,0.000000
1708008429826238000,0.000000,0.000000,1.000000,0.000000
1708008429846323058,0.000000,0.000000,1.000000,0.000000
1708008429866397264,0.000000,0.000000,1.000000,0.000000
1708008429886478110,0.000000,0.000000,1.000000,0.000000
1708008429906550336,0.000000,0.000000,1.000000,0.000000
1708008429926631159,0.000000,0.000000,1.000000,0.000000
1708008429946709574,0.000000,0.000000,1.000000,0.000000
1708008429966792055,0.000000,0.000000,1.000000,0.000000
1708008429986866345,0.000000,0.000000,1.000000,0.000000
1708008430006941532,0.000000,0.000000,1.000000,0.000000
1708008430027020550,0.000000,0.000000,1.000000,0.000000
1708008430047097742,0.000000,0.000000,1.000000,0.000000
1708008430067173305,0.000000,0.000000,1.000000,0.000000
1708008430087252831,0.000000,0.000000,1.000000,0.000000
1708008430107334886,0.000000,0.000000,1.000000,0.000000
1708008430127411394,0.000000,0.000000,1.000000,0.000000
1708008430147486388,0.000000,0.000000,1.000000,0.000000
1708008430167564862,0.000000,0.000000,1.000000,0.000000
1708008430187642942,0.000000,0.000000,1.000000,0.000000
1708008430207718701,0.000000,0.015385,0.984615,0.000000
1708008430227798275,0.000000,0.000000,1.000000,0.000000
1708008430247872688,0.000000,0.000000,1.000000,0.000000
1708008430267951550,0.000000,0.000000,1.000000,0.000000
1708008430288024511,0.000000,0.000000,1.000000,0.000000
1708008430308102568,0.000000,0.000000,1.000000,0.000000
1708008430328179519,0.000000,0.000000,1.000000,0.000000
1708008430348257030,0.000000,0.000000,1.000000,0.000000
1708008430368332917,0.000000,0.015385,0.984615,0.000000
1708008430388412201,0.000000,0.000000,1.000000,0.000000
1708008430408493388,0.000000,0.000000,1.000000,0.000000
1708008430428572174,0.000000,0.000000,1.000000,0.000000
1708008430448657416,0.000000,0.000000,1.000000,0.000000
1708008430468737297,0.000000,0.000000,1.000000,0.000000
1708008430488808743,0.000000,0.000000,1.000000,0.000000
1708008430508885344,0.000000,0.000000,1.000000,0.000000
1708008430528959752,0.000000,0.015385,0.984615,0.000000
1708008430549037669,0.000000,0.000000,1.000000,0.000000
1708008430569111590,0.000000,0.000000,1.000000,0.000000
1708008430589194238,0.000000,0.000000,1.000000,0.000000
1708008430609270995,0.000000,0.000000,1.000000,0.000000
1708008430629345338,0.000000,0.000000,1.000000,0.000000
1708008430649439664,0.000000,0.000000,1.000000,0.000000
1708008430669511865,0.000000,0.000000,1.000000,0.000000
1708008430689591346,0.000000,0.000000,1.000000,0.000000
1708008430709671386,0.000000,0.000000,1.000000,0.000000
1708008430729753440,0.000000,0.000000,1.000000,0.000000
1708008430749838586,0.000000,0.000000,1.000000,0.000000
1708008430769915796,0.000000,0.000000,1.000000,0.000000
1708008430789997316,0.000000,0.000000,1.000000,0.000000
1708008430810083306,0.000000,0.000000,1.000000,0.000000
1708008430830156934,0.000000,0.000000,1.000000,0.000000
1708008430850237837,0.000000,0.000000,1.000000,0.000000
1708008430870316867,0.000000,0.000000,1.000000,0.000000
1708008430890395598,0.000000,0.000000,1.000000,0.000000
1708008430910475296,0.000000,0.000000,1.000000,0.000000
1708008430930554315,0.000000,0.000000,1.000000,0.000000
1708008430950634552,0.000000,0.000000,1.000000,0.000000
1708008430970714279,0.000000,0.000000,1.000000,0.000000
1708008430990793116,0.000000,0.000000,1.000000,0.000000
1708008431010875449,0.000000,0.000000,1.000000,0.000000
1708008431030960024,0.000000,0.000000,1.000000,0.000000
1708008431051041633,0.000000,0.000000,1.000000,0.000000
1708008431071121719,0.000000,0.000000,1.000000,0.000000
1708008431091197027,0.000000,0.000000,1.000000,0.000000
1708008431111275779,0.000000,0.000000,1.000000,0.000000
1708008431131363206,0.000000,0.000000,1.000000,0.000000
1708008431151435773,0.000000,0.000000,1.000000,0.000000
1708008431171517585,0.000000,0.000000,1.000000,0.000000
1708008431191591281,0.000000,0.015385,0.984615,0.000000
1708008431211671652,0.000000,0.000000,1.000000,0.000000
1708008431231748070,0.000000,0.000000,1.000000,0.000000
1708008431251828905,0.000000,0.000000,1.000000,0.000000
1708008431271906825,0.000000,0.000000,1.000000,0.000000
1708008431291988687,0.000000,0.015385,0.984615,0.000000
1708008431312062753,0.000000,0.000000,1.000000,0.000000
1708008431332140640,0.000000,0.000000,1.000000,0.000000
1708008431352216762,0.000000,0.000000,1.000000,0.000000
1708008431372293316,0.000000,0.000000,1.000000,0.000000
1708008431392368075,0.000000,0.000000,1.000000,0.000000
1708008431412441243,0.000000,0.000000,1.000000,0.000000
1708008431432520546,0.000000,0.000000,1.000000,0.000000
1708008431452595559,0.000000,0.000000,1.000000,0.000000
1708008431472676997,0.000000,0.000000,1.000000,0.000000
1708008431492758297,0.000000,0.000000,1.000000,0.000000
1708008431512834048,0.000000,0.015385,0.984615,0.000000
1708008431532907916,0.000000,0.000000,1.000000,0.000000
1708008431552994083,0.000000,0.000000,1.000000,0.000000
