Time,User,Kernel,Idle,IoWait
1708598433134109588,0.050314,0.018868,0.930818,0.000000
1708598433234219307,0.025078,0.009404,0.965517,0.000000
1708598433334319969,0.043887,0.018809,0.937304,0.000000
1708598433434442227,0.022581,0.032258,0.945161,0.000000
1708598433534561862,0.012698,0.034921,0.952381,0.000000
1708598433634685421,0.003145,0.015723,0.981132,0.000000
1708598433734802270,0.059748,0.037736,0.902516,0.000000
1708598433834933746,0.134375,0.131250,0.734375,0.000000
1708598433935059163,0.450311,0.118012,0.431677,0.000000
1708598434035192723,0.305810,0.207951,0.486239,0.000000
1708598434135337816,0.429553,0.189003,0.381443,0.000000
1708598434235442012,0.111111,0.021605,0.867284,0.000000
1708598434335548679,0.108974,0.035256,0.855769,0.000000
1708598434435667110,0.039867,0.033223,0.926910,0.000000
1708598434535813841,0.053872,0.050505,0.895623,0.000000
1708598434635933684,0.046980,0.073826,0.879195,0.000000
1708598434736063565,0.045752,0.091503,0.862745,0.000000
1708598434836197000,0.132075,0.100629,0.767296,0.000000
1708598434936342589,0.299065,0.199377,0.501558,0.000000
1708598435036487109,0.523962,0.233227,0.242812,0.000000
1708598435136642891,0.698675,0.119205,0.182119,0.000000
1708598435236784986,0.543333,0.083333,0.373333,0.000000
1708598435336891629,0.141104,0.067485,0.791411,0.000000
1708598435437017267,0.019481,0.038961,0.941558,0.000000
1708598435537165816,0.042345,0.068404,0.889251,0.000000
1708598435637276336,0.022364,0.057508,0.920128,0.000000
1708598435737434663,0.037618,0.047022,0.915361,0.000000
1708598435837553860,0.166163,0.214502,0.619335,0.000000
1708598435937696357,0.355769,0.192308,0.451923,0.000000
1708598436037910621,0.483444,0.135762,0.380795,0.000000
1708598436138078035,0.068182,0.035714,0.896104,0.000000
1708598436238173541,0.034700,0.022082,0.943218,0.000000
1708598436338293330,0.190769,0.070769,0.738462,0.000000
1708598436438426036,0.003215,0.003215,0.993569,0.000000
1708598436538526275,0.000000,0.006231,0.993769,0.000000
1708598436638626512,0.000000,0.000000,1.000000,0.000000
1708598436738722212,0.000000,0.003125,0.996875,0.000000
1708598436838823029,0.000000,0.000000,1.000000,0.000000
1708598436938922305,0.000000,0.000000,1.000000,0.000000
1708598437039028403,0.000000,0.003125,0.996875,0.000000
1708598437139133048,0.000000,0.003135,0.996865,0.000000
1708598437239246009,0.000000,0.003125,0.996875,0.000000
1708598437339357723,0.000000,0.000000,1.000000,0.000000
1708598437439481336,0.000000,0.006231,0.993769,0.000000
1708598437539594267,0.003135,0.000000,0.996865,0.000000
1708598437639703902,0.000000,0.000000,1.000000,0.000000
1708598437739830926,0.000000,0.003125,0.996875,0.000000
1708598437839946546,0.000000,0.003125,0.996875,0.000000
1708598437940071742,0.000000,0.000000,1.000000,0.000000
1708598438040188367,0.000000,0.000000,1.000000,0.000000
1708598438140304363,0.000000,0.000000,1.000000,0.000000
1708598438240413879,0.000000,0.000000,1.000000,0.000000
1708598438340528913,0.000000,0.000000,1.000000,0.000000
1708598438440636458,0.000000,0.000000,1.000000,0.000000
1708598438540738875,0.000000,0.000000,1.000000,0.000000
1708598438640849015,0.000000,0.000000,1.000000,0.000000
1708598438740952968,0.000000,0.000000,1.000000,0.000000
1708598438841056970,0.000000,0.000000,1.000000,0.000000
1708598438941162290,0.000000,0.000000,1.000000,0.000000
1708598439041271904,0.003125,0.000000,0.996875,0.000000
1708598439141423448,0.000000,0.000000,1.000000,0.009464
1708598439241512323,0.000000,0.003135,0.996865,0.000000
1708598439341615115,0.000000,0.000000,1.000000,0.000000
1708598439441719539,0.000000,0.000000,1.000000,0.000000
1708598439541826447,0.000000,0.000000,1.000000,0.000000
1708598439641943939,0.000000,0.000000,1.000000,0.000000
1708598439742046797,0.000000,0.000000,1.000000,0.000000
1708598439842147926,0.000000,0.000000,1.000000,0.000000
1708598439942253854,0.000000,0.000000,1.000000,0.000000
1708598440042361964,0.000000,0.000000,1.000000,0.000000
1708598440142465285,0.000000,0.000000,1.000000,0.000000
1708598440242561220,0.003135,0.000000,0.996865,0.000000
1708598440342669045,0.003145,0.003145,0.993711,0.000000
1708598440442773572,0.040881,0.018868,0.940252,0.000000
1708598440542886030,0.056782,0.047319,0.895899,0.000000
1708598440642999528,0.295238,0.123810,0.580952,0.000000
1708598440743156935,0.253823,0.140673,0.605505,0.000000
1708598440843351622,0.485246,0.111475,0.403279,0.000000
1708598440943512215,0.089172,0.060510,0.850318,0.000000
1708598441043613925,0.180952,0.050794,0.768254,0.000000
1708598441143751451,0.006231,0.028037,0.965732,0.000000
1708598441243861781,0.003125,0.000000,0.996875,0.000000
1708598441343949293,0.022013,0.012579,0.965409,0.000000
1708598441444059811,0.075235,0.040752,0.884013,0.000000
1708598441544161256,0.193443,0.101639,0.704918,0.000000
1708598441644309843,0.156051,0.012739,0.831210,0.000000
1708598441744406706,0.000000,0.003125,0.996875,0.000000
1708598441844520192,0.000000,0.003135,0.996865,0.000000
1708598441944643072,0.000000,0.000000,1.000000,0.000000
1708598442044767774,0.000000,0.003125,0.996875,0.000000
1708598442144888558,0.000000,0.000000,1.000000,0.000000
1708598442245008192,0.000000,0.000000,1.000000,0.000000
1708598442345131367,0.000000,0.003135,0.996865,0.000000
1708598442445266411,0.003106,0.006211,0.990683,0.000000
1708598442545430464,0.000000,0.000000,1.000000,0.000000
1708598442645529751,0.000000,0.000000,1.000000,0.000000
1708598442745645346,0.000000,0.003135,0.996865,0.000000
1708598442845765131,0.000000,0.000000,1.000000,0.000000
1708598442945873361,0.000000,0.000000,1.000000,0.000000
1708598443045985230,0.000000,0.003125,0.996875,0.000000
1708598443146095220,0.000000,0.000000,1.000000,0.000000
1708598443246202292,0.000000,0.000000,1.000000,0.000000
1708598443346305042,0.000000,0.000000,1.000000,0.000000
1708598443446413386,0.000000,0.003135,0.996865,0.000000
1708598443546503875,0.000000,0.003125,0.996875,0.000000
1708598443646614295,0.000000,0.000000,1.000000,0.000000
1708598443746724635,0.000000,0.000000,1.000000,0.000000
1708598443846831698,0.000000,0.000000,1.000000,0.000000
1708598443946929852,0.000000,0.000000,1.000000,0.000000
1708598444047028623,0.000000,0.000000,1.000000,0.000000
1708598444147133558,0.003125,0.000000,0.996875,0.000000
1708598444247223179,0.000000,0.000000,1.000000,0.000000
1708598444347334834,0.015625,0.003125,0.981250,0.000000
1708598444447462866,0.006329,0.003165,0.990506,0.000000
1708598444547576893,0.012579,0.025157,0.962264,0.003145
1708598444647700142,0.028213,0.028213,0.943574,0.003135
1708598444747796012,0.192429,0.053628,0.753943,0.012618
1708598444847934998,0.003185,0.003185,0.993631,0.015924
1708598444948055455,0.009375,0.009375,0.981250,0.000000
1708598445048164492,0.037618,0.018809,0.943574,0.000000
1708598445148272286,0.213213,0.051051,0.735736,0.000000
1708598445248392808,0.006289,0.003145,0.990566,0.000000
1708598445348488504,0.003115,0.003115,0.993769,0.000000
1708598445448596697,0.000000,0.000000,1.000000,0.000000
1708598445548709845,0.000000,0.000000,1.000000,0.000000
1708598445648815265,0.031250,0.015625,0.953125,0.000000
1708598445748956067,0.094044,0.053292,0.852665,0.000000
1708598445849149170,0.106250,0.015625,0.878125,0.000000
1708598445949226122,0.000000,0.000000,1.000000,0.000000
1708598446049341159,0.000000,0.000000,1.000000,0.000000
1708598446149450392,0.165109,0.056075,0.778816,0.000000
1708598446249583380,0.296296,0.087542,0.616162,0.000000
1708598446349640237,0.096026,0.079470,0.824503,0.000000
1708598446449804223,0.080537,0.087248,0.832215,0.000000
1708598446549941230,0.081081,0.091216,0.827703,0.000000
1708598446650064671,0.089404,0.099338,0.811258,0.000000
1708598446750183755,0.071186,0.101695,0.827119,0.000000
1708598446850320191,0.103679,0.127090,0.769231,0.000000
1708598446950495585,0.293930,0.309904,0.396166,0.000000
1708598447050701659,0.584906,0.389937,0.025157,0.000000
1708598447150890175,0.736677,0.250784,0.012539,0.000000
1708598447251094046,0.786164,0.204403,0.009434,0.000000
1708598447351280862,0.786164,0.207547,0.006289,0.000000
1708598447451463880,0.874214,0.122642,0.003145,0.000000
1708598447551674309,0.915361,0.084639,0.000000,0.000000
1708598447651860422,0.900000,0.090625,0.009375,0.000000
1708598447752045683,0.933962,0.059748,0.006289,0.000000
1708598447852218353,0.744615,0.116923,0.138462,0.000000
1708598447952311327,0.041401,0.060510,0.898089,0.000000
1708598448052436615,0.009434,0.003145,0.987421,0.000000
1708598448152560259,0.000000,0.003135,0.996865,0.000000
1708598448252680078,0.000000,0.009375,0.990625,0.000000
1708598448352806758,0.000000,0.003135,0.996865,0.000000
1708598448452945986,0.000000,0.003155,0.996845,0.000000
1708598448553079208,0.000000,0.009404,0.990596,0.000000
1708598448653227337,0.000000,0.006270,0.993730,0.000000
1708598448753339999,0.000000,0.018634,0.981366,0.000000
1708598448853464525,0.003145,0.000000,0.996855,0.000000
1708598448953588080,0.000000,0.006250,0.993750,0.000000
1708598449053711412,0.000000,0.003135,0.996865,0.000000
1708598449153830364,0.000000,0.003125,0.996875,0.000000
1708598449253951626,0.000000,0.000000,1.000000,0.000000
1708598449354070018,0.000000,0.000000,1.000000,0.000000
1708598449454169525,0.000000,0.000000,1.000000,0.000000
1708598449554278156,0.000000,0.000000,1.000000,0.000000
1708598449654376244,0.000000,0.000000,1.000000,0.000000
1708598449754472219,0.000000,0.000000,1.000000,0.000000
1708598449854574160,0.000000,0.000000,1.000000,0.000000
1708598449954680299,0.000000,0.000000,1.000000,0.000000
1708598450054792290,0.000000,0.000000,1.000000,0.000000
1708598450154904732,0.003135,0.000000,0.996865,0.003135
1708598450255005429,0.000000,0.000000,1.000000,0.003145
1708598450355108365,0.000000,0.003135,0.996865,0.003135
1708598450455218099,0.000000,0.003135,0.996865,0.000000
1708598450555327191,0.000000,0.000000,1.000000,0.006309
1708598450655424395,0.000000,0.000000,1.000000,0.000000
1708598450755522605,0.000000,0.003135,0.996865,0.003135
1708598450855629131,0.000000,0.000000,1.000000,0.003145
1708598450955728081,0.000000,0.000000,1.000000,0.003145
1708598451055830088,0.000000,0.003135,0.996865,0.003135
1708598451155926083,0.000000,0.003145,0.996855,0.003145
1708598451256031149,0.000000,0.000000,1.000000,0.003145
1708598451356132861,0.000000,0.000000,1.000000,0.000000
1708598451456236714,0.000000,0.003135,0.996865,0.003135
1708598451556333287,0.000000,0.000000,1.000000,0.006309
1708598451656439910,0.000000,0.000000,1.000000,0.003145
1708598451756543499,0.000000,0.000000,1.000000,0.003145
1708598451856644445,0.000000,0.000000,1.000000,0.003145
1708598451956747393,0.000000,0.000000,1.000000,0.000000
1708598452056848601,0.000000,0.000000,1.000000,0.003145
1708598452156955522,0.000000,0.000000,1.000000,0.003155
1708598452257068310,0.000000,0.000000,1.000000,0.003135
1708598452357170111,0.000000,0.003145,0.996855,0.003145
1708598452457298749,0.000000,0.003125,0.996875,0.003125
1708598452557391030,0.000000,0.000000,1.000000,0.003155
1708598452657490513,0.000000,0.000000,1.000000,0.000000
1708598452757590892,0.000000,0.000000,1.000000,0.000000
1708598452857691724,0.000000,0.000000,1.000000,0.000000
1708598452957794065,0.003125,0.000000,0.996875,0.000000
1708598453057906587,0.100000,0.043750,0.856250,0.000000
1708598453158030430,0.354305,0.076159,0.569536,0.000000
1708598453258178784,0.070707,0.084175,0.845118,0.000000
1708598453358306329,0.065744,0.083045,0.851211,0.000000
1708598453458440113,0.100334,0.080268,0.819398,0.000000
1708598453558591557,0.091525,0.061017,0.847458,0.000000
1708598453658719412,0.079470,0.086093,0.834437,0.000000
1708598453758863633,0.074576,0.074576,0.850847,0.000000
1708598453859019963,0.351613,0.245161,0.403226,0.000000
1708598453959239826,0.598746,0.344828,0.056426,0.000000
1708598454062327046,0.702703,0.270270,0.027027,0.000000
1708598454161513272,0.858491,0.135220,0.006289,0.000000
1708598454261667891,0.914826,0.082019,0.003155,0.000000
1708598454379089196,0.932961,0.058659,0.008380,0.000000
1708598454475057340,0.899083,0.048930,0.051988,0.000000
1708598454574676706,0.143791,0.052288,0.803922,0.000000
1708598454674778375,0.000000,0.006309,0.993691,0.000000
1708598454774895046,0.000000,0.000000,1.000000,0.000000
1708598454875001701,0.000000,0.000000,1.000000,0.000000
1708598454975073550,0.000000,0.003125,0.996875,0.000000
1708598455075209202,0.000000,0.006250,0.993750,0.000000
1708598455175313916,0.000000,0.003135,0.996865,0.000000
1708598455275429057,0.000000,0.006270,0.993730,0.000000
1708598455375538680,0.000000,0.006270,0.993730,0.000000
1708598455475647993,0.000000,0.009375,0.990625,0.000000
1708598455575750572,0.000000,0.006270,0.993730,0.000000
1708598455675861164,0.000000,0.003135,0.996865,0.000000
1708598455775967300,0.000000,0.006250,0.993750,0.000000
1708598455876067029,0.000000,0.000000,1.000000,0.000000
1708598455976168035,0.000000,0.003135,0.996865,0.000000
1708598456076269351,0.000000,0.000000,1.000000,0.000000
1708598456176360548,0.000000,0.003125,0.996875,0.000000
1708598456276458163,0.000000,0.000000,1.000000,0.000000
1708598456376551169,0.000000,0.000000,1.000000,0.000000
1708598456476641612,0.000000,0.000000,1.000000,0.000000
1708598456576726585,0.000000,0.000000,1.000000,0.000000
1708598456676825887,0.000000,0.000000,1.000000,0.000000
1708598456776926304,0.000000,0.000000,1.000000,0.000000
1708598456877021773,0.000000,0.000000,1.000000,0.000000
1708598456977130805,0.000000,0.000000,1.000000,0.000000
1708598457077222590,0.000000,0.000000,1.000000,0.000000
1708598457177311189,0.000000,0.000000,1.000000,0.000000
1708598457277402619,0.000000,0.000000,1.000000,0.000000
1708598457377500078,0.000000,0.000000,1.000000,0.000000
1708598457477588608,0.000000,0.000000,1.000000,0.000000
1708598457577678146,0.000000,0.000000,1.000000,0.000000
1708598457677774017,0.000000,0.000000,1.000000,0.000000
1708598457777867493,0.000000,0.000000,1.000000,0.000000
1708598457877959443,0.000000,0.000000,1.000000,0.000000
1708598457978055523,0.000000,0.000000,1.000000,0.000000
1708598458078143803,0.000000,0.000000,1.000000,0.000000
1708598458178245278,0.000000,0.000000,1.000000,0.000000
1708598458278336716,0.000000,0.000000,1.000000,0.000000
1708598458378431761,0.000000,0.000000,1.000000,0.000000
1708598458478519492,0.000000,0.000000,1.000000,0.000000
1708598458578603496,0.000000,0.000000,1.000000,0.000000
1708598458678696887,0.000000,0.000000,1.000000,0.000000
1708598458778800373,0.000000,0.000000,1.000000,0.000000
1708598458878896095,0.000000,0.000000,1.000000,0.000000
1708598458978993841,0.000000,0.000000,1.000000,0.000000
1708598459079089584,0.003125,0.000000,0.996875,0.000000
1708598459179241520,0.018927,0.015773,0.965300,0.000000
1708598459279405792,0.113208,0.100629,0.786164,0.000000
1708598459379568841,0.317610,0.097484,0.584906,0.000000
1708598459479745800,0.695385,0.030769,0.273846,0.000000
1708598459579881123,0.188272,0.052469,0.759259,0.000000
1708598459679982508,0.000000,0.000000,1.000000,0.000000
1708598459780084859,0.000000,0.000000,1.000000,0.000000
1708598459880181396,0.000000,0.000000,1.000000,0.000000
1708598459980282322,0.000000,0.000000,1.000000,0.000000
1708598460080381078,0.000000,0.000000,1.000000,0.000000
1708598460180482308,0.000000,0.000000,1.000000,0.000000
1708598460280583871,0.000000,0.000000,1.000000,0.000000
1708598460380686536,0.000000,0.003125,0.996875,0.000000
1708598460480784955,0.003135,0.000000,0.996865,0.000000
1708598460580883257,0.000000,0.006289,0.993711,0.000000
1708598460680993480,0.000000,0.000000,1.000000,0.000000
1708598460781094716,0.000000,0.000000,1.000000,0.000000
1708598460881196277,0.000000,0.006250,0.993750,0.000000
1708598460981290743,0.000000,0.003125,0.996875,0.000000
1708598461081382314,0.000000,0.003135,0.996865,0.000000
1708598461181478379,0.000000,0.000000,1.000000,0.000000
1708598461281570073,0.000000,0.000000,1.000000,0.000000
1708598461381665167,0.000000,0.000000,1.000000,0.000000
1708598461481760107,0.003125,0.000000,0.996875,0.000000
1708598461581860667,0.000000,0.000000,1.000000,0.000000
1708598461681957851,0.000000,0.000000,1.000000,0.000000
1708598461782048910,0.000000,0.000000,1.000000,0.000000
1708598461882145905,0.000000,0.000000,1.000000,0.000000
1708598461982238547,0.000000,0.000000,1.000000,0.000000
1708598462082331133,0.000000,0.000000,1.000000,0.000000
1708598462182428643,0.000000,0.000000,1.000000,0.000000
1708598462282529133,0.000000,0.000000,1.000000,0.000000
1708598462382635302,0.000000,0.000000,1.000000,0.000000
1708598462482733606,0.000000,0.000000,1.000000,0.000000
1708598462582825740,0.000000,0.000000,1.000000,0.000000
1708598462682926016,0.000000,0.000000,1.000000,0.000000
1708598462783020395,0.000000,0.000000,1.000000,0.000000
1708598462883118067,0.000000,0.000000,1.000000,0.003145
1708598462983210296,0.000000,0.000000,1.000000,0.003145
1708598463083303578,0.000000,0.000000,1.000000,0.000000
1708598463183403706,0.003145,0.003145,0.993711,0.003145
1708598463283514002,0.025078,0.025078,0.949843,0.003135
1708598463383638964,0.209524,0.019048,0.771429,0.003175
1708598463483768733,0.028662,0.022293,0.949045,0.003185
1708598463583868721,0.034375,0.018750,0.946875,0.000000
1708598463683970577,0.241590,0.015291,0.743119,0.000000
1708598463784083865,0.000000,0.003155,0.996845,0.000000
1708598463884181396,0.034591,0.022013,0.943396,0.000000
1708598463984310265,0.405145,0.090032,0.504823,0.000000
1708598464084443078,0.066890,0.086957,0.846154,0.000000
1708598464184575107,0.086093,0.102649,0.811258,0.000000
1708598464284721753,0.097315,0.097315,0.805369,0.000000
1708598464384853621,0.082474,0.096220,0.821306,0.000000
1708598464484976239,0.090604,0.100671,0.808725,0.000000
1708598464585099020,0.092409,0.089109,0.818482,0.000000
1708598464685241802,0.137255,0.104575,0.758170,0.000000
1708598464785426350,0.549849,0.353474,0.096677,0.000000
1708598464885607950,0.632075,0.352201,0.015723,0.000000
1708598464985793957,0.688679,0.298742,0.012579,0.000000
1708598465103037292,0.792023,0.199430,0.008547,0.000000
1708598465209291912,0.881159,0.113043,0.005797,0.000000
1708598465329242748,0.951351,0.048649,0.000000,0.000000
1708598465421519773,0.927445,0.066246,0.006309,0.000000
1708598465521696762,0.947040,0.046729,0.006231,0.000000
1708598465621890638,0.855799,0.103448,0.040752,0.000000
1708598465722006979,0.170968,0.103226,0.725806,0.000000
1708598465822108638,0.006270,0.003135,0.990596,0.000000
1708598465922207319,0.000000,0.003135,0.996865,0.000000
1708598466022305385,0.003125,0.003125,0.993750,0.000000
1708598466122408159,0.000000,0.009375,0.990625,0.000000
1708598466222515786,0.000000,0.006270,0.993730,0.000000
1708598466322627200,0.000000,0.006270,0.993730,0.000000
1708598466422734784,0.000000,0.009404,0.990596,0.000000
1708598466522850388,0.000000,0.003145,0.996855,0.000000
1708598466622960692,0.000000,0.006270,0.993730,0.000000
1708598466723057095,0.003115,0.006231,0.990654,0.000000
1708598466823173804,0.000000,0.003125,0.996875,0.000000
1708598466923289021,0.000000,0.006250,0.993750,0.000000
1708598467023393814,0.000000,0.003135,0.996865,0.000000
1708598467123502351,0.000000,0.000000,1.000000,0.000000
1708598467223613507,0.000000,0.000000,1.000000,0.000000
1708598467323718667,0.000000,0.000000,1.000000,0.000000
1708598467423821564,0.000000,0.000000,1.000000,0.000000
1708598467523933016,0.000000,0.000000,1.000000,0.000000
1708598467624030568,0.000000,0.000000,1.000000,0.000000
1708598467724129030,0.000000,0.000000,1.000000,0.000000
1708598467824244377,0.000000,0.000000,1.000000,0.000000
1708598467924361322,0.000000,0.000000,1.000000,0.000000
1708598468024457709,0.000000,0.000000,1.000000,0.000000
1708598468124561160,0.000000,0.000000,1.000000,0.000000
1708598468224658569,0.000000,0.000000,1.000000,0.000000
1708598468324757547,0.000000,0.000000,1.000000,0.000000
1708598468424849738,0.000000,0.000000,1.000000,0.000000
1708598468524947720,0.000000,0.000000,1.000000,0.000000
1708598468625053322,0.000000,0.000000,1.000000,0.000000
1708598468725147671,0.000000,0.000000,1.000000,0.000000
1708598468825249775,0.000000,0.000000,1.000000,0.000000
1708598468925376536,0.000000,0.000000,1.000000,0.000000
1708598469025466310,0.000000,0.003125,0.996875,0.000000
1708598469125559773,0.000000,0.000000,1.000000,0.000000
1708598469225650161,0.000000,0.000000,1.000000,0.000000
1708598469325746950,0.000000,0.000000,1.000000,0.000000
1708598469425847706,0.000000,0.000000,1.000000,0.000000
1708598469525946283,0.000000,0.000000,1.000000,0.000000
1708598469626049398,0.000000,0.000000,1.000000,0.000000
1708598469726140884,0.000000,0.000000,1.000000,0.000000
1708598469826250829,0.000000,0.000000,1.000000,0.000000
1708598469926366921,0.000000,0.000000,1.000000,0.000000
1708598470026471715,0.000000,0.000000,1.000000,0.000000
1708598470126581892,0.003125,0.000000,0.996875,0.000000
1708598470226694773,0.000000,0.000000,1.000000,0.000000
1708598470326802458,0.000000,0.000000,1.000000,0.000000
1708598470426907818,0.000000,0.000000,1.000000,0.000000
1708598470527016665,0.000000,0.000000,1.000000,0.000000
1708598470627122404,0.000000,0.000000,1.000000,0.000000
1708598470727212351,0.000000,0.000000,1.000000,0.000000
1708598470827334548,0.000000,0.000000,1.000000,0.000000
1708598470927445077,0.000000,0.000000,1.000000,0.000000
1708598471027552241,0.000000,0.000000,1.000000,0.000000
1708598471127649593,0.000000,0.000000,1.000000,0.000000
1708598471227746521,0.000000,0.003125,0.996875,0.000000
1708598471327837480,0.000000,0.000000,1.000000,0.000000
1708598471427926849,0.000000,0.000000,1.000000,0.000000
1708598471528029415,0.003125,0.000000,0.996875,0.000000
1708598471628134946,0.000000,0.000000,1.000000,0.000000
1708598471728228686,0.000000,0.000000,1.000000,0.000000
1708598471828333076,0.000000,0.000000,1.000000,0.000000
1708598471928430051,0.000000,0.000000,1.000000,0.000000
1708598472028526184,0.000000,0.000000,1.000000,0.000000
1708598472128621438,0.000000,0.000000,1.000000,0.000000
1708598472228718550,0.000000,0.000000,1.000000,0.000000
1708598472328833674,0.000000,0.000000,1.000000,0.000000
1708598472428937790,0.000000,0.000000,1.000000,0.000000
1708598472529034085,0.000000,0.000000,1.000000,0.000000
1708598472629143346,0.000000,0.000000,1.000000,0.000000
1708598472729237013,0.000000,0.000000,1.000000,0.000000
1708598472829384164,0.000000,0.000000,1.000000,0.000000
1708598472929509567,0.000000,0.000000,1.000000,0.000000
1708598473029600625,0.000000,0.000000,1.000000,0.000000
1708598473129698461,0.003125,0.000000,0.996875,0.000000
1708598473229792410,0.000000,0.000000,1.000000,0.000000
1708598473329890635,0.000000,0.000000,1.000000,0.000000
1708598473429981791,0.000000,0.000000,1.000000,0.000000
1708598473530087826,0.000000,0.000000,1.000000,0.000000
1708598473630188033,0.000000,0.000000,1.000000,0.000000
1708598473730290453,0.000000,0.000000,1.000000,0.000000
1708598473830393870,0.000000,0.000000,1.000000,0.000000
1708598473930489422,0.000000,0.000000,1.000000,0.000000
1708598474030587075,0.000000,0.000000,1.000000,0.000000
1708598474130686301,0.000000,0.000000,1.000000,0.000000
1708598474230784169,0.000000,0.000000,1.000000,0.000000
1708598474330881619,0.000000,0.000000,1.000000,0.000000
1708598474430981171,0.000000,0.000000,1.000000,0.000000
1708598474531079604,0.000000,0.000000,1.000000,0.000000
1708598474631176219,0.000000,0.000000,1.000000,0.000000
1708598474731273006,0.000000,0.000000,1.000000,0.000000
1708598474831377133,0.000000,0.000000,1.000000,0.000000
1708598474931471220,0.000000,0.000000,1.000000,0.000000
1708598475031568817,0.000000,0.000000,1.000000,0.000000
1708598475131668115,0.000000,0.000000,1.000000,0.000000
1708598475231769980,0.000000,0.000000,1.000000,0.000000
1708598475331873200,0.000000,0.000000,1.000000,0.000000
1708598475431971411,0.000000,0.000000,1.000000,0.000000
1708598475532073302,0.000000,0.000000,1.000000,0.000000
1708598475632178404,0.003135,0.000000,0.996865,0.000000
1708598475732281397,0.000000,0.000000,1.000000,0.000000
1708598475832393927,0.111111,0.030864,0.858025,0.000000
1708598475932508249,0.325503,0.053691,0.620805,0.000000
1708598476032654619,0.088737,0.068259,0.843003,0.000000
1708598476132789242,0.102649,0.072848,0.824503,0.000000
1708598476232917546,0.088737,0.068259,0.843003,0.000000
1708598476333047618,0.078498,0.081911,0.839590,0.000000
1708598476433187474,0.084746,0.077966,0.837288,0.000000
1708598476533317548,0.105263,0.088816,0.805921,0.000000
1708598476633466197,0.137705,0.173770,0.688525,0.000000
1708598476733628103,0.600000,0.340625,0.059375,0.000000
1708598476866006181,0.674479,0.317708,0.007812,0.000000
1708598476955484833,0.666667,0.323899,0.009434,0.000000
1708598477055684091,0.840625,0.156250,0.003125,0.000000
1708598477155906732,0.909375,0.084375,0.006250,0.000000
1708598477256117957,0.918750,0.078125,0.003125,0.000000
1708598477356329092,0.943574,0.053292,0.003135,0.000000
1708598477456518717,0.925000,0.071875,0.003125,0.000000
1708598477556668540,0.639344,0.101639,0.259016,0.000000
1708598477656802735,0.240964,0.123494,0.635542,0.000000
1708598477756938871,0.046012,0.009202,0.944785,0.000000
1708598477857056808,0.000000,0.006270,0.993730,0.000000
1708598477957183481,0.000000,0.003145,0.996855,0.000000
1708598478057299583,0.000000,0.009346,0.990654,0.000000
1708598478157431119,0.000000,0.009375,0.990625,0.000000
1708598478257536329,0.000000,0.009375,0.990625,0.000000
1708598478357639436,0.000000,0.003145,0.996855,0.000000
1708598478457746788,0.000000,0.003145,0.996855,0.000000
1708598478557852984,0.000000,0.003135,0.996865,0.000000
1708598478657962128,0.000000,0.003135,0.996865,0.000000
1708598478758060335,0.000000,0.003135,0.996865,0.000000
1708598478858180894,0.000000,0.000000,1.000000,0.000000
1708598478958282248,0.000000,0.000000,1.000000,0.000000
1708598479058386806,0.000000,0.000000,1.000000,0.000000
1708598479158531318,0.000000,0.003125,0.996875,0.000000
1708598479258641654,0.000000,0.000000,1.000000,0.000000
1708598479358732310,0.000000,0.000000,1.000000,0.000000
1708598479458859591,0.000000,0.000000,1.000000,0.000000
1708598479558948627,0.000000,0.000000,1.000000,0.000000
1708598479659057958,0.003125,0.000000,0.996875,0.000000
1708598479759162778,0.000000,0.000000,1.000000,0.000000
1708598479859256875,0.000000,0.000000,1.000000,0.000000
1708598479959361536,0.000000,0.000000,1.000000,0.000000
1708598480059463276,0.000000,0.000000,1.000000,0.000000
1708598480159560664,0.000000,0.000000,1.000000,0.000000
1708598480259657277,0.000000,0.000000,1.000000,0.000000
1708598480359753923,0.000000,0.000000,1.000000,0.000000
1708598480459869366,0.000000,0.000000,1.000000,0.000000
1708598480559974281,0.000000,0.000000,1.000000,0.000000
1708598480660090862,0.000000,0.000000,1.000000,0.000000
1708598480760186342,0.000000,0.000000,1.000000,0.000000
1708598480860296631,0.000000,0.003125,0.996875,0.000000
1708598480960406391,0.000000,0.000000,1.000000,0.000000
1708598481060506118,0.000000,0.000000,1.000000,0.000000
1708598481160608972,0.000000,0.000000,1.000000,0.000000
1708598481260712187,0.000000,0.000000,1.000000,0.000000
1708598481360827911,0.000000,0.000000,1.000000,0.000000
1708598481460929508,0.000000,0.000000,1.000000,0.000000
1708598481561030285,0.000000,0.000000,1.000000,0.000000
1708598481661128942,0.000000,0.000000,1.000000,0.000000
1708598481761243918,0.000000,0.000000,1.000000,0.000000
1708598481861374123,0.003115,0.000000,0.996885,0.000000
1708598481961466256,0.000000,0.000000,1.000000,0.000000
1708598482061569123,0.000000,0.000000,1.000000,0.000000
1708598482161668471,0.000000,0.000000,1.000000,0.000000
1708598482261772809,0.000000,0.000000,1.000000,0.000000
1708598482361877517,0.000000,0.000000,1.000000,0.000000
1708598482461985637,0.000000,0.000000,1.000000,0.000000
1708598482562094242,0.000000,0.000000,1.000000,0.000000
1708598482662197729,0.000000,0.000000,1.000000,0.000000
1708598482762296250,0.000000,0.000000,1.000000,0.000000
1708598482862399178,0.000000,0.000000,1.000000,0.000000
1708598482962500828,0.000000,0.000000,1.000000,0.000000
1708598483062601248,0.000000,0.000000,1.000000,0.000000
1708598483162701716,0.000000,0.000000,1.000000,0.000000
1708598483262807475,0.125786,0.037736,0.836478,0.000000
1708598483362957168,0.386441,0.077966,0.535593,0.000000
1708598483463093318,0.059233,0.069686,0.871080,0.000000
1708598483563228977,0.085034,0.074830,0.840136,0.000000
1708598483663354483,0.058419,0.082474,0.859107,0.000000
1708598483763489525,0.071186,0.091525,0.837288,0.000000
1708598483863622754,0.068966,0.072414,0.858621,0.000000
1708598483963765161,0.090000,0.073333,0.836667,0.000000
1708598484063925983,0.310231,0.270627,0.419142,0.000000
1708598484164147668,0.613208,0.361635,0.025157,0.000000
1708598484264359636,0.658307,0.329154,0.012539,0.000000
1708598484364560133,0.750000,0.246875,0.003125,0.000000
1708598484464771107,0.852665,0.141066,0.006270,0.000000
1708598484564965076,0.909375,0.087500,0.003125,0.000000
1708598484665175152,0.925234,0.074766,0.000000,0.000000
1708598484777343436,0.902235,0.094972,0.002793,0.000000
1708598484873503061,0.890625,0.090625,0.018750,0.000000
1708598484973672987,0.622581,0.116129,0.261290,0.000000
1708598485073829253,0.094463,0.078176,0.827362,0.000000
1708598485173932219,0.000000,0.006309,0.993691,0.000000
1708598485274045999,0.028125,0.012500,0.959375,0.000000
1708598485374154053,0.402597,0.077922,0.519481,0.000000
1708598485474279412,0.082474,0.092784,0.824742,0.000000
1708598485574421210,0.080268,0.107023,0.812709,0.000000
1708598485674605675,0.080808,0.090909,0.828283,0.000000
1708598485774737742,0.085324,0.081911,0.832765,0.000000
1708598485874895139,0.068966,0.079310,0.851724,0.000000
1708598485975062075,0.057627,0.088136,0.854237,0.000000
1708598486075252043,0.139535,0.136213,0.724252,0.000000
1708598486175424473,0.553459,0.380503,0.066038,0.000000
1708598486275617303,0.632911,0.351266,0.015823,0.000000
1708598486375820882,0.695925,0.294671,0.009404,0.000000
1708598486476051877,0.774295,0.213166,0.012539,0.000000
1708598486576240611,0.884013,0.112853,0.003135,0.000000
1708598486676448626,0.909375,0.087500,0.003125,0.000000
1708598486777716795,0.921212,0.072727,0.006061,0.000000
1708598486877527525,0.925234,0.071651,0.003115,0.000000
1708598486977723046,0.815047,0.106583,0.078370,0.000000
1708598487077897323,0.252308,0.138462,0.609231,0.000000
1708598487178064680,0.075949,0.022152,0.901899,0.000000
1708598487278169153,0.003115,0.018692,0.978193,0.000000
1708598487378279588,0.000000,0.003145,0.996855,0.000000
1708598487478374198,0.000000,0.006270,0.993730,0.000000
1708598487578467073,0.000000,0.006250,0.993750,0.000000
1708598487678569400,0.000000,0.006250,0.993750,0.000000
1708598487778664652,0.000000,0.000000,1.000000,0.000000
1708598487878761577,0.000000,0.003135,0.996865,0.000000
1708598487978861642,0.000000,0.003125,0.996875,0.000000
1708598488078967836,0.000000,0.003135,0.996865,0.000000
1708598488179075269,0.000000,0.000000,1.000000,0.000000
1708598488279174520,0.000000,0.003125,0.996875,0.000000
1708598488379282092,0.000000,0.000000,1.000000,0.000000
1708598488479394453,0.000000,0.000000,1.000000,0.000000
1708598488579490253,0.000000,0.000000,1.000000,0.000000
1708598488679595350,0.000000,0.000000,1.000000,0.000000
1708598488779692451,0.000000,0.000000,1.000000,0.000000
1708598488879800812,0.000000,0.000000,1.000000,0.000000
1708598488979908496,0.000000,0.000000,1.000000,0.000000
1708598489080006733,0.000000,0.000000,1.000000,0.000000
1708598489180114643,0.000000,0.000000,1.000000,0.000000
1708598489280208165,0.000000,0.000000,1.000000,0.000000
1708598489380307340,0.000000,0.000000,1.000000,0.000000
1708598489480403435,0.000000,0.000000,1.000000,0.000000
1708598489580498632,0.000000,0.000000,1.000000,0.000000
1708598489680590042,0.000000,0.000000,1.000000,0.000000
1708598489780688740,0.000000,0.000000,1.000000,0.000000
1708598489880783998,0.000000,0.000000,1.000000,0.000000
1708598489980886273,0.000000,0.000000,1.000000,0.000000
1708598490080982757,0.000000,0.000000,1.000000,0.000000
1708598490181087990,0.000000,0.000000,1.000000,0.000000
1708598490281188744,0.000000,0.000000,1.000000,0.000000
1708598490381288859,0.000000,0.000000,1.000000,0.000000
1708598490481382062,0.000000,0.000000,1.000000,0.000000
1708598490581482111,0.000000,0.000000,1.000000,0.000000
1708598490681579869,0.000000,0.000000,1.000000,0.000000
1708598490781678979,0.000000,0.000000,1.000000,0.000000
1708598490881778488,0.003125,0.003125,0.993750,0.000000
1708598490981883283,0.000000,0.000000,1.000000,0.000000
1708598491081976638,0.000000,0.000000,1.000000,0.000000
1708598491182082856,0.000000,0.000000,1.000000,0.000000
1708598491282176492,0.000000,0.000000,1.000000,0.000000
1708598491382272991,0.000000,0.000000,1.000000,0.000000
1708598491482369803,0.000000,0.000000,1.000000,0.000000
1708598491582470212,0.000000,0.000000,1.000000,0.000000
1708598491682565259,0.000000,0.000000,1.000000,0.000000
1708598491782665180,0.000000,0.000000,1.000000,0.000000
1708598491882760747,0.000000,0.000000,1.000000,0.000000
1708598491982856718,0.000000,0.000000,1.000000,0.000000
1708598492082952401,0.000000,0.000000,1.000000,0.000000
1708598492183057452,0.000000,0.000000,1.000000,0.000000
1708598492283149816,0.000000,0.000000,1.000000,0.000000
1708598492383264518,0.078616,0.037736,0.883648,0.000000
1708598492483372587,0.334405,0.077170,0.588424,0.000000
1708598492583514227,0.081356,0.077966,0.840678,0.000000
1708598492683668126,0.058824,0.083045,0.858131,0.000000
1708598492783792858,0.085911,0.058419,0.855670,0.000000
1708598492883911339,0.090604,0.070470,0.838926,0.000000
1708598492984052313,0.070234,0.090301,0.839465,0.000000
1708598493084178396,0.086667,0.076667,0.836667,0.000000
1708598493184342593,0.238562,0.209150,0.552288,0.000000
1708598493284533249,0.584906,0.371069,0.044025,0.000000
1708598493384735135,0.711599,0.275862,0.012539,0.000000
1708598493484923053,0.742138,0.251572,0.006289,0.000000
1708598493585094125,0.804416,0.189274,0.006309,0.000000
1708598493685296606,0.901493,0.092537,0.005970,0.000000
1708598493785491310,0.915094,0.081761,0.003145,0.000000
1708598493885655799,0.909657,0.084112,0.006231,0.000000
1708598493986930846,0.921384,0.069182,0.009434,0.000000
1708598494086721353,0.581325,0.108434,0.310241,0.003012
1708598494186808790,0.247706,0.085627,0.666667,0.000000
1708598494286855337,0.000000,0.000000,1.000000,0.000000
1708598494386999446,0.012579,0.012579,0.974843,0.000000
1708598494487106436,0.341137,0.090301,0.568562,0.000000
1708598494587241436,0.105085,0.105085,0.789831,0.000000
1708598494687388221,0.076923,0.073427,0.849650,0.000000
1708598494787575777,0.089109,0.105611,0.805281,0.000000
1708598494887688644,0.085246,0.095082,0.819672,0.000000
1708598494987829599,0.081911,0.071672,0.846416,0.000000
1708598495087968077,0.080537,0.077181,0.842282,0.000000
1708598495188129145,0.270627,0.184818,0.544554,0.000000
1708598495288279223,0.628205,0.310897,0.060897,0.000000
1708598495388514426,0.691589,0.295950,0.012461,0.000000
1708598495488695114,0.761006,0.232704,0.006289,0.000000
1708598495588883046,0.757098,0.214511,0.028391,0.000000
1708598495689066500,0.875000,0.121875,0.003125,0.000000
1708598495789301134,0.930931,0.066066,0.003003,0.000000
1708598495889492981,0.905660,0.088050,0.006289,0.000000
1708598495989951751,0.934375,0.062500,0.003125,0.000000
1708598496090019451,0.531773,0.110368,0.357860,0.000000
1708598496190111505,0.250804,0.131833,0.617363,0.000000
1708598496290237173,0.006309,0.006309,0.987382,0.000000
1708598496390363552,0.000000,0.003145,0.996855,0.000000
1708598496490473741,0.093168,0.043478,0.863354,0.000000
1708598496590585871,0.359736,0.072607,0.567657,0.000000
1708598496690725897,0.077181,0.093960,0.828859,0.000000
1708598496790863391,0.068027,0.088435,0.843537,0.000000
1708598496890990478,0.061856,0.085911,0.852234,0.000000
1708598496991136610,0.086667,0.083333,0.830000,0.000000
1708598497091278605,0.078689,0.091803,0.829508,0.000000
1708598497191421777,0.073333,0.080000,0.846667,0.000000
1708598497291567960,0.167742,0.145161,0.687097,0.000000
1708598497391752378,0.544025,0.389937,0.066038,0.000000
1708598497491971860,0.654088,0.339623,0.006289,0.000000
1708598497592165348,0.698113,0.289308,0.012579,0.000000
1708598497692354215,0.783699,0.206897,0.009404,0.000000
1708598497792540866,0.909091,0.090909,0.000000,0.000000
1708598497892748775,0.906250,0.093750,0.000000,0.000000
1708598497993555277,0.936937,0.060060,0.003003,0.000000
1708598498093513343,0.950000,0.050000,0.000000,0.000000
1708598498193730508,0.875000,0.106250,0.018750,0.000000
1708598498293868478,0.335443,0.167722,0.496835,0.000000
1708598498393961878,0.009554,0.012739,0.977707,0.000000
1708598498494087040,0.000000,0.009375,0.990625,0.000000
1708598498594195565,0.000000,0.009375,0.990625,0.000000
