Time,User,Kernel,Idle,IoWait
1708693814713592488,0.105263,0.000000,0.894737,0.000000
1708693814816724942,0.000000,0.000000,1.000000,0.000000
1708693814915778959,0.300000,0.050000,0.650000,0.000000
1708693815015857671,0.125000,0.187500,0.687500,0.000000
1708693815116303789,0.157895,0.263158,0.578947,0.000000
1708693815216251191,0.058824,0.058824,0.882353,0.000000
1708693815316304653,0.157895,0.368421,0.473684,0.000000
1708693815416419483,0.578947,0.368421,0.052632,0.000000
1708693815516522264,0.550000,0.400000,0.050000,0.000000
1708693815616623910,0.600000,0.350000,0.050000,0.000000
1708693815716731135,0.736842,0.263158,0.000000,0.000000
1708693815816828365,0.857143,0.142857,0.000000,0.000000
1708693815916926211,0.789474,0.210526,0.000000,0.000000
1708693816016954780,0.950000,0.050000,0.000000,0.000000
1708693816117031318,0.850000,0.150000,0.000000,0.000000
1708693816217132490,0.950000,0.050000,0.000000,0.000000
1708693816324027691,0.826087,0.173913,0.000000,0.000000
1708693816421882957,1.000000,0.000000,0.000000,0.117647
1708693816521983594,0.083333,0.166667,0.750000,0.583333
1708693816622036785,0.133333,0.066667,0.800000,0.333333
1708693816722119646,0.000000,0.000000,1.000000,0.000000
1708693816822139977,0.000000,0.000000,1.000000,0.000000
1708693816922241368,0.000000,0.000000,1.000000,0.000000
1708693817022318559,0.000000,0.000000,1.000000,0.000000
1708693817122365151,0.000000,0.052632,0.947368,0.000000
1708693817222634573,0.368421,0.105263,0.526316,0.000000
1708693817322680442,0.421053,0.526316,0.052632,0.000000
1708693817422784095,0.368421,0.631579,0.000000,0.000000
1708693817522876406,0.700000,0.300000,0.000000,0.000000
1708693817622972912,0.750000,0.250000,0.000000,0.000000
1708693817723053697,0.700000,0.300000,0.000000,0.000000
1708693817823158861,0.750000,0.250000,0.000000,0.000000
1708693817923254578,0.684211,0.263158,0.052632,0.000000
1708693818023350622,0.904762,0.095238,0.000000,0.000000
1708693818123444907,0.894737,0.105263,0.000000,0.000000
1708693818223531676,0.850000,0.150000,0.000000,0.000000
1708693818323623273,0.950000,0.050000,0.000000,0.000000
1708693818423725636,0.850000,0.150000,0.000000,0.000000
1708693818523852487,0.850000,0.100000,0.050000,0.000000
1708693818624183141,0.368421,0.052632,0.578947,0.000000
1708693818724222015,0.000000,0.052632,0.947368,0.000000
1708693818824328012,0.000000,0.000000,1.000000,0.000000
1708693818924422125,0.000000,0.000000,1.000000,0.000000
1708693819024526435,0.052632,0.000000,0.947368,0.000000
1708693819125615219,0.222222,0.111111,0.666667,0.000000
1708693819225579256,0.470588,0.470588,0.058824,0.000000
1708693819325667255,0.411765,0.588235,0.000000,0.000000
1708693819425848563,0.681818,0.272727,0.045455,0.000000
1708693819525968548,0.473684,0.526316,0.000000,0.000000
1708693819626424707,0.578947,0.421053,0.000000,0.000000
1708693819726459499,0.666667,0.333333,0.000000,0.000000
1708693819826595672,0.631579,0.368421,0.000000,0.000000
1708693819928430563,0.500000,0.500000,0.000000,0.000000
1708693820028345240,0.750000,0.250000,0.000000,0.000000
1708693820128364704,0.850000,0.150000,0.000000,0.000000
1708693820229854682,0.900000,0.100000,0.000000,0.000000
1708693820329916225,0.857143,0.142857,0.000000,0.000000
1708693820429916890,0.850000,0.150000,0.000000,0.000000
1708693820529964163,0.850000,0.150000,0.000000,0.000000
1708693820630119038,0.650000,0.200000,0.150000,0.000000
1708693820730232985,0.210526,0.105263,0.684211,0.000000
1708693820830342387,0.000000,0.052632,0.947368,0.000000
1708693820930570528,0.000000,0.000000,1.000000,0.000000
1708693821030568748,0.000000,0.000000,1.000000,0.000000
1708693821130717116,0.000000,0.000000,1.000000,0.000000
1708693821230822632,0.000000,0.000000,1.000000,0.000000
1708693821330922655,0.000000,0.000000,1.000000,0.000000
1708693821431044173,0.000000,0.000000,1.000000,0.000000
1708693821531127908,0.000000,0.000000,1.000000,0.000000
1708693821631169067,0.000000,0.000000,1.000000,0.000000
1708693821731306864,0.000000,0.000000,1.000000,0.000000
1708693821831417808,0.000000,0.000000,1.000000,0.000000
1708693821931513299,0.000000,0.000000,1.000000,0.000000
1708693822031573051,0.000000,0.000000,1.000000,0.000000
1708693822131717110,0.000000,0.000000,1.000000,0.000000
1708693822231812195,0.000000,0.000000,1.000000,0.000000
1708693822331909565,0.000000,0.000000,1.000000,0.000000
1708693822431965881,0.000000,0.000000,1.000000,0.000000
1708693822532108942,0.000000,0.000000,1.000000,0.000000
1708693822632255976,0.000000,0.000000,1.000000,0.000000
1708693822732310017,0.000000,0.000000,1.000000,0.000000
1708693822832361622,0.000000,0.000000,1.000000,0.000000
1708693822932526108,0.000000,0.050000,0.950000,0.000000
1708693823032635814,0.000000,0.000000,1.000000,0.000000
1708693823132804360,0.000000,0.000000,1.000000,0.000000
1708693823232846829,0.000000,0.000000,1.000000,0.000000
1708693823332926724,0.000000,0.000000,1.000000,0.000000
1708693823433136732,0.000000,0.000000,1.000000,0.000000
1708693823533146008,0.000000,0.000000,1.000000,0.000000
1708693823633283502,0.000000,0.000000,1.000000,0.000000
1708693823733381656,0.000000,0.000000,1.000000,0.000000
1708693823833476866,0.047619,0.047619,0.904762,0.000000
1708693823933595098,0.000000,0.000000,1.000000,0.000000
1708693824033656708,0.000000,0.000000,1.000000,0.000000
1708693824133771049,0.000000,0.000000,1.000000,0.000000
1708693824233818071,0.000000,0.000000,1.000000,0.000000
1708693824333913086,0.000000,0.000000,1.000000,0.000000
1708693824434028037,0.000000,0.000000,1.000000,0.000000
1708693824534107761,0.000000,0.000000,1.000000,0.000000
1708693824634233930,0.000000,0.000000,1.000000,0.000000
1708693824734329360,0.000000,0.000000,1.000000,0.000000
1708693824834427446,0.000000,0.000000,1.000000,0.000000
1708693824934599830,0.000000,0.000000,1.000000,0.000000
1708693825034622015,0.000000,0.000000,1.000000,0.000000
1708693825134739553,0.000000,0.000000,1.000000,0.000000
1708693825234834675,0.000000,0.000000,1.000000,0.000000
1708693825334938750,0.000000,0.000000,1.000000,0.000000
1708693825435036852,0.000000,0.000000,1.000000,0.000000
1708693825535135893,0.000000,0.000000,1.000000,0.000000
1708693825635242213,0.000000,0.000000,1.000000,0.000000
1708693825735290116,0.000000,0.000000,1.000000,0.000000
1708693825835433602,0.000000,0.000000,1.000000,0.000000
1708693825935504258,0.000000,0.000000,1.000000,0.000000
1708693826035570532,0.000000,0.000000,1.000000,0.000000
1708693826135709343,0.000000,0.000000,1.000000,0.000000
1708693826235767832,0.000000,0.000000,1.000000,0.000000
1708693826335847629,0.000000,0.000000,1.000000,0.000000
1708693826435977795,0.000000,0.000000,1.000000,0.000000
1708693826536041442,0.000000,0.000000,1.000000,0.000000
1708693826636129888,0.000000,0.000000,1.000000,0.000000
1708693826736229548,0.000000,0.000000,1.000000,0.000000
1708693826836301955,0.000000,0.000000,1.000000,0.000000
1708693826936373931,0.000000,0.000000,1.000000,0.000000
1708693827036451822,0.000000,0.000000,1.000000,0.000000
1708693827136574196,0.000000,0.000000,1.000000,0.000000
1708693827236660779,0.000000,0.000000,1.000000,0.000000
1708693827336691506,0.000000,0.000000,1.000000,0.000000
1708693827436829855,0.000000,0.000000,1.000000,0.000000
1708693827536945323,0.000000,0.000000,1.000000,0.000000
1708693827637059716,0.000000,0.000000,1.000000,0.000000
1708693827737167390,0.000000,0.000000,1.000000,0.000000
1708693827837256461,0.000000,0.050000,0.950000,0.000000
1708693827937301448,0.000000,0.000000,1.000000,0.000000
1708693828037375522,0.000000,0.000000,1.000000,0.000000
1708693828137443518,0.000000,0.000000,1.000000,0.000000
1708693828237508612,0.000000,0.000000,1.000000,0.000000
1708693828337561952,0.000000,0.000000,1.000000,0.000000
1708693828437678724,0.000000,0.000000,1.000000,0.000000
1708693828537764399,0.000000,0.000000,1.000000,0.000000
1708693828637835662,0.000000,0.000000,1.000000,0.000000
1708693828737881074,0.000000,0.000000,1.000000,0.000000
1708693828837975224,0.000000,0.000000,1.000000,0.000000
1708693828938020767,0.000000,0.000000,1.000000,0.000000
1708693829038107211,0.000000,0.000000,1.000000,0.000000
1708693829138152785,0.000000,0.000000,1.000000,0.000000
1708693829238242875,0.000000,0.000000,1.000000,0.000000
1708693829338336527,0.000000,0.000000,1.000000,0.000000
1708693829438440609,0.000000,0.000000,1.000000,0.000000
1708693829538491274,0.000000,0.000000,1.000000,0.000000
1708693829638613551,0.000000,0.000000,1.000000,0.000000
1708693829738714825,0.000000,0.000000,1.000000,0.000000
1708693829838753374,0.000000,0.000000,1.000000,0.000000
1708693829938821566,0.000000,0.000000,1.000000,0.000000
1708693830038921238,0.000000,0.000000,1.000000,0.000000
1708693830139018311,0.100000,0.050000,0.850000,0.000000
1708693830239143273,0.526316,0.210526,0.263158,0.000000
1708693830339273242,0.526316,0.421053,0.052632,0.000000
1708693830439381487,0.700000,0.300000,0.000000,0.000000
1708693830539473036,0.736842,0.263158,0.000000,0.000000
1708693830639580944,0.666667,0.333333,0.000000,0.000000
1708693830739700100,0.700000,0.300000,0.000000,0.000000
1708693830839821896,0.947368,0.052632,0.000000,0.000000
1708693830939886205,0.850000,0.150000,0.000000,0.000000
1708693831039999281,0.904762,0.095238,0.000000,0.000000
1708693831140086478,0.947368,0.052632,0.000000,0.000000
1708693831240201019,0.850000,0.150000,0.000000,0.000000
1708693831340341494,0.809524,0.095238,0.095238,0.000000
1708693831440401674,0.736842,0.105263,0.157895,0.000000
1708693831540552743,0.166667,0.055556,0.777778,0.000000
1708693831640651314,0.000000,0.050000,0.950000,0.000000
1708693831740707084,0.000000,0.000000,1.000000,0.000000
1708693831840862235,0.000000,0.000000,1.000000,0.000000
1708693831940967807,0.105263,0.052632,0.842105,0.000000
1708693832041050115,0.294118,0.058824,0.647059,0.000000
1708693832141181121,0.312500,0.625000,0.062500,0.000000
1708693832241326908,0.473684,0.421053,0.105263,0.000000
1708693832341443890,0.500000,0.400000,0.100000,0.000000
1708693832441565961,0.700000,0.300000,0.000000,0.000000
1708693832541652556,0.684211,0.263158,0.052632,0.000000
1708693832641773484,0.666667,0.333333,0.000000,0.000000
1708693832741906387,0.900000,0.100000,0.000000,0.000000
1708693832842015142,0.900000,0.100000,0.000000,0.000000
1708693832942108450,0.850000,0.150000,0.000000,0.000000
1708693833042239329,0.900000,0.100000,0.000000,0.000000
1708693833142353488,0.900000,0.100000,0.000000,0.000000
1708693833242437230,0.800000,0.150000,0.050000,0.000000
1708693833342552826,0.700000,0.100000,0.200000,0.000000
1708693833442725374,0.100000,0.000000,0.900000,0.000000
1708693833542777624,0.000000,0.000000,1.000000,0.000000
1708693833642806688,0.000000,0.000000,1.000000,0.000000
1708693833742901434,0.000000,0.000000,1.000000,0.000000
