Time,User,Kernel,Idle,IoWait
1708693814720063289,0.052632,0.052632,0.894737,0.000000
1708693814820067718,0.150000,0.050000,0.800000,0.000000
1708693814920197170,0.157895,0.052632,0.789474,0.000000
1708693815020283260,0.263158,0.368421,0.368421,0.000000
1708693815120394832,0.166667,0.166667,0.666667,0.000000
1708693815220470494,0.052632,0.210526,0.736842,0.000000
1708693815320610834,0.473684,0.210526,0.315789,0.000000
1708693815420728742,0.500000,0.300000,0.200000,0.000000
1708693815520794908,0.789474,0.210526,0.000000,0.000000
1708693815620942520,0.523810,0.428571,0.047619,0.000000
1708693815721049115,0.900000,0.100000,0.000000,0.000000
1708693815821114374,0.857143,0.142857,0.000000,0.000000
1708693815921183959,0.900000,0.100000,0.000000,0.000000
1708693816021342105,0.900000,0.100000,0.000000,0.000000
1708693816121474905,0.950000,0.050000,0.000000,0.000000
1708693816221520702,0.850000,0.150000,0.000000,0.000000
1708693816321604118,0.800000,0.200000,0.000000,0.000000
1708693816421730713,0.473684,0.105263,0.421053,0.000000
1708693816521793532,0.050000,0.050000,0.900000,0.000000
1708693816621859959,0.000000,0.000000,1.000000,0.000000
1708693816721963902,0.000000,0.000000,1.000000,0.000000
1708693816822056823,0.000000,0.050000,0.950000,0.000000
1708693816922147920,0.000000,0.000000,1.000000,0.000000
1708693817022171002,0.000000,0.000000,1.000000,0.000000
1708693817122307935,0.000000,0.000000,1.000000,0.000000
1708693817222392167,0.277778,0.000000,0.722222,0.000000
1708693817322501956,0.222222,0.333333,0.444444,0.000000
1708693817422722790,0.210526,0.526316,0.263158,0.000000
1708693817522836823,0.300000,0.300000,0.400000,0.000000
1708693817622970135,0.550000,0.350000,0.100000,0.000000
1708693817722996024,0.600000,0.300000,0.100000,0.000000
1708693817823107126,0.611111,0.333333,0.055556,0.000000
1708693817923245515,0.761905,0.238095,0.000000,0.000000
1708693818023385800,0.850000,0.150000,0.000000,0.000000
1708693818123434790,0.789474,0.210526,0.000000,0.000000
1708693818223542003,0.850000,0.150000,0.000000,0.000000
1708693818323663538,0.952381,0.047619,0.000000,0.000000
1708693818423771294,0.789474,0.052632,0.157895,0.000000
1708693818523882916,0.700000,0.200000,0.100000,0.000000
1708693818623964488,0.833333,0.000000,0.166667,0.000000
1708693818723995769,0.000000,0.052632,0.947368,0.000000
1708693818824096219,0.000000,0.000000,1.000000,0.000000
1708693818924201575,0.000000,0.000000,1.000000,0.000000
1708693819024254391,0.047619,0.047619,0.904762,0.000000
1708693819124345155,0.222222,0.055556,0.722222,0.000000
1708693819224491859,0.500000,0.214286,0.285714,0.000000
1708693819324687238,0.421053,0.526316,0.052632,0.000000
1708693819424786835,0.700000,0.300000,0.000000,0.000000
1708693819524885157,0.700000,0.300000,0.000000,0.000000
1708693819625025506,0.750000,0.250000,0.000000,0.000000
1708693819725139688,0.714286,0.285714,0.000000,0.000000
1708693819825274305,0.800000,0.200000,0.000000,0.000000
1708693819925400988,0.950000,0.050000,0.000000,0.000000
1708693820025451173,0.850000,0.150000,0.000000,0.000000
1708693820125605371,0.952381,0.047619,0.000000,0.000000
1708693820225733732,0.900000,0.100000,0.000000,0.000000
1708693820325865946,0.888889,0.055556,0.055556,0.000000
1708693820425924686,0.700000,0.150000,0.150000,0.000000
1708693820525991677,0.052632,0.000000,0.947368,0.000000
1708693820626108477,0.000000,0.000000,1.000000,0.000000
1708693820726216019,0.000000,0.000000,1.000000,0.000000
1708693820826308732,0.000000,0.000000,1.000000,0.000000
1708693820926414782,0.000000,0.000000,1.000000,0.000000
1708693821026448710,0.000000,0.000000,1.000000,0.000000
1708693821126527184,0.000000,0.000000,1.000000,0.000000
1708693821226586870,0.000000,0.000000,1.000000,0.000000
1708693821326668597,0.000000,0.000000,1.000000,0.000000
1708693821426757884,0.000000,0.000000,1.000000,0.000000
1708693821526778099,0.000000,0.000000,1.000000,0.000000
1708693821626865863,0.000000,0.000000,1.000000,0.000000
1708693821726964928,0.000000,0.000000,1.000000,0.000000
1708693821827048096,0.000000,0.050000,0.950000,0.000000
1708693821927134265,0.000000,0.000000,1.000000,0.000000
1708693822027207359,0.000000,0.000000,1.000000,0.000000
1708693822127252703,0.000000,0.000000,1.000000,0.000000
1708693822227334097,0.000000,0.000000,1.000000,0.000000
1708693822327402960,0.000000,0.000000,1.000000,0.000000
1708693822427496686,0.000000,0.000000,1.000000,0.000000
1708693822527573898,0.000000,0.000000,1.000000,0.000000
1708693822627679925,0.000000,0.000000,1.000000,0.000000
1708693822727721574,0.000000,0.000000,1.000000,0.000000
1708693822827810200,0.000000,0.000000,1.000000,0.000000
1708693822927896813,0.000000,0.000000,1.000000,0.000000
1708693823027983425,0.000000,0.000000,1.000000,0.000000
1708693823128073001,0.000000,0.000000,1.000000,0.000000
1708693823228160578,0.000000,0.000000,1.000000,0.000000
1708693823328248916,0.000000,0.000000,1.000000,0.000000
1708693823428327770,0.000000,0.000000,1.000000,0.000000
1708693823528420756,0.000000,0.000000,1.000000,0.000000
1708693823628502132,0.000000,0.050000,0.950000,0.000000
1708693823728600358,0.000000,0.000000,1.000000,0.000000
1708693823828673365,0.000000,0.000000,1.000000,0.000000
1708693823928736891,0.000000,0.000000,1.000000,0.000000
1708693824028789959,0.000000,0.000000,1.000000,0.000000
1708693824128878413,0.000000,0.000000,1.000000,0.000000
1708693824228953565,0.000000,0.000000,1.000000,0.000000
1708693824329025445,0.000000,0.000000,1.000000,0.000000
1708693824429117001,0.000000,0.000000,1.000000,0.000000
1708693824529185999,0.000000,0.000000,1.000000,0.000000
1708693824629251473,0.000000,0.000000,1.000000,0.000000
1708693824729307159,0.000000,0.000000,1.000000,0.000000
1708693824829385778,0.000000,0.000000,1.000000,0.000000
1708693824929449022,0.000000,0.000000,1.000000,0.000000
1708693825029515899,0.000000,0.000000,1.000000,0.000000
1708693825129585012,0.000000,0.000000,1.000000,0.000000
1708693825229648934,0.000000,0.000000,1.000000,0.000000
1708693825329722297,0.000000,0.000000,1.000000,0.000000
1708693825429798507,0.000000,0.000000,1.000000,0.000000
1708693825529845626,0.000000,0.000000,1.000000,0.000000
1708693825629946629,0.000000,0.000000,1.000000,0.000000
1708693825729965674,0.000000,0.000000,1.000000,0.000000
1708693825830061171,0.000000,0.000000,1.000000,0.000000
1708693825930136561,0.000000,0.000000,1.000000,0.000000
1708693826030225022,0.000000,0.000000,1.000000,0.000000
1708693826130310506,0.000000,0.000000,1.000000,0.000000
1708693826230398073,0.000000,0.000000,1.000000,0.000000
1708693826330475307,0.000000,0.000000,1.000000,0.000000
1708693826430527334,0.000000,0.000000,1.000000,0.000000
1708693826530582431,0.000000,0.000000,1.000000,0.000000
1708693826630689089,0.000000,0.000000,1.000000,0.000000
1708693826730769672,0.000000,0.000000,1.000000,0.000000
1708693826830855003,0.000000,0.000000,1.000000,0.000000
1708693826930930388,0.000000,0.000000,1.000000,0.000000
1708693827030986030,0.000000,0.000000,1.000000,0.000000
1708693827131058324,0.000000,0.000000,1.000000,0.000000
1708693827231121029,0.000000,0.000000,1.000000,0.000000
1708693827331192396,0.000000,0.000000,1.000000,0.000000
1708693827431250500,0.000000,0.000000,1.000000,0.000000
1708693827531348502,0.000000,0.000000,1.000000,0.000000
1708693827631384911,0.000000,0.000000,1.000000,0.000000
1708693827731450850,0.000000,0.000000,1.000000,0.000000
1708693827831544635,0.000000,0.000000,1.000000,0.000000
1708693827931586432,0.000000,0.000000,1.000000,0.000000
1708693828031687762,0.000000,0.000000,1.000000,0.000000
1708693828131717438,0.000000,0.000000,1.000000,0.000000
1708693828231786448,0.000000,0.000000,1.000000,0.000000
1708693828331878886,0.000000,0.000000,1.000000,0.000000
1708693828431961611,0.000000,0.000000,1.000000,0.000000
1708693828531979292,0.000000,0.000000,1.000000,0.000000
1708693828632083569,0.000000,0.000000,1.000000,0.000000
1708693828732159402,0.000000,0.000000,1.000000,0.000000
1708693828832244317,0.000000,0.000000,1.000000,0.000000
1708693828932333841,0.000000,0.000000,1.000000,0.000000
1708693829032419005,0.000000,0.000000,1.000000,0.000000
1708693829132452540,0.000000,0.000000,1.000000,0.000000
1708693829232551538,0.000000,0.000000,1.000000,0.000000
1708693829332624493,0.000000,0.000000,1.000000,0.000000
1708693829432699858,0.000000,0.050000,0.950000,0.000000
1708693829532797722,0.000000,0.000000,1.000000,0.000000
1708693829632894124,0.000000,0.000000,1.000000,0.000000
1708693829732971827,0.000000,0.000000,1.000000,0.000000
1708693829833058956,0.000000,0.000000,1.000000,0.000000
1708693829933105317,0.000000,0.000000,1.000000,0.000000
1708693830033179873,0.000000,0.000000,1.000000,0.000000
1708693830133281643,0.105263,0.052632,0.842105,0.000000
1708693830233360998,0.473684,0.263158,0.263158,0.000000
1708693830333515603,0.411765,0.411765,0.176471,0.000000
1708693830433605490,0.578947,0.368421,0.052632,0.000000
1708693830533676089,0.650000,0.350000,0.000000,0.000000
1708693830633793794,0.714286,0.285714,0.000000,0.000000
1708693830733869873,0.736842,0.263158,0.000000,0.000000
1708693830834017256,0.800000,0.200000,0.000000,0.000000
1708693830934079317,0.904762,0.095238,0.000000,0.000000
1708693831034234140,0.947368,0.052632,0.000000,0.000000
1708693831134353393,0.857143,0.142857,0.000000,0.000000
1708693831234441464,0.850000,0.150000,0.000000,0.000000
1708693831334584345,0.850000,0.100000,0.050000,0.000000
1708693831434684792,0.789474,0.210526,0.000000,0.000000
1708693831534804432,0.210526,0.000000,0.789474,0.000000
1708693831634862178,0.000000,0.055556,0.944444,0.000000
1708693831734936888,0.000000,0.050000,0.950000,0.000000
1708693831835038032,0.000000,0.000000,1.000000,0.000000
1708693831935139762,0.052632,0.000000,0.947368,0.000000
1708693832035244542,0.470588,0.117647,0.411765,0.000000
1708693832135376939,0.411765,0.470588,0.117647,0.000000
1708693832235479806,0.526316,0.315789,0.157895,0.000000
1708693832335617674,0.684211,0.315789,0.000000,0.000000
1708693832435720178,0.500000,0.450000,0.050000,0.000000
1708693832535852297,0.650000,0.300000,0.050000,0.000000
1708693832635996466,0.736842,0.263158,0.000000,0.000000
1708693832736099697,0.900000,0.100000,0.000000,0.000000
1708693832836217985,0.900000,0.100000,0.000000,0.000000
1708693832936340155,0.950000,0.050000,0.000000,0.000000
1708693833036454933,0.850000,0.150000,0.000000,0.000000
1708693833136573612,0.900000,0.100000,0.000000,0.000000
1708693833236690709,0.900000,0.100000,0.000000,0.000000
1708693833336792101,0.473684,0.210526,0.315789,0.000000
1708693833436883961,0.047619,0.095238,0.857143,0.000000
1708693833536975974,0.000000,0.000000,1.000000,0.000000
1708693833637071530,0.000000,0.000000,1.000000,0.000000
1708693833737094022,0.000000,0.000000,1.000000,0.000000
1708693833837191934,0.000000,0.000000,1.000000,0.000000
