Time,User,Kernel,Idle,IoWait
1707464035410598710,0.263158,0.052632,0.684211,0.000000
1707464035510710418,0.000000,0.000000,1.000000,0.000000
1707464035610806813,0.380952,0.000000,0.619048,0.000000
1707464035710914447,0.000000,0.052632,0.947368,0.000000
1707464035811035834,0.055556,0.055556,0.888889,0.000000
1707464035911131578,0.117647,0.176471,0.705882,0.000000
1707464036011267728,0.000000,0.055556,0.944444,0.000000
1707464036111383706,0.100000,0.150000,0.750000,0.000000
1707464036211482178,0.105263,0.052632,0.842105,0.000000
1707464036311620208,0.571429,0.285714,0.142857,0.000000
1707464036411742522,0.700000,0.250000,0.050000,0.000000
1707464036511863010,0.947368,0.000000,0.052632,0.000000
1707464036611986596,0.904762,0.095238,0.000000,0.000000
1707464036712110784,0.850000,0.150000,0.000000,0.000000
1707464036812234983,0.750000,0.250000,0.000000,0.000000
1707464036912346893,0.600000,0.250000,0.150000,0.000000
1707464037012463547,0.600000,0.300000,0.100000,0.000000
1707464037112580822,0.950000,0.050000,0.000000,0.000000
1707464037212702759,0.947368,0.052632,0.000000,0.000000
1707464037312819249,0.600000,0.000000,0.400000,0.000000
1707464037412926434,0.000000,0.000000,1.000000,0.000000
1707464037513034412,0.050000,0.050000,0.900000,0.000000
1707464037613135957,0.000000,0.000000,1.000000,0.000000
1707464037713219450,0.000000,0.000000,1.000000,0.000000
1707464037813298988,0.100000,0.100000,0.800000,0.000000
1707464037913416101,0.095238,0.000000,0.904762,0.000000
1707464038013547357,0.050000,0.050000,0.900000,0.000000
1707464038113641614,0.000000,0.052632,0.947368,0.000000
1707464038213749179,0.300000,0.050000,0.650000,0.000000
1707464038313869600,0.350000,0.050000,0.600000,0.000000
1707464038414011238,0.200000,0.200000,0.600000,0.000000
1707464038514116761,0.055556,0.222222,0.722222,0.000000
1707464038614232701,0.105263,0.157895,0.736842,0.000000
1707464038714338247,0.300000,0.100000,0.600000,0.000000
1707464038814441037,0.700000,0.250000,0.050000,0.000000
1707464038914564523,0.714286,0.285714,0.000000,0.000000
1707464039014685367,0.600000,0.400000,0.000000,0.000000
1707464039114806734,0.650000,0.350000,0.000000,0.000000
1707464039214937704,0.900000,0.100000,0.000000,0.000000
1707464039315053322,1.000000,0.000000,0.000000,0.000000
1707464039415169756,0.950000,0.050000,0.000000,0.000000
1707464039515291176,0.950000,0.050000,0.000000,0.000000
1707464039615405046,0.950000,0.050000,0.000000,0.000000
1707464039715515126,1.000000,0.000000,0.000000,0.000000
1707464039815627115,0.100000,0.100000,0.800000,0.000000
1707464039915752532,0.157895,0.052632,0.789474,0.000000
1707464040015844684,0.150000,0.000000,0.850000,0.000000
1707464040115951885,0.050000,0.050000,0.900000,0.000000
1707464040216049497,0.090909,0.045455,0.863636,0.000000
1707464040316149442,0.277778,0.055556,0.666667,0.000000
1707464040416262519,0.190476,0.047619,0.761905,0.000000
1707464040516371887,0.375000,0.250000,0.375000,0.000000
1707464040616447084,0.111111,0.444444,0.444444,0.000000
1707464040716549770,0.600000,0.300000,0.100000,0.000000
1707464040816682586,0.600000,0.400000,0.000000,0.000000
1707464040916798862,0.476190,0.523810,0.000000,0.000000
1707464041016913870,0.684211,0.315789,0.000000,0.000000
1707464041117030227,0.650000,0.350000,0.000000,0.000000
1707464041217147140,0.904762,0.095238,0.000000,0.000000
1707464041317270117,0.950000,0.050000,0.000000,0.000000
1707464041417385668,1.000000,0.000000,0.000000,0.000000
1707464041517472511,0.952381,0.047619,0.000000,0.000000
1707464041617596039,0.950000,0.050000,0.000000,0.000000
1707464041717711782,0.700000,0.050000,0.250000,0.000000
1707464041817816166,0.095238,0.000000,0.904762,0.000000
1707464041917950835,0.100000,0.200000,0.700000,0.000000
1707464042018043500,0.000000,0.000000,1.000000,0.000000
1707464042118139205,0.000000,0.000000,1.000000,0.000000
1707464042218202046,0.000000,0.000000,1.000000,0.000000
1707464042318276635,0.000000,0.000000,1.000000,0.000000
1707464042418368620,0.210526,0.105263,0.684211,0.000000
1707464042518491185,0.388889,0.000000,0.611111,0.000000
1707464042618604327,0.263158,0.526316,0.210526,0.000000
1707464042718727015,0.235294,0.411765,0.352941,0.000000
1707464042818849893,0.600000,0.300000,0.100000,0.000000
1707464042918971004,0.571429,0.238095,0.190476,0.000000
1707464043019091412,0.947368,0.052632,0.000000,0.000000
1707464043119209030,0.947368,0.052632,0.000000,0.000000
1707464043219346088,0.947368,0.000000,0.052632,0.000000
1707464043319459863,0.136364,0.045455,0.818182,0.000000
1707464043419664049,0.052632,0.052632,0.894737,0.000000
1707464043519799461,0.150000,0.050000,0.800000,0.000000
1707464043619931405,0.578947,0.263158,0.157895,0.000000
1707464043720075526,0.700000,0.250000,0.050000,0.000000
1707464043820203488,0.800000,0.100000,0.100000,0.000000
1707464043920340895,0.950000,0.050000,0.000000,0.000000
1707464044020475076,0.904762,0.000000,0.095238,0.000000
1707464044120498402,0.222222,0.000000,0.777778,0.000000
1707464044220638385,0.000000,0.000000,1.000000,0.000000
1707464044320717666,0.150000,0.150000,0.700000,0.000000
1707464044420838891,0.050000,0.000000,0.950000,0.000000
1707464044520941968,0.050000,0.000000,0.950000,0.000000
1707464044621039099,0.047619,0.047619,0.904762,0.000000
1707464044721150974,0.052632,0.105263,0.842105,0.000000
1707464044821258668,0.315789,0.052632,0.631579,0.000000
1707464044921432301,0.437500,0.437500,0.125000,0.000000
1707464045021463670,0.352941,0.352941,0.294118,0.000000
1707464045121600080,0.600000,0.300000,0.100000,0.000000
1707464045221724420,0.600000,0.300000,0.100000,0.000000
1707464045321841437,0.800000,0.200000,0.000000,0.000000
1707464045421902612,0.947368,0.052632,0.000000,0.000000
1707464045522038367,0.850000,0.150000,0.000000,0.000000
1707464045622124540,0.809524,0.190476,0.000000,0.000000
1707464045722258422,0.894737,0.105263,0.000000,0.000000
1707464045822372588,0.950000,0.050000,0.000000,0.000000
1707464045922481247,0.950000,0.050000,0.000000,0.000000
1707464046022604271,0.900000,0.100000,0.000000,0.000000
1707464046122711316,0.428571,0.000000,0.571429,0.000000
1707464046222885838,0.052632,0.000000,0.947368,0.000000
1707464046322903179,0.000000,0.050000,0.950000,0.000000
1707464046423025003,0.000000,0.000000,1.000000,0.000000
1707464046523087778,0.000000,0.000000,1.000000,0.000000
1707464046623305984,0.052632,0.105263,0.842105,0.000000
1707464046723405015,0.400000,0.050000,0.550000,0.000000
1707464046826596294,0.428571,0.428571,0.142857,0.000000
1707464046925716540,0.444444,0.277778,0.277778,0.000000
1707464047025862480,0.550000,0.450000,0.000000,0.000000
1707464047125998646,0.650000,0.300000,0.050000,0.000000
1707464047226181768,0.750000,0.250000,0.000000,0.000000
1707464047326312927,0.571429,0.428571,0.000000,0.000000
1707464047426456340,0.900000,0.100000,0.000000,0.000000
1707464047526588447,1.000000,0.000000,0.000000,0.000000
1707464047626733930,0.950000,0.050000,0.000000,0.000000
1707464047726870793,1.000000,0.000000,0.000000,0.000000
1707464047827009929,0.952381,0.047619,0.000000,0.000000
1707464047927150421,0.850000,0.100000,0.050000,0.000000
1707464048027170397,0.150000,0.050000,0.800000,0.000000
1707464048127308194,0.105263,0.157895,0.736842,0.000000
1707464048227405449,0.000000,0.000000,1.000000,0.000000
1707464048327512027,0.000000,0.000000,1.000000,0.000000
1707464048427567235,0.000000,0.000000,1.000000,0.000000
1707464048527664626,0.052632,0.000000,0.947368,0.000000
1707464048627802068,0.380952,0.047619,0.571429,0.000000
1707464048727924278,0.437500,0.312500,0.250000,0.000000
1707464048830242678,0.277778,0.611111,0.111111,0.000000
1707464048929641407,0.619048,0.333333,0.047619,0.000000
1707464049029762640,0.736842,0.263158,0.000000,0.000000
1707464049129895911,0.809524,0.190476,0.000000,0.000000
1707464049230023309,0.800000,0.200000,0.000000,0.000000
1707464049330148727,0.894737,0.105263,0.000000,0.000000
1707464049430270620,0.952381,0.047619,0.000000,0.000000
1707464049530392583,1.000000,0.000000,0.000000,0.000000
1707464049630517444,0.952381,0.047619,0.000000,0.000000
1707464049730651871,1.000000,0.000000,0.000000,0.000000
1707464049830766091,0.800000,0.100000,0.100000,0.000000
1707464049930894203,0.100000,0.000000,0.900000,0.000000
1707464050030991841,0.055556,0.055556,0.888889,0.000000
1707464050131107897,0.050000,0.050000,0.900000,0.000000
1707464050234641527,0.142857,0.047619,0.809524,0.000000
1707464050333603666,0.050000,0.000000,0.950000,0.000000
1707464050433708088,0.052632,0.052632,0.894737,0.000000
1707464050533829062,0.050000,0.000000,0.950000,0.000000
1707464050633934846,0.200000,0.050000,0.750000,0.000000
1707464050734050554,0.526316,0.052632,0.421053,0.000000
1707464050834172549,0.294118,0.705882,0.000000,0.000000
1707464050934282167,0.388889,0.500000,0.111111,0.000000
1707464051034407011,0.600000,0.400000,0.000000,0.000000
1707464051134528100,0.619048,0.333333,0.047619,0.000000
1707464051234648571,0.700000,0.300000,0.000000,0.000000
1707464051338849231,0.666667,0.333333,0.000000,0.000000
1707464051437607800,0.900000,0.100000,0.000000,0.000000
1707464051537740741,0.947368,0.052632,0.000000,0.000000
1707464051637853655,0.952381,0.047619,0.000000,0.000000
1707464051737974248,1.000000,0.000000,0.000000,0.000000
1707464051838095222,0.947368,0.052632,0.000000,0.000000
1707464051938219470,0.950000,0.050000,0.000000,0.000000
1707464052038320738,0.200000,0.050000,0.750000,0.000000
1707464052138422086,0.100000,0.200000,0.700000,0.000000
1707464052238508640,0.000000,0.000000,1.000000,0.000000
1707464052338605323,0.000000,0.000000,1.000000,0.000000
1707464052438671905,0.000000,0.000000,1.000000,0.000000
1707464052538735320,0.000000,0.000000,1.000000,0.000000
1707464052638818462,0.333333,0.047619,0.619048,0.000000
1707464052738927056,0.411765,0.117647,0.470588,0.000000
1707464052839134516,0.312500,0.562500,0.125000,0.000000
1707464052939238973,0.500000,0.300000,0.200000,0.000000
1707464053039369062,0.550000,0.450000,0.000000,0.000000
1707464053139488014,0.700000,0.300000,0.000000,0.000000
1707464053239632000,0.684211,0.315789,0.000000,0.000000
1707464053339749244,0.800000,0.200000,0.000000,0.000000
1707464053439874197,0.950000,0.050000,0.000000,0.000000
1707464053539998358,1.000000,0.000000,0.000000,0.000000
1707464053640125805,0.904762,0.095238,0.000000,0.000000
1707464053740258400,1.000000,0.000000,0.000000,0.000000
1707464053840383855,1.000000,0.000000,0.000000,0.000000
1707464053940512687,0.684211,0.000000,0.315789,0.000000
1707464054040618301,0.100000,0.150000,0.750000,0.000000
1707464054140727291,0.000000,0.000000,1.000000,0.000000
1707464054240795944,0.000000,0.000000,1.000000,0.000000
1707464054340862691,0.000000,0.000000,1.000000,0.000000
1707464054440938267,0.000000,0.000000,1.000000,0.000000
1707464054540999760,0.000000,0.000000,1.000000,0.000000
1707464054641090738,0.095238,0.047619,0.857143,0.000000
1707464054741218797,0.250000,0.050000,0.700000,0.000000
1707464054841352920,0.470588,0.176471,0.352941,0.000000
1707464054941478637,0.263158,0.473684,0.263158,0.000000
1707464055041570022,0.550000,0.250000,0.200000,0.000000
1707464055141701637,0.600000,0.400000,0.000000,0.000000
1707464055241838333,0.684211,0.315789,0.000000,0.000000
1707464055341953165,0.600000,0.400000,0.000000,0.000000
1707464055442075198,0.571429,0.428571,0.000000,0.000000
1707464055542196871,0.950000,0.050000,0.000000,0.000000
1707464055642323141,1.000000,0.000000,0.000000,0.000000
1707464055742445089,1.000000,0.000000,0.000000,0.000000
1707464055842565852,0.904762,0.095238,0.000000,0.000000
1707464055942689730,0.950000,0.050000,0.000000,0.000000
1707464056042814932,0.800000,0.000000,0.200000,0.000000
1707464056142905663,0.095238,0.095238,0.809524,0.000000
1707464056243015970,0.000000,0.111111,0.888889,0.000000
1707464056343100679,0.000000,0.000000,1.000000,0.000000
1707464056443166173,0.000000,0.000000,1.000000,0.000000
1707464056543227021,0.000000,0.000000,1.000000,0.000000
1707464056643297939,0.000000,0.000000,1.000000,0.000000
1707464056743367459,0.000000,0.000000,1.000000,0.000000
1707464056843447453,0.000000,0.000000,1.000000,0.000000
1707464056943506475,0.000000,0.000000,1.000000,0.000000
1707464057043580146,0.000000,0.000000,1.000000,0.000000
1707464057143644801,0.000000,0.000000,1.000000,0.000000
1707464057243718652,0.000000,0.000000,1.000000,0.000000
1707464057343780479,0.000000,0.000000,1.000000,0.000000
1707464057443850638,0.000000,0.000000,1.000000,0.000000
1707464057543919315,0.000000,0.000000,1.000000,0.428571
1707464057643980600,0.000000,0.000000,1.000000,1.000000
1707464057744061907,0.000000,0.000000,1.000000,0.818182
1707464057844143645,0.000000,0.000000,1.000000,0.727273
1707464057944256622,0.000000,0.083333,0.916667,0.666667
1707464058044361129,0.000000,0.000000,1.000000,0.538462
1707464058144460667,0.000000,0.000000,1.000000,0.000000
1707464058244529038,0.000000,0.000000,1.000000,0.000000
1707464058344591140,0.000000,0.000000,1.000000,0.000000
1707464058444658674,0.000000,0.000000,1.000000,0.000000
1707464058544721696,0.000000,0.000000,1.000000,0.000000
1707464058644787729,0.000000,0.000000,1.000000,0.000000
1707464058744856752,0.000000,0.000000,1.000000,0.000000
1707464058844930326,0.000000,0.000000,1.000000,0.000000
1707464058944995552,0.000000,0.000000,1.000000,0.000000
1707464059045067103,0.000000,0.000000,1.000000,0.000000
1707464059145131906,0.000000,0.000000,1.000000,0.000000
1707464059245201645,0.000000,0.000000,1.000000,0.000000
1707464059345268530,0.000000,0.000000,1.000000,0.000000
1707464059445360611,0.000000,0.000000,1.000000,0.000000
1707464059545418232,0.000000,0.000000,1.000000,0.000000
1707464059645441292,0.000000,0.050000,0.950000,0.000000
1707464059745574026,0.000000,0.000000,1.000000,0.000000
1707464059845630002,0.000000,0.000000,1.000000,0.000000
1707464059945698927,0.000000,0.000000,1.000000,0.000000
1707464060045762309,0.000000,0.000000,1.000000,0.000000
1707464060145831305,0.000000,0.000000,1.000000,0.000000
1707464060245895632,0.000000,0.000000,1.000000,0.000000
1707464060345967989,0.000000,0.000000,1.000000,0.000000
1707464060446046812,0.000000,0.000000,1.000000,0.000000
1707464060546107420,0.000000,0.000000,1.000000,0.000000
1707464060646172463,0.000000,0.000000,1.000000,0.000000
1707464060746244310,0.000000,0.000000,1.000000,0.000000
1707464060846314331,0.000000,0.000000,1.000000,0.000000
1707464060946382600,0.000000,0.000000,1.000000,0.000000
1707464061046462720,0.000000,0.000000,1.000000,0.000000
1707464061146533749,0.000000,0.000000,1.000000,0.000000
1707464061246600072,0.000000,0.000000,1.000000,0.000000
1707464061346669818,0.000000,0.000000,1.000000,0.000000
1707464061446732851,0.000000,0.000000,1.000000,0.000000
1707464061546798323,0.000000,0.000000,1.000000,0.000000
1707464061646868701,0.000000,0.000000,1.000000,0.000000
1707464061746933268,0.000000,0.000000,1.000000,0.000000
1707464061846997850,0.000000,0.000000,1.000000,0.000000
1707464061947067912,0.000000,0.000000,1.000000,0.000000
1707464062047130377,0.000000,0.000000,1.000000,0.000000
1707464062147200522,0.000000,0.000000,1.000000,0.000000
1707464062247263364,0.000000,0.000000,1.000000,0.000000
1707464062347334043,0.000000,0.000000,1.000000,0.000000
1707464062447400118,0.000000,0.000000,1.000000,0.000000
1707464062547471398,0.000000,0.000000,1.000000,0.000000
1707464062647536035,0.000000,0.000000,1.000000,0.000000
1707464062747614326,0.000000,0.000000,1.000000,0.000000
1707464062847682661,0.000000,0.000000,1.000000,0.000000
1707464062947746380,0.000000,0.000000,1.000000,0.000000
1707464063047809974,0.000000,0.000000,1.000000,0.000000
1707464063147881134,0.000000,0.000000,1.000000,0.187500
1707464063247999210,0.000000,0.083333,0.916667,0.833333
1707464063348096317,0.000000,0.000000,1.000000,1.000000
1707464063448160728,0.000000,0.083333,0.916667,0.833333
1707464063548272013,0.000000,0.000000,1.000000,0.727273
1707464063648361863,0.000000,0.000000,1.000000,1.000000
1707464063748433303,0.000000,0.000000,1.000000,0.818182
1707464063848548172,0.000000,0.000000,1.000000,0.357143
1707464063948665540,0.047619,0.000000,0.952381,0.000000
1707464064048770635,0.000000,0.000000,1.000000,0.000000
1707464064148825255,0.000000,0.000000,1.000000,0.000000
1707464064248894274,0.000000,0.000000,1.000000,0.000000
1707464064348964004,0.000000,0.000000,1.000000,0.000000
1707464064449035329,0.000000,0.000000,1.000000,0.000000
1707464064549100616,0.000000,0.000000,1.000000,0.000000
1707464064649169459,0.000000,0.000000,1.000000,0.000000
1707464064749236726,0.000000,0.000000,1.000000,0.000000
1707464064849306603,0.000000,0.000000,1.000000,0.000000
1707464064949372851,0.000000,0.000000,1.000000,0.000000
1707464065049453760,0.000000,0.000000,1.000000,0.000000
1707464065149523818,0.000000,0.000000,1.000000,0.000000
1707464065249585500,0.000000,0.000000,1.000000,0.000000
1707464065349664994,0.000000,0.000000,1.000000,0.000000
1707464065449734249,0.000000,0.000000,1.000000,0.000000
1707464065549798021,0.000000,0.000000,1.000000,0.000000
1707464065649864819,0.000000,0.000000,1.000000,0.000000
1707464065749936987,0.000000,0.000000,1.000000,0.000000
1707464065850005719,0.000000,0.000000,1.000000,0.000000
1707464065950069884,0.000000,0.000000,1.000000,0.000000
1707464066050135488,0.000000,0.000000,1.000000,0.000000
1707464066150206843,0.000000,0.000000,1.000000,0.000000
1707464066250271158,0.000000,0.000000,1.000000,0.000000
1707464066350336228,0.000000,0.000000,1.000000,0.000000
1707464066450407483,0.000000,0.000000,1.000000,0.000000
1707464066550478032,0.000000,0.000000,1.000000,0.000000
1707464066650540154,0.000000,0.000000,1.000000,0.000000
1707464066750612357,0.000000,0.000000,1.000000,0.000000
1707464066850680391,0.000000,0.000000,1.000000,0.000000
1707464066950749033,0.000000,0.000000,1.000000,0.000000
1707464067050814589,0.000000,0.000000,1.000000,0.000000
1707464067150885021,0.000000,0.000000,1.000000,0.000000
1707464067250951940,0.000000,0.000000,1.000000,0.000000
1707464067351015414,0.000000,0.000000,1.000000,0.000000
1707464067451086687,0.000000,0.000000,1.000000,0.000000
1707464067551149232,0.000000,0.000000,1.000000,0.000000
1707464067651213044,0.000000,0.000000,1.000000,0.000000
1707464067751277896,0.000000,0.000000,1.000000,0.000000
1707464067851342031,0.000000,0.000000,1.000000,0.000000
1707464067951409608,0.000000,0.000000,1.000000,0.000000
1707464068051474986,0.000000,0.047619,0.952381,0.000000
1707464068151545716,0.000000,0.000000,1.000000,0.000000
1707464068251608479,0.000000,0.000000,1.000000,0.000000
1707464068351691095,0.000000,0.000000,1.000000,0.000000
1707464068451750241,0.000000,0.000000,1.000000,0.000000
1707464068551815010,0.000000,0.000000,1.000000,0.000000
