Time,User,Kernel,Idle,IoWait
1707474076532096871,0.300000,0.050000,0.650000,0.000000
1707474076632210520,0.333333,0.055556,0.611111,0.000000
1707474076732320821,0.333333,0.600000,0.066667,0.000000
1707474076832424592,0.300000,0.250000,0.450000,0.000000
1707474076932547828,0.600000,0.300000,0.100000,0.000000
1707474077032662448,0.700000,0.200000,0.100000,0.000000
1707474077132780478,1.000000,0.000000,0.000000,0.000000
1707474077232896878,0.894737,0.105263,0.000000,0.000000
1707474077333016157,0.714286,0.285714,0.000000,0.000000
1707474077433131802,0.789474,0.210526,0.000000,0.000000
1707474077533367516,0.571429,0.285714,0.142857,0.000000
1707474077633481731,0.750000,0.200000,0.050000,0.000000
1707474077733612329,1.000000,0.000000,0.000000,0.000000
1707474077833755125,0.857143,0.095238,0.047619,0.000000
1707474077933771709,0.300000,0.000000,0.700000,0.000000
1707474078033891293,0.050000,0.100000,0.850000,0.000000
1707474078133985441,0.000000,0.000000,1.000000,0.000000
1707474078234058139,0.000000,0.000000,1.000000,0.000000
1707474078334125856,0.000000,0.000000,1.000000,0.000000
1707474078434200668,0.000000,0.000000,1.000000,0.000000
1707474078534305632,0.315789,0.052632,0.631579,0.000000
1707474078634610986,0.529412,0.176471,0.294118,0.000000
1707474078734686438,0.368421,0.473684,0.157895,0.000000
1707474078834791656,0.600000,0.300000,0.100000,0.000000
1707474078934936710,0.800000,0.200000,0.000000,0.000000
1707474079035306548,0.600000,0.400000,0.000000,0.000000
1707474079135371355,0.650000,0.300000,0.050000,0.000000
1707474079235508069,0.800000,0.200000,0.000000,0.000000
1707474079335650660,0.904762,0.095238,0.000000,0.000000
1707474079435789886,0.947368,0.052632,0.000000,0.000000
1707474079535923579,1.000000,0.000000,0.000000,0.000000
1707474079636054956,0.952381,0.047619,0.000000,0.000000
1707474079736084980,0.900000,0.050000,0.050000,0.000000
1707474079836312283,0.350000,0.050000,0.600000,0.000000
1707474079936313703,0.055556,0.111111,0.833333,0.000000
1707474080036428813,0.000000,0.000000,1.000000,0.000000
1707474080136478912,0.000000,0.000000,1.000000,0.000000
1707474080236554167,0.000000,0.000000,1.000000,0.000000
1707474080336624886,0.000000,0.000000,1.000000,0.000000
1707474080436718761,0.263158,0.052632,0.684211,0.000000
1707474080536971118,0.562500,0.062500,0.375000,0.000000
1707474080637014186,0.421053,0.473684,0.105263,0.000000
1707474080737125427,0.631579,0.263158,0.105263,0.000000
1707474080837250127,0.631579,0.368421,0.000000,0.000000
1707474080937375389,0.809524,0.190476,0.000000,0.000000
1707474081037507484,0.700000,0.300000,0.000000,0.000000
1707474081137635099,0.842105,0.157895,0.000000,0.000000
1707474081237756028,1.000000,0.000000,0.000000,0.000000
1707474081337876699,1.000000,0.000000,0.000000,0.000000
1707474081437997460,0.952381,0.047619,0.000000,0.000000
1707474081538107996,1.000000,0.000000,0.000000,0.000000
1707474081638230219,0.842105,0.052632,0.105263,0.000000
1707474081738298588,0.100000,0.150000,0.750000,0.000000
1707474081838401297,0.050000,0.050000,0.900000,0.000000
1707474081938430571,0.000000,0.000000,1.000000,0.000000
1707474082038509722,0.000000,0.000000,1.000000,0.000000
1707474082138577744,0.000000,0.000000,1.000000,0.000000
1707474082238665173,0.000000,0.000000,1.000000,0.000000
1707474082338729087,0.000000,0.000000,1.000000,0.000000
1707474082438794455,0.047619,0.000000,0.952381,0.000000
1707474082538906689,0.210526,0.000000,0.789474,0.000000
1707474082640100717,0.350000,0.100000,0.550000,0.000000
1707474082739924352,0.444444,0.444444,0.111111,0.000000
1707474082840034686,0.333333,0.333333,0.333333,0.000000
1707474082940157886,0.750000,0.150000,0.100000,0.000000
1707474083040284551,0.666667,0.333333,0.000000,0.000000
1707474083140410384,0.700000,0.300000,0.000000,0.000000
1707474083240530819,0.842105,0.157895,0.000000,0.000000
1707474083340659495,0.857143,0.142857,0.000000,0.000000
1707474083440786467,1.000000,0.000000,0.000000,0.000000
1707474083540911632,0.952381,0.047619,0.000000,0.000000
1707474083641037045,1.000000,0.000000,0.000000,0.000000
1707474083741164597,0.900000,0.100000,0.000000,0.000000
1707474083843631566,0.857143,0.095238,0.047619,0.000000
1707474083942970964,0.105263,0.105263,0.789474,0.000000
1707474084043063874,0.000000,0.052632,0.947368,0.000000
1707474084143157499,0.000000,0.000000,1.000000,0.000000
1707474084243220237,0.000000,0.000000,1.000000,0.000000
1707474084343286478,0.000000,0.000000,1.000000,0.000000
1707474084443354999,0.000000,0.000000,1.000000,0.000000
1707474084543456877,0.210526,0.105263,0.684211,0.000000
1707474084643566106,0.444444,0.111111,0.444444,0.000000
1707474084743692080,0.294118,0.588235,0.117647,0.000000
1707474084843824498,0.523810,0.285714,0.190476,0.000000
1707474084943929964,0.684211,0.315789,0.000000,0.000000
1707474085044061031,0.800000,0.200000,0.000000,0.000000
1707474085144166253,0.850000,0.150000,0.000000,0.000000
1707474085244294282,0.900000,0.100000,0.000000,0.000000
1707474085344402092,0.952381,0.047619,0.000000,0.000000
1707474085444520955,0.947368,0.052632,0.000000,0.000000
1707474085544635049,0.950000,0.050000,0.000000,0.000000
1707474085644752012,0.950000,0.050000,0.000000,0.000000
1707474085744869571,0.952381,0.047619,0.000000,0.000000
1707474085844986362,0.500000,0.000000,0.500000,0.000000
1707474085945033806,0.142857,0.095238,0.761905,0.000000
1707474086045139430,0.200000,0.050000,0.750000,0.000000
1707474086145240326,0.000000,0.052632,0.947368,0.000000
1707474086245344399,0.095238,0.047619,0.857143,0.000000
1707474086345433919,0.000000,0.000000,1.000000,0.000000
1707474086445534220,0.150000,0.100000,0.750000,0.000000
1707474086545638868,0.450000,0.050000,0.500000,0.000000
1707474086645737293,0.333333,0.500000,0.166667,0.000000
1707474086745860996,0.150000,0.200000,0.650000,0.000000
1707474086846016067,0.473684,0.473684,0.052632,0.000000
1707474086946129539,0.650000,0.350000,0.000000,0.000000
1707474087046258298,0.666667,0.285714,0.047619,0.000000
1707474087146380530,0.789474,0.210526,0.000000,0.000000
1707474087246450211,0.700000,0.300000,0.000000,0.000000
1707474087346590620,1.000000,0.000000,0.000000,0.000000
1707474087446715517,1.000000,0.000000,0.000000,0.000000
1707474087546851735,0.952381,0.047619,0.000000,0.000000
1707474087646966248,1.000000,0.000000,0.000000,0.000000
1707474087747094175,0.950000,0.050000,0.000000,0.000000
1707474087847205597,0.263158,0.052632,0.684211,0.000000
1707474087947292775,0.150000,0.150000,0.700000,0.000000
1707474088047371997,0.000000,0.000000,1.000000,0.000000
1707474088147458406,0.000000,0.000000,1.000000,0.000000
1707474088247518766,0.000000,0.000000,1.000000,0.000000
1707474088347590407,0.000000,0.000000,1.000000,0.000000
1707474088447670946,0.190476,0.000000,0.809524,0.000000
1707474088547918974,0.315789,0.000000,0.684211,0.000000
1707474088648077547,0.466667,0.266667,0.266667,0.000000
1707474088748210510,0.411765,0.470588,0.117647,0.000000
1707474088848317881,0.571429,0.380952,0.047619,0.000000
1707474088948443915,0.684211,0.315789,0.000000,0.000000
1707474089048578680,0.650000,0.350000,0.000000,0.000000
1707474089148726254,0.736842,0.263158,0.000000,0.000000
1707474089248833481,0.809524,0.190476,0.000000,0.000000
1707474089348964126,0.950000,0.050000,0.000000,0.000000
1707474089449100699,1.000000,0.000000,0.000000,0.000000
1707474089549220702,1.000000,0.000000,0.000000,0.000000
1707474089649346747,0.947368,0.052632,0.000000,0.000000
1707474089749465408,0.904762,0.095238,0.000000,0.000000
1707474089849566041,0.210526,0.000000,0.789474,0.000000
1707474089949662442,0.142857,0.142857,0.714286,0.000000
1707474090049751077,0.000000,0.000000,1.000000,0.000000
1707474090149834544,0.000000,0.000000,1.000000,0.000000
1707474090249905548,0.000000,0.000000,1.000000,0.000000
1707474090349969585,0.000000,0.000000,1.000000,0.000000
1707474090450053004,0.315789,0.000000,0.684211,0.000000
1707474090550197167,0.411765,0.117647,0.470588,0.000000
1707474090650325003,0.388889,0.500000,0.111111,0.000000
1707474090750435600,0.578947,0.368421,0.052632,0.000000
1707474090850565205,0.600000,0.350000,0.050000,0.000000
1707474090951693507,0.714286,0.285714,0.000000,0.000000
1707474091051480972,0.619048,0.380952,0.000000,0.000000
1707474091151605006,0.700000,0.300000,0.000000,0.000000
1707474091251725267,1.000000,0.000000,0.000000,0.000000
1707474091351844725,0.950000,0.050000,0.000000,0.000000
1707474091451964587,0.952381,0.047619,0.000000,0.000000
1707474091552099224,1.000000,0.000000,0.000000,0.000000
1707474091652216014,1.000000,0.000000,0.000000,0.000000
1707474091752337268,0.619048,0.047619,0.333333,0.000000
1707474091852431536,0.105263,0.210526,0.684211,0.000000
1707474091952490332,0.000000,0.000000,1.000000,0.000000
1707474092052571778,0.000000,0.000000,1.000000,0.000000
1707474092152657630,0.000000,0.000000,1.000000,0.000000
1707474092252721904,0.000000,0.000000,1.000000,0.000000
1707474092352792320,0.000000,0.000000,1.000000,0.000000
1707474092452882534,0.285714,0.095238,0.619048,0.000000
1707474092553026458,0.411765,0.058824,0.529412,0.000000
1707474092653143779,0.266667,0.533333,0.200000,0.000000
1707474092753262196,0.600000,0.350000,0.050000,0.000000
1707474092853389061,0.700000,0.300000,0.000000,0.000000
1707474092953517250,0.650000,0.300000,0.050000,0.000000
1707474093053642709,0.800000,0.200000,0.000000,0.000000
1707474093153759907,0.700000,0.300000,0.000000,0.000000
1707474093253885740,1.000000,0.000000,0.000000,0.000000
1707474093354013790,1.000000,0.000000,0.000000,0.000000
1707474093454146320,1.000000,0.000000,0.000000,0.000000
1707474093554270382,1.000000,0.000000,0.000000,0.000000
1707474093654403558,0.950000,0.050000,0.000000,0.000000
1707474093754521842,0.450000,0.050000,0.500000,0.000000
1707474093854610434,0.100000,0.100000,0.800000,0.000000
1707474093954718681,0.000000,0.050000,0.950000,0.000000
1707474094054806288,0.000000,0.000000,1.000000,0.000000
1707474094154884697,0.000000,0.000000,1.000000,0.000000
1707474094254941564,0.000000,0.000000,1.000000,0.000000
1707474094355007249,0.000000,0.000000,1.000000,0.000000
1707474094455090394,0.150000,0.100000,0.750000,0.000000
1707474094555356484,0.368421,0.000000,0.631579,0.000000
1707474094655449573,0.500000,0.388889,0.111111,0.000000
1707474094755558272,0.388889,0.444444,0.166667,0.000000
1707474094855677101,0.666667,0.285714,0.047619,0.000000
1707474094955799318,0.600000,0.400000,0.000000,0.000000
1707474095055932133,0.700000,0.250000,0.050000,0.000000
1707474095156053144,0.650000,0.350000,0.000000,0.000000
1707474095256170256,0.900000,0.100000,0.000000,0.000000
1707474095356294050,0.950000,0.050000,0.000000,0.000000
1707474095456414391,1.000000,0.000000,0.000000,0.000000
1707474095556470488,0.950000,0.050000,0.000000,0.000000
1707474095656618839,0.900000,0.100000,0.000000,0.000000
1707474095756736341,0.950000,0.050000,0.000000,0.000000
1707474095856839681,0.100000,0.050000,0.850000,0.000000
1707474095956931705,0.105263,0.210526,0.684211,0.000000
1707474096057020090,0.000000,0.000000,1.000000,0.000000
1707474096157096872,0.000000,0.000000,1.000000,0.000000
1707474096257154998,0.000000,0.000000,1.000000,0.000000
1707474096357222273,0.000000,0.000000,1.000000,0.000000
1707474096457299172,0.000000,0.000000,1.000000,0.000000
1707474096557359926,0.000000,0.047619,0.952381,0.000000
1707474096657426007,0.000000,0.000000,1.000000,0.000000
1707474096757488703,0.000000,0.000000,1.000000,0.000000
1707474096857554209,0.000000,0.000000,1.000000,0.000000
1707474096957619484,0.000000,0.000000,1.000000,0.000000
1707474097057687642,0.000000,0.000000,1.000000,0.000000
1707474097157756869,0.000000,0.000000,1.000000,0.000000
1707474097257819831,0.000000,0.000000,1.000000,0.000000
1707474097357884582,0.000000,0.000000,1.000000,0.000000
1707474097457949351,0.000000,0.000000,1.000000,0.000000
1707474097558019983,0.000000,0.000000,1.000000,0.000000
1707474097658083592,0.000000,0.000000,1.000000,0.000000
1707474097758153307,0.000000,0.000000,1.000000,0.000000
1707474097858216243,0.000000,0.000000,1.000000,0.000000
1707474097958286602,0.000000,0.000000,1.000000,0.000000
1707474098058348800,0.000000,0.000000,1.000000,0.000000
1707474098158421545,0.000000,0.000000,1.000000,0.000000
1707474098258486524,0.000000,0.000000,1.000000,0.000000
1707474098358554818,0.000000,0.000000,1.000000,0.000000
1707474098458617448,0.000000,0.000000,1.000000,0.000000
1707474098558685041,0.000000,0.000000,1.000000,0.000000
1707474098658752304,0.000000,0.000000,1.000000,0.000000
1707474098758819668,0.000000,0.000000,1.000000,0.000000
1707474098858892014,0.000000,0.000000,1.000000,0.000000
1707474098958955472,0.000000,0.000000,1.000000,0.000000
1707474099059026676,0.000000,0.000000,1.000000,0.000000
1707474099159095403,0.000000,0.000000,1.000000,0.000000
1707474099259164776,0.000000,0.000000,1.000000,0.000000
1707474099359227840,0.000000,0.000000,1.000000,0.000000
1707474099459298025,0.000000,0.000000,1.000000,0.000000
1707474099559362555,0.000000,0.000000,1.000000,0.000000
1707474099659430238,0.000000,0.000000,1.000000,0.000000
1707474099759494413,0.000000,0.000000,1.000000,0.000000
1707474099859564182,0.000000,0.000000,1.000000,0.000000
1707474099959627798,0.000000,0.000000,1.000000,0.000000
1707474100059698776,0.000000,0.000000,1.000000,0.000000
1707474100159761588,0.000000,0.000000,1.000000,0.000000
1707474100259826805,0.000000,0.000000,1.000000,0.000000
1707474100359895100,0.000000,0.000000,1.000000,0.000000
1707474100459960766,0.000000,0.000000,1.000000,0.000000
1707474100560027626,0.000000,0.000000,1.000000,0.000000
1707474100660100764,0.000000,0.000000,1.000000,0.000000
1707474100760162441,0.000000,0.000000,1.000000,0.000000
1707474100860227038,0.000000,0.000000,1.000000,0.000000
1707474100960291589,0.000000,0.000000,1.000000,0.000000
1707474101060359835,0.000000,0.000000,1.000000,0.000000
1707474101160436212,0.000000,0.000000,1.000000,0.000000
1707474101260509002,0.000000,0.000000,1.000000,0.000000
1707474101360570992,0.000000,0.000000,1.000000,0.000000
1707474101460641974,0.000000,0.000000,1.000000,0.000000
1707474101560706238,0.000000,0.000000,1.000000,0.000000
1707474101660775301,0.000000,0.000000,1.000000,0.000000
1707474101760838703,0.000000,0.000000,1.000000,0.000000
1707474101860903365,0.000000,0.000000,1.000000,0.000000
1707474101960968923,0.000000,0.000000,1.000000,0.000000
1707474102061033442,0.000000,0.000000,1.000000,0.000000
1707474102161113095,0.000000,0.000000,1.000000,0.000000
1707474102261178553,0.000000,0.000000,1.000000,0.000000
1707474102361242059,0.000000,0.000000,1.000000,0.000000
1707474102461305531,0.000000,0.000000,1.000000,0.000000
1707474102561370021,0.000000,0.000000,1.000000,0.000000
1707474102661444271,0.000000,0.000000,1.000000,0.000000
1707474102761513834,0.000000,0.000000,1.000000,0.000000
1707474102861577258,0.000000,0.000000,1.000000,0.000000
1707474102961641448,0.000000,0.000000,1.000000,0.000000
1707474103061705492,0.000000,0.000000,1.000000,0.000000
1707474103161770638,0.000000,0.000000,1.000000,0.000000
1707474103261835585,0.000000,0.000000,1.000000,0.000000
1707474103361899423,0.000000,0.000000,1.000000,0.000000
1707474103461969584,0.000000,0.000000,1.000000,0.000000
1707474103562032447,0.000000,0.000000,1.000000,0.000000
1707474103662106178,0.000000,0.000000,1.000000,0.000000
1707474103762168014,0.000000,0.000000,1.000000,0.000000
1707474103862237545,0.000000,0.000000,1.000000,0.000000
1707474103962299886,0.000000,0.000000,1.000000,0.000000
1707474104062367228,0.000000,0.000000,1.000000,0.000000
1707474104162434244,0.000000,0.000000,1.000000,0.000000
1707474104262503795,0.000000,0.000000,1.000000,0.000000
1707474104362569845,0.000000,0.000000,1.000000,0.000000
1707474104462638443,0.000000,0.000000,1.000000,0.000000
1707474104562700957,0.000000,0.000000,1.000000,0.000000
1707474104662772365,0.000000,0.000000,1.000000,0.000000
1707474104762801104,0.000000,0.000000,1.000000,0.000000
1707474104862877531,0.000000,0.000000,1.000000,0.000000
1707474104962942329,0.000000,0.000000,1.000000,0.000000
1707474105063010986,0.000000,0.000000,1.000000,0.000000
1707474105163080967,0.000000,0.000000,1.000000,0.000000
