Time,User,Kernel,Idle,IoWait
1708008649340183872,0.061538,0.015385,0.923077,0.000000
1708008649360376881,0.047619,0.000000,0.952381,0.000000
1708008649380597273,0.062500,0.000000,0.937500,0.000000
1708008649400832167,0.050000,0.000000,0.950000,0.000000
1708008649421080993,0.033898,0.000000,0.966102,0.000000
1708008649441366096,0.031746,0.031746,0.936508,0.000000
1708008649461669309,0.032258,0.000000,0.967742,0.000000
1708008649481995629,0.061538,0.015385,0.923077,0.000000
1708008649502842602,0.045455,0.015152,0.939394,0.000000
1708008649523104203,0.049180,0.114754,0.836066,0.000000
1708008649543046646,0.200000,0.100000,0.700000,0.000000
1708008649563174394,0.031746,0.015873,0.952381,0.000000
1708008649583289199,0.076923,0.015385,0.907692,0.000000
1708008649603479453,0.096774,0.048387,0.854839,0.000000
1708008649623657066,0.066667,0.066667,0.866667,0.000000
1708008649643867747,0.145161,0.112903,0.741935,0.000000
1708008649664118600,0.112903,0.048387,0.838710,0.000000
1708008649684319236,0.125000,0.062500,0.812500,0.000000
1708008649704554044,0.156250,0.046875,0.796875,0.000000
1708008649724809627,0.184615,0.153846,0.661538,0.000000
1708008649745092779,0.111111,0.095238,0.793651,0.000000
1708008649765385963,0.265625,0.125000,0.609375,0.000000
1708008649785732485,0.111111,0.095238,0.793651,0.000000
1708008649806099618,0.140625,0.140625,0.718750,0.000000
1708008649826528848,0.203125,0.109375,0.687500,0.000000
1708008649846996476,0.131148,0.245902,0.622951,0.000000
1708008649866994157,0.184615,0.107692,0.707692,0.000000
1708008649887110443,0.158730,0.126984,0.714286,0.000000
1708008649907250665,0.196970,0.303030,0.500000,0.000000
1708008649927435235,0.442857,0.185714,0.371429,0.000000
1708008649948642596,0.507937,0.142857,0.349206,0.000000
1708008649968629179,0.767857,0.071429,0.160714,0.000000
1708008649988952036,0.532258,0.161290,0.306452,0.000000
1708008650009291611,0.396552,0.241379,0.362069,0.000000
1708008650029631255,0.465517,0.206897,0.327586,0.000000
1708008650050740106,0.461538,0.230769,0.307692,0.000000
1708008650070988107,0.474138,0.163793,0.362069,0.000000
1708008650169519479,0.400000,0.127273,0.472727,0.000000
1708008650163565948,0.492754,0.217391,0.289855,0.000000
1708008650183760537,0.525424,0.135593,0.338983,0.000000
1708008650204005040,0.241935,0.112903,0.645161,0.000000
1708008650224243779,0.430769,0.230769,0.338462,0.000000
1708008650244482797,0.492537,0.208955,0.298507,0.000000
1708008650264790774,0.650794,0.126984,0.222222,0.000000
1708008650285096160,0.260870,0.318841,0.420290,0.000000
1708008650305437460,0.450000,0.200000,0.350000,0.000000
1708008650325818437,0.514706,0.250000,0.235294,0.000000
1708008650346241016,0.416667,0.200000,0.383333,0.000000
1708008650366656702,0.465517,0.172414,0.362069,0.000000
1708008650387156621,0.520000,0.333333,0.146667,0.000000
1708008650407201432,0.333333,0.233333,0.433333,0.000000
1708008650427367079,0.500000,0.125000,0.375000,0.000000
1708008650447570890,0.644068,0.101695,0.254237,0.000000
1708008650467792414,0.576271,0.169492,0.254237,0.000000
1708008650488077821,0.415385,0.107692,0.476923,0.000000
1708008650508300778,0.155172,0.172414,0.672414,0.000000
1708008650528557121,0.222222,0.079365,0.698413,0.000000
1708008650548827814,0.156250,0.078125,0.765625,0.000000
1708008650569173260,0.242424,0.212121,0.545455,0.000000
1708008650589550605,0.296875,0.171875,0.531250,0.000000
1708008650609927654,0.700000,0.150000,0.150000,0.000000
1708008650630336971,0.353846,0.215385,0.430769,0.000000
1708008650650807081,0.322581,0.193548,0.483871,0.000000
1708008650670945137,0.267606,0.309859,0.422535,0.000000
1708008650691126599,0.372881,0.288136,0.338983,0.000000
1708008650711291976,0.557377,0.213115,0.229508,0.000000
1708008650731492750,0.533333,0.166667,0.300000,0.000000
1708008650751706119,0.571429,0.111111,0.317460,0.000000
1708008650771927633,0.515625,0.265625,0.218750,0.000000
1708008650792204341,0.360656,0.196721,0.442623,0.000000
1708008650812482802,0.250000,0.200000,0.550000,0.000000
1708008650832765024,0.285714,0.142857,0.571429,0.000000
1708008650852862924,0.265625,0.265625,0.468750,0.000000
1708008650873242876,0.378788,0.227273,0.393939,0.000000
1708008650893617465,0.639344,0.147541,0.213115,0.000000
1708008650913976121,0.611940,0.179104,0.208955,0.000000
1708008650934100571,0.477612,0.253731,0.268657,0.000000
1708008650954904401,0.475410,0.229508,0.295082,0.000000
1708008650975079045,0.534247,0.164384,0.301370,0.000000
1708008650995198337,0.542373,0.152542,0.305085,0.000000
1708008651015408421,0.492308,0.246154,0.261538,0.000000
1708008651035620441,0.274194,0.322581,0.403226,0.000000
1708008651055808538,0.493151,0.178082,0.328767,0.000000
1708008651076056051,0.383333,0.283333,0.333333,0.000000
1708008651096299015,0.548387,0.161290,0.290323,0.000000
1708008651116482832,0.468750,0.218750,0.312500,0.000000
1708008651136843065,0.523077,0.184615,0.292308,0.000000
1708008651157169714,0.597015,0.149254,0.253731,0.000000
1708008651177494061,0.383333,0.266667,0.350000,0.000000
1708008651197862731,0.557143,0.242857,0.200000,0.000000
1708008651218339857,0.516129,0.209677,0.274194,0.000000
1708008651238799117,0.590909,0.166667,0.242424,0.000000
1708008651259104459,0.461538,0.246154,0.292308,0.000000
1708008651279179368,0.500000,0.155172,0.344828,0.000000
1708008651299381299,0.517857,0.142857,0.339286,0.000000
1708008651319540600,0.145161,0.290323,0.564516,0.000000
1708008651339724787,0.123077,0.338462,0.538462,0.000000
1708008651359945362,0.086207,0.327586,0.586207,0.000000
1708008651380164017,0.210526,0.228070,0.561404,0.000000
1708008651400485063,0.576271,0.169492,0.254237,0.000000
1708008651420825856,0.622951,0.114754,0.262295,0.000000
1708008651441195887,0.357143,0.303571,0.339286,0.000000
1708008651461530044,0.406780,0.118644,0.474576,0.000000
1708008651481935754,0.661538,0.138462,0.200000,0.000000
1708008651502334294,0.084746,0.033898,0.881356,0.000000
1708008651522736907,0.015385,0.030769,0.953846,0.000000
1708008651543089074,0.000000,0.000000,1.000000,0.000000
1708008651563041245,0.000000,0.000000,1.000000,0.000000
1708008651583138743,0.031746,0.000000,0.968254,0.000000
1708008651603275002,0.000000,0.032258,0.967742,0.000000
1708008651623406232,0.031250,0.031250,0.937500,0.000000
1708008651643593014,0.000000,0.046154,0.953846,0.000000
1708008651663767425,0.000000,0.000000,1.000000,0.000000
1708008651683932642,0.000000,0.000000,1.000000,0.000000
1708008651704604357,0.000000,0.000000,1.000000,0.000000
1708008651724672776,0.000000,0.000000,1.000000,0.000000
1708008651744915110,0.000000,0.000000,1.000000,0.000000
1708008651765671586,0.000000,0.000000,1.000000,0.000000
1708008651785832876,0.000000,0.015385,0.984615,0.000000
1708008651806181368,0.015625,0.015625,0.968750,0.000000
1708008651826548035,0.000000,0.015625,0.984375,0.000000
1708008651846947263,0.000000,0.000000,1.000000,0.000000
1708008651866979468,0.000000,0.000000,1.000000,0.000000
1708008651887038629,0.015385,0.000000,0.984615,0.000000
1708008651907140912,0.000000,0.000000,1.000000,0.000000
1708008651927757198,0.000000,0.000000,1.000000,0.000000
1708008651947757371,0.000000,0.000000,1.000000,0.000000
1708008651968423954,0.000000,0.000000,1.000000,0.000000
1708008651988487227,0.000000,0.000000,1.000000,0.000000
1708008652008705461,0.000000,0.000000,1.000000,0.000000
1708008652028941900,0.000000,0.000000,1.000000,0.000000
1708008652049699897,0.000000,0.000000,1.000000,0.000000
1708008652069852929,0.000000,0.000000,1.000000,0.000000
1708008652090688112,0.000000,0.000000,1.000000,0.000000
1708008652110938810,0.000000,0.000000,1.000000,0.000000
1708008652130987342,0.000000,0.000000,1.000000,0.000000
1708008652151056579,0.000000,0.000000,1.000000,0.000000
1708008652171169400,0.000000,0.000000,1.000000,0.000000
1708008652191798149,0.000000,0.000000,1.000000,0.000000
1708008652211783485,0.000000,0.000000,1.000000,0.000000
1708008652231953698,0.000000,0.000000,1.000000,0.000000
1708008652252136287,0.000000,0.000000,1.000000,0.000000
1708008652272836375,0.000000,0.000000,1.000000,0.000000
1708008652292931062,0.000000,0.000000,1.000000,0.000000
1708008652313697224,0.000000,0.000000,1.000000,0.000000
1708008652333854207,0.000000,0.000000,1.000000,0.000000
1708008652354185784,0.000000,0.000000,1.000000,0.000000
1708008652374546987,0.000000,0.000000,1.000000,0.000000
1708008652394947060,0.000000,0.000000,1.000000,0.000000
1708008652414978716,0.000000,0.000000,1.000000,0.000000
1708008652435044507,0.000000,0.000000,1.000000,0.000000
1708008652455644158,0.000000,0.000000,1.000000,0.000000
1708008652475623300,0.000000,0.000000,1.000000,0.000000
1708008652496279329,0.000000,0.000000,1.000000,0.000000
1708008652516314623,0.000000,0.000000,1.000000,0.000000
1708008652537019131,0.000000,0.000000,1.000000,0.000000
1708008652557128974,0.000000,0.015385,0.984615,0.000000
1708008652577415879,0.030769,0.000000,0.969231,0.000000
1708008652598219312,0.030769,0.000000,0.969231,0.000000
1708008652618416206,0.015385,0.015385,0.969231,0.000000
1708008652638817926,0.031250,0.000000,0.968750,0.000000
1708008652659055181,0.045455,0.015152,0.939394,0.000000
1708008652679078872,0.000000,0.000000,1.000000,0.000000
1708008652699175998,0.151515,0.015152,0.833333,0.000000
1708008652719324793,0.047619,0.015873,0.936508,0.000000
1708008652739455655,0.000000,0.000000,1.000000,0.000000
1708008652759610433,0.031746,0.063492,0.904762,0.000000
1708008652779812738,0.112903,0.112903,0.774194,0.000000
1708008652799884724,0.016393,0.065574,0.918033,0.000000
1708008652819979848,0.049180,0.049180,0.901639,0.000000
1708008652840057751,0.161290,0.048387,0.790323,0.000000
1708008652860346434,0.046875,0.062500,0.890625,0.000000
1708008652880584376,0.076923,0.092308,0.830769,0.000000
1708008652900890865,0.193548,0.096774,0.709677,0.000000
1708008652921229056,0.125000,0.078125,0.796875,0.000000
1708008652941589687,0.093750,0.140625,0.765625,0.000000
1708008652961981821,0.169231,0.092308,0.738462,0.000000
1708008652982384967,0.213115,0.098361,0.688525,0.000000
1708008653002820151,0.123077,0.153846,0.723077,0.000000
1708008653023075561,0.152778,0.388889,0.458333,0.000000
1708008653043159578,0.300000,0.216667,0.483333,0.000000
1708008653063419719,0.578125,0.218750,0.203125,0.000000
1708008653083819323,0.562500,0.234375,0.203125,0.000000
1708008653103987473,0.629032,0.161290,0.209677,0.000000
1708008653124245556,0.453125,0.140625,0.406250,0.000000
1708008653154331262,0.370787,0.280899,0.348315,0.000000
1708008653171192568,0.492308,0.184615,0.323077,0.000000
1708008653191410445,0.428571,0.196429,0.375000,0.000000
1708008653211646600,0.287879,0.196970,0.515152,0.000000
1708008653231837681,0.435484,0.145161,0.419355,0.000000
1708008653252118117,0.596774,0.112903,0.290323,0.000000
1708008653272403495,0.448276,0.068966,0.482759,0.000000
1708008653292636120,0.280702,0.175439,0.543860,0.000000
1708008653312962538,0.222222,0.317460,0.460317,0.000000
1708008653342002839,0.544444,0.188889,0.266667,0.000000
1708008653359284719,0.413793,0.206897,0.379310,0.000000
1708008653379446790,0.600000,0.100000,0.300000,0.000000
1708008653399650585,0.426471,0.205882,0.367647,0.000000
1708008653419890443,0.457627,0.220339,0.322034,0.000000
1708008653440137192,0.483333,0.150000,0.366667,0.000000
1708008653460433753,0.641509,0.075472,0.283019,0.000000
1708008653480761783,0.177419,0.145161,0.677419,0.000000
1708008653501071195,0.350877,0.192982,0.456140,0.000000
1708008653521397216,0.491525,0.135593,0.372881,0.000000
1708008653541789797,0.507692,0.153846,0.338462,0.000000
1708008653562158869,0.275362,0.115942,0.608696,0.000000
1708008653582558266,0.193548,0.096774,0.709677,0.000000
1708008653603009292,0.161765,0.176471,0.661765,0.000000
1708008653622984919,0.214286,0.142857,0.642857,0.000000
1708008653643170257,0.356164,0.301370,0.342466,0.000000
1708008653663383232,0.666667,0.122807,0.210526,0.000000
1708008653683630207,0.600000,0.083333,0.316667,0.000000
1708008653703836944,0.500000,0.133333,0.366667,0.000000
1708008653724220166,0.320755,0.226415,0.452830,0.000000
1708008653744635301,0.232143,0.428571,0.339286,0.000000
1708008653764887989,0.400000,0.184615,0.415385,0.000000
1708008653785243944,0.500000,0.133333,0.366667,0.000000
1708008653805635804,0.323077,0.092308,0.584615,0.000000
1708008653825966259,0.272727,0.064935,0.662338,0.000000
1708008653846371657,0.431034,0.103448,0.465517,0.000000
1708008653866912617,0.484375,0.109375,0.406250,0.000000
1708008653887063518,0.304348,0.115942,0.579710,0.000000
1708008653907233306,0.180328,0.147541,0.672131,0.000000
1708008653927381187,0.639344,0.065574,0.295082,0.000000
1708008653947646812,0.311475,0.049180,0.639344,0.000000
1708008653967815519,0.225806,0.161290,0.612903,0.000000
1708008653988073706,0.156250,0.109375,0.734375,0.000000
1708008654008280753,0.078125,0.062500,0.859375,0.000000
1708008654028549012,0.129032,0.048387,0.822581,0.000000
1708008654048891565,0.222222,0.269841,0.507937,0.000000
1708008654069282174,0.515625,0.187500,0.296875,0.000000
1708008654089695309,0.590909,0.106061,0.303030,0.000000
1708008654110048552,0.184615,0.415385,0.400000,0.000000
1708008654130515634,0.523077,0.138462,0.338462,0.000000
1708008654151029576,0.514706,0.088235,0.397059,0.000000
1708008654171036066,0.073529,0.264706,0.661765,0.000000
1708008654191210868,0.412698,0.126984,0.460317,0.000000
1708008654211412389,0.655172,0.103448,0.241379,0.000000
1708008654231569196,0.135593,0.101695,0.762712,0.000000
1708008654251758559,0.048387,0.112903,0.838710,0.000000
1708008654271988287,0.102941,0.132353,0.764706,0.000000
1708008654292169485,0.145161,0.064516,0.790323,0.000000
1708008654312412257,0.125000,0.109375,0.765625,0.000000
1708008654332662536,0.158730,0.111111,0.730159,0.000000
1708008654352969698,0.046154,0.123077,0.830769,0.000000
1708008654373276878,0.222222,0.206349,0.571429,0.000000
1708008654393639829,0.600000,0.100000,0.300000,0.000000
1708008654414103325,0.406250,0.062500,0.531250,0.000000
1708008654434560653,0.294118,0.117647,0.588235,0.000000
1708008654456994523,0.135135,0.216216,0.648649,0.000000
1708008654476552042,0.196429,0.160714,0.642857,0.000000
1708008654496870356,0.753623,0.101449,0.144928,0.000000
1708008654517194275,0.145161,0.080645,0.774194,0.000000
1708008654537511187,0.242857,0.157143,0.600000,0.000000
1708008654557891744,0.400000,0.166667,0.433333,0.000000
1708008654578309832,0.540984,0.098361,0.360656,0.000000
1708008654598763040,0.171875,0.093750,0.734375,0.000000
1708008654619113753,0.129032,0.064516,0.806452,0.000000
1708008654639128261,0.123077,0.323077,0.553846,0.000000
1708008654659283976,0.426471,0.132353,0.441176,0.000000
1708008654679483573,0.622951,0.131148,0.245902,0.000000
1708008654699711565,0.152542,0.135593,0.711864,0.000000
1708008654719892824,0.107143,0.071429,0.821429,0.000000
1708008654740370558,0.161290,0.193548,0.645161,0.000000
1708008654760588677,0.561404,0.105263,0.333333,0.000000
1708008654780928484,0.439394,0.121212,0.439394,0.000000
1708008654801210948,0.222222,0.047619,0.730159,0.000000
1708008654821579100,0.125000,0.109375,0.765625,0.000000
1708008654841923303,0.114754,0.098361,0.786885,0.000000
1708008654862308075,0.088235,0.191176,0.720588,0.000000
1708008654882709247,0.121212,0.090909,0.787879,0.000000
1708008654903110146,0.149254,0.059701,0.791045,0.000000
1708008654923083890,0.183333,0.250000,0.566667,0.000000
1708008654943311379,0.622951,0.131148,0.245902,0.000000
1708008654963521370,0.133333,0.066667,0.800000,0.000000
1708008654983742031,0.558824,0.352941,0.088235,0.000000
1708008655004009545,0.557377,0.065574,0.377049,0.000000
1708008655024224409,0.176471,0.161765,0.661765,0.000000
1708008655044495013,0.516129,0.112903,0.370968,0.000000
1708008655064841028,0.370968,0.000000,0.629032,0.000000
1708008655084856011,0.294872,0.025641,0.679487,0.000000
1708008655105215048,0.031250,0.000000,0.968750,0.000000
1708008655125527369,0.214286,0.196429,0.589286,0.000000
1708008655145982612,0.560606,0.106061,0.333333,0.000000
1708008655166325256,0.236842,0.039474,0.723684,0.000000
1708008655186726650,0.015385,0.015385,0.969231,0.000000
1708008655207092545,0.000000,0.000000,1.000000,0.000000
1708008655227048349,0.015625,0.031250,0.953125,0.000000
1708008655247166974,0.000000,0.015873,0.984127,0.000000
1708008655267288656,0.014493,0.072464,0.913043,0.000000
1708008655287414208,0.000000,0.015873,0.984127,0.000000
1708008655307552874,0.000000,0.015625,0.984375,0.000000
1708008655327694269,0.000000,0.000000,1.000000,0.000000
1708008655347847810,0.015625,0.000000,0.984375,0.000000
1708008655368030323,0.015625,0.015625,0.968750,0.000000
1708008655388218012,0.000000,0.015625,0.984375,0.000000
1708008655408922070,0.000000,0.000000,1.000000,0.000000
1708008655429018653,0.000000,0.000000,1.000000,0.000000
1708008655449784215,0.000000,0.000000,1.000000,0.000000
1708008655469955383,0.000000,0.015152,0.984848,0.000000
1708008655490302209,0.015625,0.000000,0.984375,0.000000
1708008655510690381,0.015625,0.000000,0.984375,0.000000
1708008655531107891,0.030303,0.015152,0.954545,0.000000
1708008655551068467,0.031746,0.000000,0.968254,0.000000
1708008655571179437,0.000000,0.000000,1.000000,0.000000
1708008655591338732,0.060606,0.000000,0.939394,0.000000
1708008655611491250,0.047619,0.015873,0.936508,0.000000
1708008655631646966,0.015625,0.015625,0.968750,0.000000
1708008655651848512,0.093750,0.062500,0.843750,0.000000
1708008655672050605,0.046875,0.031250,0.921875,0.000000
1708008655692263685,0.048387,0.032258,0.919355,0.000000
1708008655712495262,0.031746,0.047619,0.920635,0.000000
1708008655732766891,0.049180,0.081967,0.868852,0.000000
1708008655753079728,0.080645,0.064516,0.854839,0.000000
1708008655773377330,0.095238,0.031746,0.873016,0.000000
1708008655793707088,0.076923,0.046154,0.876923,0.000000
1708008655814088523,0.147541,0.049180,0.803279,0.000000
1708008655834466822,0.093750,0.140625,0.765625,0.000000
1708008655854551670,0.129032,0.145161,0.725806,0.000000
1708008655875109031,0.250000,0.147059,0.602941,0.000000
1708008655895090168,0.206349,0.126984,0.666667,0.000000
1708008655915262990,0.174603,0.190476,0.634921,0.000000
1708008655935474589,0.189655,0.172414,0.637931,0.000000
1708008655955697537,0.218750,0.156250,0.625000,0.000000
1708008655976026708,0.177419,0.193548,0.629032,0.000000
1708008655996453837,0.387097,0.387097,0.225806,0.000000
1708008656016737006,0.645161,0.209677,0.145161,0.000000
1708008656037098302,0.481481,0.129630,0.388889,0.000000
1708008656057475590,0.450000,0.333333,0.216667,0.000000
1708008656077884695,0.627119,0.254237,0.118644,0.000000
1708008656098332198,0.609375,0.156250,0.234375,0.000000
1708008656119430887,0.567164,0.119403,0.313433,0.000000
1708008656139514130,0.358209,0.328358,0.313433,0.000000
1708008656159644827,0.400000,0.163636,0.436364,0.000000
1708008656179892765,0.548387,0.129032,0.322581,0.000000
1708008656200172704,0.603448,0.172414,0.224138,0.000000
1708008656220424617,0.344262,0.213115,0.442623,0.000000
1708008656240692464,0.413793,0.137931,0.448276,0.000000
1708008656261031289,0.461538,0.107692,0.430769,0.000000
1708008656281380101,0.575758,0.166667,0.257576,0.000000
1708008656301777200,0.368421,0.210526,0.421053,0.000000
1708008656322178697,0.348485,0.318182,0.333333,0.000000
1708008656342598837,0.350000,0.266667,0.383333,0.000000
1708008656363127686,0.520000,0.306667,0.173333,0.000000
1708008656383131508,0.548387,0.225806,0.225806,0.000000
1708008656403327664,0.666667,0.142857,0.190476,0.000000
1708008656423588292,0.677966,0.118644,0.203390,0.000000
1708008656443798640,0.492063,0.174603,0.333333,0.000000
1708008656464056071,0.582090,0.208955,0.208955,0.000000
1708008656484308224,0.471429,0.142857,0.385714,0.000000
1708008656504578418,0.311475,0.131148,0.557377,0.000000
1708008656524871467,0.229508,0.245902,0.524590,0.000000
1708008656545174567,0.312500,0.515625,0.171875,0.000000
1708008656565583768,0.517857,0.160714,0.321429,0.000000
1708008656585986287,0.560606,0.257576,0.181818,0.000000
1708008656615630368,0.566265,0.192771,0.240964,0.000000
1708008656632624445,0.444444,0.222222,0.333333,0.000000
1708008656652781601,0.508475,0.254237,0.237288,0.000000
1708008656675572265,0.600000,0.242857,0.157143,0.000000
1708008656694838940,0.327869,0.344262,0.327869,0.000000
1708008656714997047,0.544118,0.220588,0.235294,0.000000
1708008656735302014,0.644068,0.169492,0.186441,0.000000
1708008656755373088,0.439394,0.242424,0.318182,0.000000
1708008656775504035,0.548387,0.258065,0.193548,0.000000
1708008656795662674,0.384615,0.338462,0.276923,0.000000
1708008656815837262,0.440678,0.237288,0.322034,0.000000
1708008656835996236,0.457627,0.220339,0.322034,0.000000
1708008656856167061,0.387097,0.193548,0.419355,0.000000
1708008656876301650,0.508772,0.228070,0.263158,0.000000
1708008656896453954,0.389831,0.338983,0.271186,0.000000
1708008656916591758,0.586207,0.206897,0.206897,0.000000
1708008656936725628,0.500000,0.200000,0.300000,0.000000
1708008656956915534,0.416667,0.266667,0.316667,0.000000
1708008656977061226,0.532258,0.258065,0.209677,0.000000
1708008656997188946,0.507692,0.369231,0.123077,0.000000
1708008657017356630,0.516667,0.216667,0.266667,0.000000
1708008657037491571,0.576271,0.203390,0.220339,0.000000
1708008657057640727,0.610169,0.203390,0.186441,0.000000
1708008657077785192,0.593750,0.218750,0.187500,0.000000
1708008657097966341,0.615385,0.230769,0.153846,0.000000
1708008657118131766,0.559322,0.186441,0.254237,0.000000
1708008657138252486,0.602941,0.220588,0.176471,0.000000
1708008657158426998,0.573770,0.262295,0.163934,0.000000
1708008657178587639,0.580645,0.161290,0.258065,0.000000
1708008657198752584,0.594203,0.159420,0.246377,0.000000
1708008657218890171,0.509091,0.200000,0.290909,0.000000
1708008657239011378,0.579710,0.144928,0.275362,0.000000
1708008657259195265,0.537313,0.164179,0.298507,0.000000
1708008657279321719,0.600000,0.181818,0.218182,0.000000
1708008657299490759,0.524590,0.098361,0.377049,0.000000
1708008657319608373,0.298246,0.087719,0.614035,0.000000
1708008657339722850,0.323529,0.220588,0.455882,0.000000
1708008657359891993,0.609375,0.078125,0.312500,0.000000
1708008657380013030,0.239437,0.056338,0.704225,0.000000
1708008657400109340,0.031250,0.046875,0.921875,0.000000
1708008657420223362,0.428571,0.238095,0.333333,0.000000
1708008657440432346,0.396825,0.015873,0.587302,0.000000
1708008657460547319,0.197183,0.028169,0.774648,0.000000
1708008657480647601,0.070423,0.140845,0.788732,0.000000
1708008657500743118,0.000000,0.062500,0.937500,0.000000
1708008657520820437,0.000000,0.016129,0.983871,0.000000
1708008657540904647,0.000000,0.000000,1.000000,0.000000
1708008657560986097,0.031746,0.015873,0.952381,0.000000
1708008657581079902,0.000000,0.047619,0.952381,0.000000
1708008657601171291,0.000000,0.030769,0.969231,0.000000
1708008657621262452,0.000000,0.015385,0.984615,0.000000
1708008657641351906,0.000000,0.000000,1.000000,0.000000
1708008657661436942,0.000000,0.000000,1.000000,0.000000
1708008657681530973,0.000000,0.000000,1.000000,0.000000
1708008657701620110,0.000000,0.000000,1.000000,0.000000
1708008657721707402,0.000000,0.000000,1.000000,0.000000
1708008657741792590,0.000000,0.000000,1.000000,0.000000
1708008657761890408,0.000000,0.000000,1.000000,0.000000
1708008657781975921,0.000000,0.000000,1.000000,0.000000
1708008657802060752,0.000000,0.000000,1.000000,0.000000
1708008657822161186,0.000000,0.000000,1.000000,0.000000
1708008657842244110,0.000000,0.000000,1.000000,0.000000
1708008657862326059,0.000000,0.000000,1.000000,0.000000
1708008657882416806,0.000000,0.000000,1.000000,0.000000
1708008657902502381,0.000000,0.000000,1.000000,0.000000
1708008657922586822,0.000000,0.000000,1.000000,0.000000
1708008657942627539,0.000000,0.000000,1.000000,0.000000
1708008657962735033,0.000000,0.015385,0.984615,0.000000
1708008657982813942,0.000000,0.000000,1.000000,0.000000
1708008658002895687,0.000000,0.000000,1.000000,0.000000
1708008658022974668,0.000000,0.000000,1.000000,0.000000
1708008658043060963,0.000000,0.000000,1.000000,0.000000
1708008658063144090,0.000000,0.000000,1.000000,0.000000
1708008658083216150,0.000000,0.000000,1.000000,0.000000
1708008658103297952,0.000000,0.000000,1.000000,0.000000
1708008658123374645,0.000000,0.000000,1.000000,0.000000
1708008658143456147,0.000000,0.000000,1.000000,0.000000
1708008658163542109,0.000000,0.000000,1.000000,0.000000
1708008658183614687,0.000000,0.000000,1.000000,0.000000
1708008658203690119,0.000000,0.000000,1.000000,0.000000
1708008658223768141,0.000000,0.000000,1.000000,0.000000
1708008658243854665,0.000000,0.000000,1.000000,0.000000
1708008658263941275,0.000000,0.000000,1.000000,0.000000
1708008658284009986,0.000000,0.000000,1.000000,0.000000
1708008658304088819,0.000000,0.000000,1.000000,0.000000
1708008658324161706,0.000000,0.000000,1.000000,0.000000
1708008658344248024,0.000000,0.000000,1.000000,0.000000
1708008658364319081,0.000000,0.000000,1.000000,0.000000
1708008658384398011,0.000000,0.000000,1.000000,0.000000
1708008658404472377,0.000000,0.000000,1.000000,0.000000
1708008658424555550,0.046154,0.000000,0.953846,0.000000
1708008658444649973,0.030769,0.000000,0.969231,0.000000
1708008658464732499,0.015625,0.015625,0.968750,0.000000
1708008658484819206,0.030769,0.000000,0.969231,0.000000
1708008658504894910,0.015873,0.000000,0.984127,0.000000
1708008658524993844,0.031746,0.000000,0.968254,0.000000
1708008658545061902,0.000000,0.000000,1.000000,0.000000
1708008658565144533,0.107692,0.015385,0.876923,0.000000
1708008658585258599,0.015873,0.015873,0.968254,0.000000
1708008658605343762,0.015873,0.015873,0.968254,0.000000
1708008658625434290,0.031746,0.063492,0.904762,0.000000
1708008658645559277,0.174603,0.079365,0.746032,0.000000
1708008658665680803,0.000000,0.032258,0.967742,0.000000
1708008658685775346,0.047619,0.047619,0.904762,0.000000
1708008658705909733,0.145161,0.048387,0.806452,0.000000
1708008658726014248,0.047619,0.095238,0.857143,0.000000
1708008658746121058,0.092308,0.092308,0.815385,0.000000
1708008658766244957,0.129032,0.064516,0.806452,0.000000
1708008658786400576,0.129032,0.080645,0.790323,0.000000
1708008658806515175,0.111111,0.079365,0.809524,0.000000
1708008658826675714,0.231884,0.101449,0.666667,0.000000
1708008658846784819,0.213115,0.114754,0.672131,0.000000
1708008658866915751,0.229508,0.131148,0.639344,0.000000
1708008658887087032,0.238806,0.223881,0.537313,0.000000
1708008658907197011,0.352941,0.220588,0.426471,0.000000
1708008658927356497,0.517241,0.206897,0.275862,0.000000
1708008658947505334,0.470588,0.176471,0.352941,0.000000
1708008658969178794,0.409836,0.147541,0.442623,0.000000
1708008658988828797,0.754386,0.070175,0.175439,0.000000
1708008659008979318,0.300000,0.133333,0.566667,0.000000
1708008659029144850,0.214286,0.160714,0.625000,0.000000
1708008659049291443,0.375000,0.125000,0.500000,0.000000
1708008659069485240,0.540984,0.311475,0.147541,0.000000
1708008659089658594,0.555556,0.222222,0.222222,0.000000
1708008659109821431,0.576271,0.135593,0.288136,0.000000
1708008659129987848,0.578947,0.092105,0.328947,0.000000
1708008659150120007,0.431034,0.120690,0.448276,0.000000
1708008659170293220,0.507042,0.140845,0.352113,0.000000
1708008659190461165,0.365079,0.428571,0.206349,0.000000
1708008659210937391,0.527027,0.202703,0.270270,0.000000
1708008659230979312,0.486842,0.184211,0.328947,0.000000
1708008659251134137,0.619048,0.095238,0.285714,0.000000
1708008659271283873,0.311475,0.475410,0.213115,0.000000
1708008659291445855,0.610169,0.186441,0.203390,0.000000
1708008659311602726,0.280702,0.105263,0.614035,0.000000
1708008659331739822,0.169492,0.135593,0.694915,0.000000
1708008659351892665,0.098361,0.081967,0.819672,0.000000
1708008659371993765,0.133333,0.166667,0.700000,0.000000
1708008659392193097,0.515152,0.121212,0.363636,0.000000
1708008659412315323,0.491525,0.118644,0.389831,0.000000
1708008659432433322,0.171875,0.093750,0.734375,0.000000
1708008659452587309,0.142857,0.214286,0.642857,0.000000
1708008659472849513,0.190476,0.285714,0.523810,0.000000
1708008659492963136,0.562500,0.140625,0.296875,0.000000
1708008659513126869,0.287879,0.090909,0.621212,0.000000
1708008659533228219,0.234375,0.140625,0.625000,0.000000
1708008659553350322,0.158730,0.095238,0.746032,0.000000
1708008659573466598,0.116667,0.116667,0.766667,0.000000
1708008659593635853,0.279412,0.279412,0.441176,0.000000
1708008659613949922,0.475410,0.081967,0.442623,0.000000
1708008659634198709,0.193548,0.241935,0.564516,0.000000
1708008659654277734,0.622951,0.098361,0.278689,0.000000
1708008659674402146,0.184615,0.046154,0.769231,0.000000
1708008659694522664,0.356164,0.095890,0.547945,0.000000
1708008659714640921,0.089552,0.119403,0.791045,0.000000
1708008659734772612,0.060606,0.090909,0.848485,0.000000
1708008659754866565,0.349206,0.174603,0.476190,0.000000
1708008659775084260,0.656250,0.125000,0.218750,0.000000
1708008659795189801,0.161290,0.112903,0.725806,0.000000
1708008659815309942,0.242424,0.121212,0.636364,0.000000
1708008659835466222,0.095238,0.142857,0.761905,0.000000
1708008659855572109,0.179104,0.104478,0.716418,0.000000
1708008659875700555,0.206349,0.111111,0.682540,0.000000
1708008659895847692,0.100000,0.200000,0.700000,0.000000
1708008659915993822,0.242424,0.257576,0.500000,0.000000
1708008659936161853,0.400000,0.163636,0.436364,0.000000
1708008659956285270,0.466667,0.083333,0.450000,0.000000
1708008659976419456,0.285714,0.079365,0.634921,0.000000
1708008659996570653,0.314815,0.129630,0.555556,0.000000
1708008660016727284,0.529412,0.117647,0.352941,0.000000
1708008660036947920,0.375000,0.281250,0.343750,0.000000
1708008660057080667,0.618182,0.072727,0.309091,0.000000
1708008660077236072,0.306452,0.080645,0.612903,0.000000
1708008660097355311,0.246377,0.202899,0.550725,0.000000
1708008660117508684,0.460317,0.174603,0.365079,0.000000
1708008660137633503,0.515625,0.171875,0.312500,0.000000
1708008660157759832,0.281690,0.070423,0.647887,0.000000
1708008660177890730,0.111111,0.079365,0.809524,0.000000
1708008660198017646,0.145161,0.048387,0.806452,0.000000
1708008660218148016,0.156250,0.093750,0.750000,0.000000
1708008660238289745,0.203704,0.222222,0.574074,0.000000
1708008660258464041,0.428571,0.160714,0.410714,0.000000
1708008660278600564,0.266667,0.083333,0.650000,0.000000
1708008660298805515,0.410256,0.243590,0.346154,0.000000
1708008660318949130,0.456140,0.157895,0.385965,0.000000
1708008660339107954,0.322034,0.135593,0.542373,0.000000
1708008660359225814,0.152542,0.101695,0.745763,0.000000
1708008660379360125,0.156250,0.078125,0.765625,0.000000
1708008660399505110,0.119403,0.104478,0.776119,0.000000
1708008660419644198,0.437500,0.343750,0.218750,0.000000
1708008660439820659,0.677419,0.048387,0.274194,0.000000
1708008660459935616,0.264706,0.088235,0.647059,0.000000
1708008660480060688,0.188406,0.101449,0.710145,0.000000
1708008660500192080,0.129032,0.177419,0.693548,0.000000
1708008660520352427,0.333333,0.117647,0.549020,0.000000
1708008660540514323,0.416667,0.050000,0.533333,0.000000
1708008660560632879,0.218750,0.109375,0.671875,0.000000
1708008660580773667,0.323944,0.239437,0.436620,0.000000
1708008660600943813,0.456140,0.192982,0.350877,0.000000
1708008660621108860,0.228571,0.057143,0.714286,0.000000
1708008660641229687,0.166667,0.212121,0.621212,0.000000
1708008660661392132,0.723077,0.076923,0.200000,0.015385
1708008660681513696,0.081967,0.065574,0.852459,0.000000
1708008660701635564,0.116667,0.066667,0.816667,0.033333
1708008660721727881,0.063492,0.079365,0.857143,0.015873
1708008660741810606,0.064516,0.032258,0.903226,0.016129
1708008660761903261,0.062500,0.046875,0.890625,0.000000
1708008660781991798,0.061538,0.061538,0.876923,0.000000
1708008660802081678,0.078125,0.015625,0.906250,0.015625
1708008660822184421,0.070175,0.228070,0.701754,0.017544
1708008660842342194,0.610169,0.101695,0.288136,0.016949
1708008660862507161,0.347826,0.159420,0.492754,0.014493
1708008660882693132,0.546875,0.140625,0.312500,0.015625
1708008660902791831,0.034483,0.017241,0.948276,0.017241
1708008660922889941,0.016129,0.000000,0.983871,0.032258
1708008660942953606,0.000000,0.000000,1.000000,0.000000
1708008660963033780,0.000000,0.000000,1.000000,0.000000
1708008660983113686,0.000000,0.000000,1.000000,0.000000
1708008661003192605,0.000000,0.000000,1.000000,0.000000
1708008661023271584,0.015873,0.000000,0.984127,0.000000
1708008661043356046,0.000000,0.031250,0.968750,0.000000
1708008661063439616,0.000000,0.000000,1.000000,0.000000
1708008661083516712,0.043478,0.072464,0.884058,0.000000
1708008661103606131,0.000000,0.031250,0.968750,0.000000
1708008661123686869,0.000000,0.000000,1.000000,0.000000
1708008661143764352,0.015385,0.000000,0.984615,0.000000
1708008661163849384,0.000000,0.000000,1.000000,0.000000
1708008661183928236,0.000000,0.000000,1.000000,0.000000
1708008661204011882,0.000000,0.000000,1.000000,0.000000
1708008661224122025,0.000000,0.000000,1.000000,0.000000
1708008661244410594,0.031250,0.000000,0.968750,0.000000
1708008661264424746,0.015152,0.030303,0.954545,0.000000
1708008661284516332,0.031250,0.000000,0.968750,0.000000
1708008661304601988,0.031250,0.000000,0.968750,0.000000
1708008661324686429,0.000000,0.015625,0.984375,0.000000
1708008661344800952,0.031746,0.000000,0.968254,0.000000
1708008661364870061,0.000000,0.000000,1.000000,0.000000
1708008661384967525,0.047619,0.015873,0.936508,0.000000
1708008661405087411,0.123077,0.030769,0.846154,0.000000
1708008661425204791,0.015873,0.031746,0.952381,0.000000
1708008661445335023,0.049180,0.065574,0.885246,0.000000
1708008661465457183,0.063492,0.095238,0.841270,0.000000
1708008661485560314,0.032787,0.049180,0.918033,0.000000
1708008661505678447,0.046875,0.031250,0.921875,0.000000
1708008661525823797,0.174603,0.031746,0.793651,0.000000
1708008661545923743,0.123077,0.061538,0.815385,0.000000
1708008661566063244,0.095238,0.095238,0.809524,0.000000
1708008661586198727,0.151515,0.166667,0.681818,0.000000
1708008661606351417,0.166667,0.133333,0.700000,0.000000
1708008661626487616,0.081967,0.131148,0.786885,0.000000
1708008661646649001,0.264706,0.176471,0.558824,0.000000
1708008661666805959,0.171875,0.125000,0.703125,0.000000
1708008661686916432,0.218750,0.125000,0.656250,0.000000
1708008661707073288,0.432836,0.298507,0.268657,0.000000
1708008661727410560,0.358491,0.358491,0.283019,0.000000
1708008661747529363,0.538462,0.276923,0.184615,0.000000
1708008661767694004,0.415385,0.261538,0.323077,0.000000
1708008661787841657,0.375000,0.178571,0.446429,0.000000
1708008661807979440,0.571429,0.158730,0.269841,0.000000
1708008661828138110,0.661765,0.117647,0.220588,0.000000
1708008661848308519,0.370968,0.129032,0.500000,0.000000
1708008661868450773,0.312500,0.140625,0.546875,0.000000
1708008661888619223,0.276923,0.246154,0.476923,0.000000
1708008661909009650,0.612903,0.129032,0.258065,0.000000
1708008661929087044,0.491803,0.196721,0.311475,0.000000
1708008661949240412,0.688525,0.049180,0.262295,0.000000
1708008661969422450,0.482759,0.258621,0.258621,0.000000
1708008661989630051,0.578125,0.156250,0.265625,0.000000
1708008662009782726,0.507692,0.107692,0.384615,0.000000
1708008662029940017,0.196970,0.151515,0.651515,0.000000
1708008662050092937,0.258621,0.189655,0.551724,0.000000
1708008662070250608,0.543860,0.192982,0.263158,0.000000
1708008662090404844,0.381818,0.218182,0.400000,0.000000
1708008662110583321,0.600000,0.133333,0.266667,0.000000
1708008662130764536,0.397260,0.109589,0.493151,0.000000
1708008662150899872,0.253731,0.119403,0.626866,0.000000
1708008662171002784,0.111111,0.095238,0.793651,0.000000
1708008662191096453,0.140625,0.156250,0.703125,0.000000
1708008662211231190,0.122807,0.175439,0.701754,0.000000
1708008662231397078,0.421875,0.125000,0.453125,0.000000
1708008662251596571,0.515625,0.125000,0.359375,0.000000
1708008662271755154,0.166667,0.100000,0.733333,0.000000
1708008662291882532,0.421053,0.315789,0.263158,0.000000
1708008662312072553,0.540984,0.147541,0.311475,0.000000
1708008662332227196,0.133333,0.116667,0.750000,0.000000
1708008662352345986,0.217391,0.289855,0.492754,0.000000
1708008662372485709,0.610169,0.084746,0.305085,0.000000
1708008662392653941,0.156250,0.062500,0.781250,0.000000
1708008662412788611,0.084746,0.067797,0.847458,0.000000
1708008662432914746,0.339286,0.232143,0.428571,0.000000
1708008662453068904,0.573770,0.065574,0.360656,0.000000
1708008662473184132,0.242857,0.057143,0.700000,0.000000
1708008662493304070,0.156250,0.062500,0.781250,0.000000
1708008662513420179,0.111111,0.095238,0.793651,0.000000
1708008662533545322,0.215385,0.046154,0.738462,0.000000
1708008662553797321,0.092593,0.074074,0.833333,0.000000
1708008662573924469,0.500000,0.166667,0.333333,0.000000
1708008662594155639,0.492308,0.215385,0.292308,0.000000
1708008662614246792,0.449275,0.144928,0.405797,0.000000
1708008662634404447,0.380952,0.079365,0.539683,0.000000
1708008662654532031,0.205882,0.058824,0.735294,0.000000
1708008662674671740,0.092308,0.061538,0.846154,0.000000
1708008662694753467,0.093750,0.078125,0.828125,0.000000
1708008662714842748,0.078125,0.046875,0.875000,0.000000
1708008662734932807,0.138462,0.076923,0.784615,0.000000
1708008662755065156,0.126984,0.095238,0.777778,0.000000
1708008662775216197,0.126984,0.047619,0.825397,0.000000
1708008662795366006,0.140625,0.109375,0.750000,0.000000
1708008662815501152,0.234375,0.093750,0.671875,0.000000
1708008662835660973,0.079365,0.111111,0.809524,0.000000
1708008662856524502,0.164384,0.410959,0.424658,0.000000
1708008662876419510,0.391892,0.243243,0.364865,0.000000
1708008662896585912,0.641791,0.134328,0.223881,0.000000
1708008662916745795,0.525424,0.135593,0.338983,0.000000
1708008662936924903,0.485294,0.088235,0.426471,0.000000
1708008662957050397,0.175439,0.105263,0.719298,0.000000
1708008662977193978,0.093750,0.093750,0.812500,0.000000
1708008662997332939,0.253731,0.253731,0.492537,0.000000
1708008663017512393,0.660000,0.100000,0.240000,0.000000
1708008663037680812,0.206349,0.206349,0.587302,0.000000
1708008663057807249,0.315789,0.192982,0.491228,0.000000
1708008663077992040,0.571429,0.174603,0.253968,0.000000
1708008663098111007,0.253521,0.042254,0.704225,0.000000
1708008663118296318,0.156250,0.093750,0.750000,0.000000
1708008663138404412,0.206349,0.158730,0.634921,0.000000
1708008663158595875,0.280000,0.120000,0.600000,0.000000
1708008663178783595,0.514286,0.071429,0.414286,0.000000
1708008663198893153,0.242857,0.085714,0.671429,0.000000
1708008663219044700,0.129032,0.096774,0.774194,0.000000
1708008663239148459,0.227273,0.287879,0.484848,0.000000
1708008663259281400,0.688525,0.131148,0.180328,0.000000
1708008663279461646,0.126984,0.063492,0.809524,0.000000
1708008663299599554,0.169492,0.067797,0.762712,0.000000
1708008663319705054,0.031250,0.062500,0.906250,0.000000
1708008663339800909,0.224138,0.206897,0.568966,0.000000
1708008663359969469,0.597015,0.134328,0.268657,0.000000
1708008663380101083,0.098361,0.098361,0.803279,0.000000
1708008663400221074,0.137931,0.068966,0.793103,0.000000
1708008663420353106,0.138462,0.046154,0.815385,0.000000
1708008663440433846,0.092308,0.076923,0.830769,0.000000
1708008663460538773,0.079365,0.079365,0.841270,0.000000
1708008663480642150,0.079365,0.079365,0.841270,0.000000
1708008663500758701,0.078125,0.046875,0.875000,0.000000
1708008663520859362,0.079365,0.174603,0.746032,0.000000
1708008663541008844,0.375000,0.093750,0.531250,0.000000
1708008663561146977,0.666667,0.206349,0.126984,0.000000
1708008663581350523,0.513514,0.216216,0.270270,0.000000
1708008663601481757,0.118644,0.067797,0.813559,0.000000
1708008663621583260,0.228571,0.057143,0.714286,0.000000
1708008663641693110,0.062500,0.046875,0.890625,0.000000
1708008663661776791,0.046875,0.062500,0.890625,0.000000
1708008663681892586,0.092308,0.046154,0.861538,0.000000
1708008663702016616,0.046875,0.062500,0.890625,0.000000
1708008663722106977,0.079365,0.031746,0.888889,0.000000
1708008663742226357,0.137931,0.137931,0.724138,0.000000
1708008663762400266,0.508772,0.140351,0.350877,0.000000
1708008663782527253,0.176471,0.044118,0.779412,0.000000
1708008663802679726,0.254237,0.237288,0.508475,0.000000
