Time,User,Kernel,Idle,IoWait
1707464035412585229,0.894737,0.105263,0.000000,0.000000
1707464035512679938,0.550000,0.100000,0.350000,0.000000
1707464035612769259,0.550000,0.000000,0.450000,0.000000
1707464035712848050,0.619048,0.095238,0.285714,0.000000
1707464035812945302,0.555556,0.111111,0.333333,0.000000
1707464035913036040,0.631579,0.210526,0.157895,0.000000
1707464036013128037,0.571429,0.285714,0.142857,0.000000
1707464036113224727,0.500000,0.111111,0.388889,0.000000
1707464036213747757,0.600000,0.150000,0.250000,0.000000
1707464036313743583,0.700000,0.250000,0.050000,0.000000
1707464036413833388,0.809524,0.190476,0.000000,0.000000
1707464036513930170,0.684211,0.315789,0.000000,0.000000
1707464036614024430,0.800000,0.200000,0.000000,0.000000
1707464036714127570,0.700000,0.300000,0.000000,0.000000
1707464036814220020,0.850000,0.150000,0.000000,0.000000
1707464036914275301,0.800000,0.200000,0.000000,0.000000
1707464037014407915,0.842105,0.157895,0.000000,0.000000
1707464037114485940,0.952381,0.047619,0.000000,0.000000
1707464037214582012,0.950000,0.050000,0.000000,0.000000
1707464037314687793,1.000000,0.000000,0.000000,0.000000
1707464037414778598,1.000000,0.000000,0.000000,0.000000
1707464037515487680,0.904762,0.095238,0.000000,0.000000
1707464037615385636,0.714286,0.142857,0.142857,0.000000
1707464037715487350,0.047619,0.047619,0.904762,0.000000
1707464037815557336,0.000000,0.105263,0.894737,0.000000
1707464037915630734,0.000000,0.000000,1.000000,0.000000
1707464038015694012,0.000000,0.000000,1.000000,0.000000
1707464038115767507,0.000000,0.000000,1.000000,0.000000
1707464038215843633,0.277778,0.000000,0.722222,0.000000
1707464038315933087,0.315789,0.105263,0.578947,0.000000
1707464038416019625,0.210526,0.421053,0.368421,0.000000
1707464038516141523,0.058824,0.117647,0.823529,0.000000
1707464038616222572,0.428571,0.285714,0.285714,0.000000
1707464038716322622,0.550000,0.450000,0.000000,0.000000
1707464038816409234,0.631579,0.368421,0.000000,0.000000
1707464038917094993,0.600000,0.400000,0.000000,0.000000
1707464039017060863,0.700000,0.300000,0.000000,0.000000
1707464039117201871,1.000000,0.000000,0.000000,0.000000
1707464039217339862,1.000000,0.000000,0.000000,0.000000
1707464039317478406,0.950000,0.050000,0.000000,0.000000
1707464039417615050,0.950000,0.050000,0.000000,0.000000
1707464039517760839,0.950000,0.050000,0.000000,0.000000
1707464039617778957,0.800000,0.100000,0.100000,0.000000
1707464039717911452,0.050000,0.000000,0.950000,0.000000
1707464039818026340,0.055556,0.111111,0.833333,0.000000
1707464039918125711,0.000000,0.000000,1.000000,0.000000
1707464040018215740,0.000000,0.000000,1.000000,0.000000
1707464040118276700,0.000000,0.000000,1.000000,0.000000
1707464040218343889,0.000000,0.000000,1.000000,0.000000
1707464040318430117,0.250000,0.100000,0.650000,0.000000
1707464040418667246,0.300000,0.050000,0.650000,0.000000
1707464040518735265,0.375000,0.312500,0.312500,0.000000
1707464040618831102,0.210526,0.210526,0.578947,0.000000
1707464040718980327,0.142857,0.047619,0.809524,0.000000
1707464040819094826,0.631579,0.210526,0.157895,0.000000
1707464040919218165,0.761905,0.238095,0.000000,0.000000
1707464041019344073,0.578947,0.368421,0.052632,0.000000
1707464041119469080,0.850000,0.150000,0.000000,0.000000
1707464041219591331,0.904762,0.095238,0.000000,0.000000
1707464041319727221,0.900000,0.100000,0.000000,0.000000
1707464041419859864,0.894737,0.105263,0.000000,0.000000
1707464041519986272,1.000000,0.000000,0.000000,0.000000
1707464041620106520,0.900000,0.100000,0.000000,0.000000
1707464041720232059,0.952381,0.047619,0.000000,0.000000
1707464041820361183,0.421053,0.157895,0.421053,0.000000
1707464041920483743,0.000000,0.000000,1.000000,0.000000
1707464042020589757,0.052632,0.052632,0.894737,0.000000
1707464042120706595,0.000000,0.000000,1.000000,0.000000
1707464042220762221,0.000000,0.000000,1.000000,0.000000
1707464042320832350,0.000000,0.000000,1.000000,0.000000
1707464042420927673,0.263158,0.052632,0.684211,0.000000
1707464042521071671,0.388889,0.055556,0.555556,0.000000
1707464042621192485,0.400000,0.466667,0.133333,0.000000
1707464042721336997,0.368421,0.315789,0.315789,0.000000
1707464042821381538,0.500000,0.500000,0.000000,0.000000
1707464042921523131,0.700000,0.300000,0.000000,0.000000
1707464043021643044,0.650000,0.350000,0.000000,0.000000
1707464043121760099,0.857143,0.142857,0.000000,0.000000
1707464043221876132,0.950000,0.050000,0.000000,0.000000
1707464043321994930,0.947368,0.052632,0.000000,0.000000
1707464043422114482,1.000000,0.000000,0.000000,0.000000
1707464043522229863,0.904762,0.095238,0.000000,0.000000
1707464043622334210,1.000000,0.000000,0.000000,0.000000
1707464043722450472,0.761905,0.142857,0.095238,0.000000
1707464043822574303,0.100000,0.050000,0.850000,0.000000
1707464043922678202,0.047619,0.095238,0.857143,0.000000
1707464044022785520,0.000000,0.000000,1.000000,0.000000
1707464044122858748,0.047619,0.000000,0.952381,0.000000
1707464044222921799,0.000000,0.000000,1.000000,0.000000
1707464044322994315,0.000000,0.000000,1.000000,0.000000
1707464044423100901,0.000000,0.000000,1.000000,0.000000
1707464044523169653,0.000000,0.000000,1.000000,0.000000
1707464044623257560,0.000000,0.000000,1.000000,0.000000
1707464044723462305,0.105263,0.052632,0.842105,0.000000
1707464044823561131,0.363636,0.090909,0.545455,0.000000
1707464044923723694,0.400000,0.400000,0.200000,0.000000
1707464045023865839,0.500000,0.300000,0.200000,0.000000
1707464045123998500,0.700000,0.300000,0.000000,0.000000
1707464045224130855,0.600000,0.400000,0.000000,0.000000
1707464045324262545,0.750000,0.250000,0.000000,0.000000
1707464045424408499,0.523810,0.428571,0.047619,0.000000
1707464045524549409,0.850000,0.150000,0.000000,0.000000
1707464045624692627,0.950000,0.050000,0.000000,0.000000
1707464045724832818,0.950000,0.050000,0.000000,0.000000
1707464045824976232,1.000000,0.000000,0.000000,0.000000
1707464045925114010,0.950000,0.050000,0.000000,0.000000
1707464046025232778,1.000000,0.000000,0.000000,0.000000
1707464046125260318,0.200000,0.000000,0.800000,0.000000
1707464046225388263,0.090909,0.181818,0.727273,0.000000
1707464046325496783,0.111111,0.055556,0.833333,0.000000
1707464046425610214,0.000000,0.000000,1.000000,0.000000
1707464046525719603,0.050000,0.050000,0.900000,0.000000
1707464046625843852,0.190476,0.047619,0.761905,0.000000
1707464046725956039,0.500000,0.055556,0.444444,0.000000
1707464046826073855,0.352941,0.411765,0.235294,0.000000
1707464046926191843,0.555556,0.277778,0.166667,0.000000
1707464047026346923,0.571429,0.428571,0.000000,0.000000
1707464047126466167,0.650000,0.350000,0.000000,0.000000
1707464047226591591,0.700000,0.300000,0.000000,0.000000
1707464047326717416,0.578947,0.368421,0.052632,0.000000
1707464047426844652,0.809524,0.190476,0.000000,0.000000
1707464047526994865,1.000000,0.000000,0.000000,0.000000
1707464047627102927,1.000000,0.000000,0.000000,0.000000
1707464047727228873,0.950000,0.050000,0.000000,0.000000
1707464047827357356,0.950000,0.050000,0.000000,0.000000
1707464047927483424,0.950000,0.050000,0.000000,0.000000
1707464048027588879,0.150000,0.050000,0.800000,0.000000
1707464048127694801,0.100000,0.200000,0.700000,0.000000
1707464048227814037,0.200000,0.000000,0.800000,0.000000
1707464048327916544,0.050000,0.000000,0.950000,0.000000
1707464048428027523,0.062500,0.062500,0.875000,0.250000
1707464048528145397,0.105263,0.000000,0.894737,0.000000
1707464048632203150,0.428571,0.142857,0.428571,0.000000
1707464048730999803,0.529412,0.411765,0.058824,0.000000
1707464048831216716,0.421053,0.526316,0.052632,0.000000
1707464048931305884,0.421053,0.578947,0.000000,0.000000
1707464049031428850,0.700000,0.300000,0.000000,0.000000
1707464049131552126,0.600000,0.400000,0.000000,0.000000
1707464049231673341,0.600000,0.400000,0.000000,0.000000
1707464049331793859,0.500000,0.500000,0.000000,0.000000
1707464049431918790,0.571429,0.428571,0.000000,0.000000
1707464049532042311,0.947368,0.052632,0.000000,0.000000
1707464049632171270,0.950000,0.050000,0.000000,0.000000
1707464049732295038,0.950000,0.050000,0.000000,0.000000
1707464049832423336,1.000000,0.000000,0.000000,0.000000
1707464049932553201,1.000000,0.000000,0.000000,0.000000
1707464050032677578,0.809524,0.095238,0.095238,0.000000
1707464050132877773,0.050000,0.000000,0.950000,0.000000
1707464050232880675,0.050000,0.200000,0.750000,0.000000
1707464050333010283,0.000000,0.000000,1.000000,0.000000
1707464050433091994,0.000000,0.000000,1.000000,0.000000
1707464050533155429,0.000000,0.000000,1.000000,0.000000
1707464050633261510,0.142857,0.095238,0.761905,0.000000
1707464050733389297,0.500000,0.000000,0.500000,0.000000
1707464050833515331,0.352941,0.470588,0.176471,0.000000
1707464050933649131,0.500000,0.350000,0.150000,0.000000
1707464051033774774,0.650000,0.350000,0.000000,0.000000
1707464051133901522,0.700000,0.300000,0.000000,0.000000
1707464051234026103,0.750000,0.250000,0.000000,0.000000
1707464051334148155,0.800000,0.200000,0.000000,0.000000
1707464051434281556,0.900000,0.100000,0.000000,0.000000
1707464051534407062,0.950000,0.050000,0.000000,0.000000
1707464051634528517,0.950000,0.050000,0.000000,0.000000
1707464051734656268,1.000000,0.000000,0.000000,0.000000
1707464051834779794,1.000000,0.000000,0.000000,0.000000
1707464051934885643,0.850000,0.050000,0.100000,0.000000
1707464052034975834,0.050000,0.000000,0.950000,0.000000
1707464052135077891,0.105263,0.105263,0.789474,0.000000
1707464052235167246,0.190476,0.047619,0.761905,0.000000
1707464052335263228,0.095238,0.000000,0.904762,0.000000
1707464052435367462,0.090909,0.045455,0.863636,0.000000
1707464052535460964,0.000000,0.000000,1.000000,0.000000
1707464052635555333,0.350000,0.050000,0.600000,0.000000
1707464052735638995,0.368421,0.315789,0.315789,0.000000
1707464052835771362,0.470588,0.529412,0.000000,0.000000
1707464052935885045,0.352941,0.647059,0.000000,0.000000
1707464053036006507,0.428571,0.571429,0.000000,0.000000
1707464053136138549,0.578947,0.421053,0.000000,0.000000
1707464053236277105,0.500000,0.500000,0.000000,0.000000
1707464053336389808,0.666667,0.333333,0.000000,0.000000
1707464053436508444,0.700000,0.300000,0.000000,0.000000
1707464053536621222,0.750000,0.250000,0.000000,0.000000
1707464053636747489,0.900000,0.100000,0.000000,0.000000
1707464053736941795,1.000000,0.000000,0.000000,0.000000
1707464053837037913,1.000000,0.000000,0.000000,0.000000
1707464053937162128,1.000000,0.000000,0.000000,0.000000
1707464054039369245,0.904762,0.095238,0.000000,0.000000
1707464054138777675,0.550000,0.050000,0.400000,0.000000
1707464054238876295,0.105263,0.105263,0.789474,0.000000
1707464054338974273,0.000000,0.000000,1.000000,0.000000
1707464054439059573,0.000000,0.000000,1.000000,0.000000
1707464054539144759,0.000000,0.000000,1.000000,0.000000
1707464054639229336,0.100000,0.000000,0.900000,0.000000
1707464054744653300,0.300000,0.050000,0.650000,0.000000
1707464054843006371,0.500000,0.350000,0.150000,0.000000
1707464054943236959,0.444444,0.333333,0.222222,0.000000
1707464055043339432,0.650000,0.350000,0.000000,0.000000
1707464055143460834,0.700000,0.300000,0.000000,0.000000
1707464055243582898,0.650000,0.350000,0.000000,0.000000
1707464055343730899,0.800000,0.200000,0.000000,0.000000
1707464055443854412,0.800000,0.200000,0.000000,0.000000
1707464055543983624,1.000000,0.000000,0.000000,0.000000
1707464055644110815,0.952381,0.047619,0.000000,0.000000
1707464055744235078,1.000000,0.000000,0.000000,0.000000
1707464055844362891,1.000000,0.000000,0.000000,0.000000
1707464055944462533,0.714286,0.047619,0.238095,0.000000
1707464056044574178,0.100000,0.100000,0.800000,0.000000
1707464056144700386,0.000000,0.052632,0.947368,0.000000
1707464056244787416,0.000000,0.000000,1.000000,0.000000
1707464056344883569,0.000000,0.000000,1.000000,0.000000
1707464056444953975,0.000000,0.000000,1.000000,0.000000
1707464056545025538,0.000000,0.000000,1.000000,0.000000
1707464056645101263,0.000000,0.000000,1.000000,0.000000
1707464056745186600,0.000000,0.000000,1.000000,0.000000
1707464056845286198,0.000000,0.000000,1.000000,0.000000
1707464056945348502,0.000000,0.000000,1.000000,0.000000
1707464057045419995,0.000000,0.000000,1.000000,0.000000
1707464057145497765,0.000000,0.000000,1.000000,0.000000
1707464057245565585,0.000000,0.000000,1.000000,0.000000
1707464057345642503,0.000000,0.000000,1.000000,0.000000
1707464057445713282,0.000000,0.000000,1.000000,0.000000
1707464057545781538,0.000000,0.000000,1.000000,0.000000
1707464057645854742,0.000000,0.000000,1.000000,0.000000
1707464057745918763,0.000000,0.000000,1.000000,0.000000
1707464057845983175,0.000000,0.000000,1.000000,0.000000
1707464057946049485,0.000000,0.000000,1.000000,0.000000
1707464058046116656,0.000000,0.000000,1.000000,0.000000
1707464058146180965,0.000000,0.000000,1.000000,0.000000
1707464058246248450,0.000000,0.000000,1.000000,0.000000
1707464058346314159,0.000000,0.000000,1.000000,0.000000
1707464058446311143,0.000000,0.000000,1.000000,0.000000
1707464058546405749,0.000000,0.000000,1.000000,0.000000
1707464058646469527,0.000000,0.000000,1.000000,0.000000
1707464058746535486,0.000000,0.000000,1.000000,0.000000
1707464058846604486,0.000000,0.000000,1.000000,0.000000
1707464058946674610,0.000000,0.000000,1.000000,0.818182
1707464059046726497,0.000000,0.000000,1.000000,0.900000
1707464059146854400,0.000000,0.000000,1.000000,0.818182
1707464059246975116,0.000000,0.058824,0.941176,0.235294
1707464059347061336,0.000000,0.000000,1.000000,0.000000
1707464059447116778,0.000000,0.000000,1.000000,0.000000
1707464059547184080,0.000000,0.000000,1.000000,0.000000
1707464059647248981,0.000000,0.000000,1.000000,0.000000
1707464059747315704,0.000000,0.000000,1.000000,0.000000
1707464059847383067,0.000000,0.000000,1.000000,0.000000
1707464059947449316,0.000000,0.000000,1.000000,0.000000
1707464060047514430,0.000000,0.000000,1.000000,0.000000
1707464060147579899,0.000000,0.000000,1.000000,0.000000
1707464060247645822,0.000000,0.000000,1.000000,0.000000
1707464060347712384,0.000000,0.000000,1.000000,0.000000
1707464060447781366,0.000000,0.000000,1.000000,0.000000
1707464060547851756,0.000000,0.000000,1.000000,0.000000
1707464060647918120,0.000000,0.000000,1.000000,0.000000
1707464060747999469,0.000000,0.000000,1.000000,0.000000
1707464060848101668,0.000000,0.000000,1.000000,0.000000
1707464060948168247,0.000000,0.000000,1.000000,0.000000
1707464061048263337,0.000000,0.000000,1.000000,0.000000
1707464061148333883,0.000000,0.000000,1.000000,0.000000
1707464061248401336,0.000000,0.000000,1.000000,0.000000
1707464061348475196,0.000000,0.000000,1.000000,0.000000
1707464061448545824,0.000000,0.000000,1.000000,0.000000
1707464061548628261,0.000000,0.000000,1.000000,0.000000
1707464061648710124,0.000000,0.000000,1.000000,0.000000
1707464061748783118,0.000000,0.000000,1.000000,0.000000
1707464061848858925,0.000000,0.000000,1.000000,0.000000
1707464061948933571,0.000000,0.000000,1.000000,0.000000
1707464062049008833,0.000000,0.000000,1.000000,0.000000
1707464062149082244,0.000000,0.000000,1.000000,0.000000
1707464062249156793,0.000000,0.000000,1.000000,0.000000
1707464062349227067,0.000000,0.000000,1.000000,0.000000
1707464062449294472,0.000000,0.000000,1.000000,0.000000
1707464062549364870,0.000000,0.000000,1.000000,0.000000
1707464062649427709,0.000000,0.000000,1.000000,0.000000
1707464062749492889,0.000000,0.000000,1.000000,0.000000
1707464062849558958,0.000000,0.000000,1.000000,0.000000
1707464062949624713,0.000000,0.000000,1.000000,0.000000
1707464063049690608,0.000000,0.000000,1.000000,0.000000
1707464063149756773,0.000000,0.000000,1.000000,0.000000
1707464063249811620,0.000000,0.000000,1.000000,0.000000
1707464063349885231,0.000000,0.000000,1.000000,0.000000
1707464063449949988,0.000000,0.000000,1.000000,0.000000
1707464063550017017,0.000000,0.000000,1.000000,0.000000
1707464063650081904,0.000000,0.000000,1.000000,0.000000
1707464063750146980,0.000000,0.000000,1.000000,0.000000
1707464063850213932,0.000000,0.000000,1.000000,0.000000
1707464063950307932,0.000000,0.000000,1.000000,0.000000
1707464064050385450,0.000000,0.000000,1.000000,0.000000
1707464064150451659,0.000000,0.000000,1.000000,0.000000
1707464064250528385,0.000000,0.000000,1.000000,0.055556
1707464064350632727,0.000000,0.000000,1.000000,0.583333
1707464064450752686,0.000000,0.090909,0.909091,0.909091
1707464064550847072,0.000000,0.083333,0.916667,0.666667
1707464064650976292,0.000000,0.000000,1.000000,0.666667
1707464064751076776,0.000000,0.000000,1.000000,0.111111
1707464064851172726,0.000000,0.000000,1.000000,0.000000
1707464064951230865,0.000000,0.000000,1.000000,0.000000
1707464065051298340,0.000000,0.000000,1.000000,0.000000
1707464065151368719,0.000000,0.000000,1.000000,0.000000
1707464065251437607,0.000000,0.000000,1.000000,0.000000
1707464065351502600,0.000000,0.000000,1.000000,0.000000
1707464065451569118,0.000000,0.000000,1.000000,0.000000
1707464065551636969,0.000000,0.000000,1.000000,0.000000
1707464065651705060,0.000000,0.047619,0.952381,0.000000
1707464065751775244,0.000000,0.000000,1.000000,0.000000
1707464065851871880,0.050000,0.000000,0.950000,0.000000
1707464065951976417,0.000000,0.000000,1.000000,0.000000
1707464066052087569,0.000000,0.000000,1.000000,0.000000
1707464066152140303,0.000000,0.000000,1.000000,0.000000
1707464066252210479,0.000000,0.000000,1.000000,0.000000
1707464066352286758,0.000000,0.000000,1.000000,0.000000
1707464066452356943,0.000000,0.000000,1.000000,0.000000
1707464066552423979,0.000000,0.000000,1.000000,0.000000
1707464066652496150,0.000000,0.000000,1.000000,0.000000
1707464066752559811,0.000000,0.000000,1.000000,0.000000
1707464066852631465,0.000000,0.000000,1.000000,0.000000
1707464066952697237,0.000000,0.000000,1.000000,0.000000
1707464067052770109,0.000000,0.000000,1.000000,0.000000
1707464067152833703,0.000000,0.000000,1.000000,0.000000
1707464067252909197,0.000000,0.000000,1.000000,0.000000
1707464067352977468,0.000000,0.000000,1.000000,0.000000
1707464067453047742,0.000000,0.000000,1.000000,0.000000
1707464067553118581,0.000000,0.000000,1.000000,0.000000
1707464067653187548,0.000000,0.000000,1.000000,0.000000
1707464067753254671,0.000000,0.000000,1.000000,0.000000
1707464067853321724,0.000000,0.000000,1.000000,0.000000
1707464067953393681,0.000000,0.000000,1.000000,0.000000
1707464068053474105,0.000000,0.000000,1.000000,0.000000
1707464068153541707,0.000000,0.000000,1.000000,0.000000
1707464068253620412,0.000000,0.000000,1.000000,0.000000
1707464068353688502,0.000000,0.000000,1.000000,0.000000
1707464068453767694,0.000000,0.000000,1.000000,0.000000
1707464068553849726,0.000000,0.000000,1.000000,0.000000
