Time,User,Kernel,Idle,IoWait
1708693814721361762,0.105263,0.000000,0.894737,0.000000
1708693814821469080,0.166667,0.111111,0.722222,0.000000
1708693814921543410,0.150000,0.100000,0.750000,0.000000
1708693815021684163,0.117647,0.176471,0.705882,0.000000
1708693815121787172,0.058824,0.235294,0.705882,0.000000
1708693815221876558,0.000000,0.166667,0.833333,0.000000
1708693815322014899,0.166667,0.111111,0.722222,0.000000
1708693815422096245,0.450000,0.450000,0.100000,0.000000
1708693815522180969,0.550000,0.400000,0.050000,0.000000
1708693815622359631,0.600000,0.200000,0.200000,0.000000
1708693815722469549,0.800000,0.200000,0.000000,0.000000
1708693815822594590,0.800000,0.200000,0.000000,0.000000
1708693815922723178,0.900000,0.100000,0.000000,0.000000
1708693816022843020,0.800000,0.200000,0.000000,0.000000
1708693816122969714,0.850000,0.100000,0.050000,0.000000
1708693816223083401,0.789474,0.105263,0.105263,0.000000
1708693816323212636,0.809524,0.142857,0.047619,0.000000
1708693816423332301,0.736842,0.157895,0.105263,0.000000
1708693816523431713,0.388889,0.055556,0.555556,0.000000
1708693816623470526,0.000000,0.052632,0.947368,0.000000
1708693816723539213,0.000000,0.000000,1.000000,0.000000
1708693816823676460,0.000000,0.000000,1.000000,0.000000
1708693816923742886,0.050000,0.000000,0.950000,0.000000
1708693817023899716,0.000000,0.052632,0.947368,0.000000
1708693817123996061,0.000000,0.000000,1.000000,0.000000
1708693817224057886,0.166667,0.055556,0.777778,0.000000
1708693817324187859,0.529412,0.294118,0.176471,0.000000
1708693817424208022,0.176471,0.352941,0.470588,0.000000
1708693817524355888,0.400000,0.400000,0.200000,0.000000
1708693817624468383,0.736842,0.263158,0.000000,0.000000
1708693817724526584,0.600000,0.350000,0.050000,0.000000
1708693817824666462,0.500000,0.300000,0.200000,0.000000
1708693817924793091,0.789474,0.210526,0.000000,0.000000
1708693818024863739,0.750000,0.250000,0.000000,0.000000
1708693818125000873,0.850000,0.150000,0.000000,0.000000
1708693818225092045,0.947368,0.052632,0.000000,0.000000
1708693818325180180,0.750000,0.250000,0.000000,0.000000
1708693818425299568,0.900000,0.100000,0.000000,0.000000
1708693818525412236,0.850000,0.050000,0.100000,0.000000
1708693818625506813,0.450000,0.200000,0.350000,0.000000
1708693818725616160,0.055556,0.000000,0.944444,0.000000
1708693818825678569,0.000000,0.050000,0.950000,0.000000
1708693818925754737,0.000000,0.000000,1.000000,0.000000
1708693819025888387,0.050000,0.050000,0.900000,0.000000
1708693819125967225,0.235294,0.000000,0.764706,0.000000
1708693819226073498,0.312500,0.437500,0.250000,0.000000
1708693819326192668,0.555556,0.222222,0.222222,0.000000
1708693819426311362,0.750000,0.250000,0.000000,0.000000
1708693819526452915,0.619048,0.380952,0.000000,0.000000
1708693819626562210,0.700000,0.300000,0.000000,0.000000
1708693819726685782,0.750000,0.250000,0.000000,0.000000
1708693819826817429,0.750000,0.250000,0.000000,0.000000
1708693819926872661,0.842105,0.157895,0.000000,0.000000
1708693820027023108,0.857143,0.142857,0.000000,0.000000
1708693820127150336,0.900000,0.100000,0.000000,0.000000
1708693820227223678,0.947368,0.052632,0.000000,0.000000
1708693820327365214,0.900000,0.100000,0.000000,0.000000
1708693820427418332,0.578947,0.157895,0.263158,0.000000
1708693820527523479,0.052632,0.105263,0.842105,0.000000
1708693820627630769,0.000000,0.000000,1.000000,0.000000
1708693820727727105,0.000000,0.000000,1.000000,0.000000
1708693820827826138,0.000000,0.000000,1.000000,0.000000
1708693820927909741,0.000000,0.000000,1.000000,0.000000
1708693821028016193,0.000000,0.000000,1.000000,0.000000
1708693821128111239,0.000000,0.000000,1.000000,0.000000
1708693821228209150,0.000000,0.000000,1.000000,0.000000
1708693821328293805,0.000000,0.000000,1.000000,0.000000
1708693821428332306,0.000000,0.000000,1.000000,0.000000
1708693821528441743,0.000000,0.000000,1.000000,0.000000
1708693821628548759,0.000000,0.000000,1.000000,0.000000
1708693821728607346,0.000000,0.000000,1.000000,0.000000
1708693821828672679,0.000000,0.000000,1.000000,0.000000
1708693821928749386,0.000000,0.000000,1.000000,0.000000
1708693822028793587,0.000000,0.000000,1.000000,0.000000
1708693822128929553,0.000000,0.000000,1.000000,0.000000
1708693822229014876,0.000000,0.000000,1.000000,0.000000
1708693822329138560,0.000000,0.000000,1.000000,0.000000
1708693822429281816,0.000000,0.000000,1.000000,0.000000
1708693822529264841,0.000000,0.000000,1.000000,0.000000
1708693822629402376,0.000000,0.000000,1.000000,0.000000
1708693822729494779,0.000000,0.000000,1.000000,0.000000
1708693822829583567,0.000000,0.000000,1.000000,0.000000
1708693822929661504,0.000000,0.000000,1.000000,0.000000
1708693823029740530,0.000000,0.000000,1.000000,0.000000
1708693823129861424,0.000000,0.000000,1.000000,0.000000
1708693823229936676,0.000000,0.000000,1.000000,0.000000
1708693823330017602,0.000000,0.000000,1.000000,0.000000
1708693823430141139,0.000000,0.000000,1.000000,0.000000
1708693823530225202,0.000000,0.000000,1.000000,0.000000
1708693823630273594,0.000000,0.052632,0.947368,0.000000
1708693823730440049,0.000000,0.000000,1.000000,0.000000
1708693823830449072,0.000000,0.000000,1.000000,0.000000
1708693823930527916,0.000000,0.000000,1.000000,0.000000
1708693824030612216,0.000000,0.000000,1.000000,0.000000
1708693824130659370,0.000000,0.000000,1.000000,0.000000
1708693824230746281,0.000000,0.000000,1.000000,0.000000
1708693824330791209,0.000000,0.000000,1.000000,0.000000
1708693824430865560,0.000000,0.000000,1.000000,0.000000
1708693824530949034,0.000000,0.000000,1.000000,0.000000
1708693824631049237,0.000000,0.000000,1.000000,0.000000
1708693824731151628,0.000000,0.000000,1.000000,0.000000
1708693824831189033,0.000000,0.000000,1.000000,0.000000
1708693824931322731,0.000000,0.000000,1.000000,0.000000
1708693825031462129,0.000000,0.000000,1.000000,0.000000
1708693825131444014,0.000000,0.000000,1.000000,0.000000
1708693825231562858,0.000000,0.000000,1.000000,0.000000
1708693825331584683,0.000000,0.000000,1.000000,0.000000
1708693825431721143,0.000000,0.000000,1.000000,0.000000
1708693825531894013,0.000000,0.000000,1.000000,0.000000
1708693825631910229,0.000000,0.000000,1.000000,0.000000
1708693825732102460,0.000000,0.000000,1.000000,0.000000
1708693825832121838,0.000000,0.000000,1.000000,0.000000
1708693825932236316,0.000000,0.000000,1.000000,0.000000
1708693826032336685,0.000000,0.000000,1.000000,0.000000
1708693826132436971,0.000000,0.000000,1.000000,0.000000
1708693826232525704,0.000000,0.000000,1.000000,0.000000
1708693826332614427,0.000000,0.000000,1.000000,0.000000
1708693826432691815,0.000000,0.000000,1.000000,0.000000
1708693826532769420,0.000000,0.000000,1.000000,0.000000
1708693826632852968,0.000000,0.000000,1.000000,0.000000
1708693826732937878,0.000000,0.000000,1.000000,0.000000
1708693826833077786,0.000000,0.050000,0.950000,0.000000
1708693826933105601,0.000000,0.000000,1.000000,0.000000
1708693827033279336,0.000000,0.000000,1.000000,0.000000
1708693827133303585,0.000000,0.000000,1.000000,0.000000
1708693827233418883,0.000000,0.000000,1.000000,0.000000
1708693827333471067,0.000000,0.000000,1.000000,0.000000
1708693827433526961,0.000000,0.000000,1.000000,0.000000
1708693827533648801,0.000000,0.000000,1.000000,0.000000
1708693827633763381,0.000000,0.000000,1.000000,0.000000
1708693827733828456,0.000000,0.000000,1.000000,0.000000
1708693827833857066,0.000000,0.000000,1.000000,0.000000
1708693827933985756,0.000000,0.000000,1.000000,0.000000
1708693828034079358,0.000000,0.000000,1.000000,0.000000
1708693828134145523,0.000000,0.000000,1.000000,0.000000
1708693828234212788,0.000000,0.000000,1.000000,0.000000
1708693828334337364,0.000000,0.000000,1.000000,0.000000
1708693828434426425,0.000000,0.000000,1.000000,0.000000
1708693828534467943,0.000000,0.000000,1.000000,0.000000
1708693828634535057,0.000000,0.000000,1.000000,0.000000
1708693828734648160,0.000000,0.000000,1.000000,0.000000
1708693828834744939,0.000000,0.000000,1.000000,0.000000
1708693828934801572,0.000000,0.000000,1.000000,0.000000
1708693829034926744,0.000000,0.000000,1.000000,0.000000
1708693829135095596,0.000000,0.000000,1.000000,0.000000
1708693829235142996,0.050000,0.000000,0.950000,0.000000
1708693829335167101,0.000000,0.000000,1.000000,0.000000
1708693829435300623,0.000000,0.000000,1.000000,0.000000
1708693829535392977,0.000000,0.000000,1.000000,0.000000
1708693829635499180,0.000000,0.000000,1.000000,0.000000
1708693829735581753,0.000000,0.050000,0.950000,0.000000
1708693829835670412,0.000000,0.000000,1.000000,0.000000
1708693829935774872,0.000000,0.000000,1.000000,0.000000
1708693830035797987,0.000000,0.000000,1.000000,0.000000
1708693830135872291,0.166667,0.000000,0.833333,0.000000
1708693830236026725,0.714286,0.071429,0.214286,0.000000
1708693830336156693,0.578947,0.368421,0.052632,0.000000
1708693830436273602,0.650000,0.350000,0.000000,0.000000
1708693830536402763,0.700000,0.300000,0.000000,0.000000
1708693830636518554,0.809524,0.190476,0.000000,0.000000
1708693830736647461,0.700000,0.300000,0.000000,0.000000
1708693830836719395,0.736842,0.263158,0.000000,0.000000
1708693830936870423,0.850000,0.150000,0.000000,0.000000
1708693831036990045,0.761905,0.238095,0.000000,0.000000
1708693831137109424,0.842105,0.157895,0.000000,0.000000
1708693831237225456,0.857143,0.142857,0.000000,0.000000
1708693831337285126,0.833333,0.166667,0.000000,0.000000
1708693831437409442,0.600000,0.150000,0.250000,0.000000
1708693831537508441,0.052632,0.052632,0.894737,0.000000
1708693831637614976,0.000000,0.000000,1.000000,0.000000
1708693831737713416,0.000000,0.000000,1.000000,0.000000
1708693831837824954,0.000000,0.000000,1.000000,0.000000
1708693831937927026,0.105263,0.000000,0.894737,0.000000
1708693832038043913,0.333333,0.111111,0.555556,0.000000
1708693832138150308,0.352941,0.470588,0.176471,0.000000
1708693832238277233,0.444444,0.333333,0.222222,0.000000
1708693832338414165,0.666667,0.333333,0.000000,0.000000
1708693832438525132,0.666667,0.333333,0.000000,0.000000
1708693832538656024,0.684211,0.315789,0.000000,0.000000
1708693832638790115,0.700000,0.300000,0.000000,0.000000
1708693832738917671,0.809524,0.190476,0.000000,0.000000
1708693832839055619,0.894737,0.105263,0.000000,0.000000
1708693832939169043,0.850000,0.150000,0.000000,0.000000
1708693833039284409,0.900000,0.100000,0.000000,0.000000
1708693833143848640,0.850000,0.150000,0.000000,0.000000
1708693833242491124,0.761905,0.190476,0.047619,0.000000
1708693833342617439,0.666667,0.055556,0.277778,0.000000
1708693833442662826,0.000000,0.055556,0.944444,0.000000
1708693833542780350,0.000000,0.000000,1.000000,0.000000
1708693833642971782,0.000000,0.000000,1.000000,0.000000
1708693833742979283,0.000000,0.000000,1.000000,0.000000
1708693833843066196,0.000000,0.000000,1.000000,0.000000
