Time,User,Kernel,Idle,IoWait
1708598433539667371,0.063898,0.022364,0.913738,0.000000
1708598433639779242,0.028213,0.003135,0.968652,0.000000
1708598433739877170,0.075235,0.037618,0.887147,0.000000
1708598433839993269,0.035370,0.019293,0.945338,0.000000
1708598433940120212,0.041801,0.070740,0.887460,0.000000
1708598434040252032,0.032468,0.051948,0.915584,0.000000
1708598434140363966,0.041009,0.059937,0.899054,0.000000
1708598434240495450,0.151420,0.119874,0.728707,0.000000
1708598434340659274,0.430868,0.225080,0.344051,0.000000
1708598434440801416,0.486928,0.245098,0.267974,0.000000
1708598434540931552,0.610224,0.153355,0.236422,0.000000
1708598434641100823,0.323232,0.114478,0.562290,0.000000
1708598434741216208,0.388715,0.122257,0.489028,0.000000
1708598434841352711,0.090615,0.080906,0.828479,0.000000
1708598434941479832,0.186851,0.093426,0.719723,0.000000
1708598435041597213,0.049020,0.088235,0.862745,0.000000
1708598435141736764,0.082508,0.105611,0.811881,0.000000
1708598435241905018,0.229299,0.171975,0.598726,0.000000
1708598435341996480,0.434505,0.274760,0.290735,0.000000
1708598435442341599,0.596825,0.238095,0.165079,0.000000
1708598435542428779,0.622581,0.183871,0.193548,0.000000
1708598435642570593,0.688742,0.129139,0.182119,0.000000
1708598435742727504,0.623377,0.162338,0.214286,0.000000
1708598435842870498,0.466019,0.155340,0.378641,0.000000
1708598435943003509,0.049669,0.105960,0.844371,0.000000
1708598436043104216,0.015873,0.031746,0.952381,0.000000
1708598436143242848,0.050157,0.037618,0.912226,0.000000
1708598436243396506,0.183544,0.132911,0.683544,0.000000
1708598436343556847,0.506289,0.220126,0.273585,0.000000
1708598436443710917,0.356913,0.225080,0.418006,0.000000
1708598436543853828,0.637224,0.123028,0.239748,0.000000
1708598436644000112,0.232704,0.028302,0.738994,0.000000
1708598436744101637,0.006289,0.012579,0.981132,0.000000
1708598436844190768,0.000000,0.003135,0.996865,0.000000
1708598436944282983,0.003125,0.006250,0.990625,0.000000
1708598437044371164,0.000000,0.003135,0.996865,0.000000
1708598437144450177,0.000000,0.006231,0.993769,0.000000
1708598437244537709,0.000000,0.000000,1.000000,0.000000
1708598437344626176,0.000000,0.003135,0.996865,0.000000
1708598437444722430,0.000000,0.000000,1.000000,0.000000
1708598437544811940,0.000000,0.003135,0.996865,0.000000
1708598437644900605,0.000000,0.006250,0.993750,0.000000
1708598437744987750,0.000000,0.003135,0.996865,0.000000
1708598437845089606,0.000000,0.000000,1.000000,0.000000
1708598437945206669,0.000000,0.003125,0.996875,0.000000
1708598438045296574,0.000000,0.003135,0.996865,0.000000
1708598438145387985,0.000000,0.000000,1.000000,0.000000
1708598438245475053,0.000000,0.003125,0.996875,0.000000
1708598438345557484,0.000000,0.000000,1.000000,0.000000
1708598438445655767,0.000000,0.000000,1.000000,0.000000
1708598438545739380,0.000000,0.000000,1.000000,0.000000
1708598438645814299,0.000000,0.000000,1.000000,0.000000
1708598438745895653,0.000000,0.000000,1.000000,0.000000
1708598438845985237,0.000000,0.000000,1.000000,0.000000
1708598438946079348,0.000000,0.000000,1.000000,0.000000
1708598439046177855,0.000000,0.000000,1.000000,0.000000
1708598439146265639,0.000000,0.000000,1.000000,0.000000
1708598439246348732,0.000000,0.000000,1.000000,0.000000
1708598439346428940,0.000000,0.000000,1.000000,0.003145
1708598439446508315,0.000000,0.000000,1.000000,0.000000
1708598439546587186,0.000000,0.000000,1.000000,0.000000
1708598439646666919,0.000000,0.000000,1.000000,0.000000
1708598439746746607,0.000000,0.000000,1.000000,0.000000
1708598439846832949,0.000000,0.000000,1.000000,0.000000
1708598439946916353,0.000000,0.000000,1.000000,0.000000
1708598440047003357,0.000000,0.000000,1.000000,0.000000
1708598440147082810,0.000000,0.000000,1.000000,0.000000
1708598440247174138,0.000000,0.000000,1.000000,0.000000
1708598440347261316,0.000000,0.000000,1.000000,0.000000
1708598440447346363,0.000000,0.000000,1.000000,0.000000
1708598440547429456,0.000000,0.000000,1.000000,0.000000
1708598440647507909,0.000000,0.000000,1.000000,0.000000
1708598440747587405,0.000000,0.000000,1.000000,0.000000
1708598440847671116,0.000000,0.000000,1.000000,0.000000
1708598440947749175,0.000000,0.000000,1.000000,0.000000
1708598441047829468,0.000000,0.000000,1.000000,0.000000
1708598441147908682,0.000000,0.000000,1.000000,0.000000
1708598441247990376,0.000000,0.000000,1.000000,0.000000
1708598441348072925,0.000000,0.000000,1.000000,0.000000
1708598441448150401,0.000000,0.000000,1.000000,0.000000
1708598441548230411,0.000000,0.000000,1.000000,0.000000
1708598441648314258,0.000000,0.000000,1.000000,0.000000
1708598441748392183,0.000000,0.000000,1.000000,0.000000
1708598441848470684,0.000000,0.000000,1.000000,0.000000
1708598441948551030,0.000000,0.000000,1.000000,0.000000
1708598442048635016,0.000000,0.000000,1.000000,0.000000
1708598442148713302,0.000000,0.000000,1.000000,0.000000
1708598442248792346,0.000000,0.000000,1.000000,0.000000
1708598442348879366,0.000000,0.000000,1.000000,0.000000
1708598442448957418,0.000000,0.000000,1.000000,0.000000
1708598442549049143,0.000000,0.000000,1.000000,0.000000
1708598442649123016,0.000000,0.000000,1.000000,0.000000
1708598442749203233,0.000000,0.000000,1.000000,0.000000
1708598442849291526,0.000000,0.000000,1.000000,0.000000
1708598442949369770,0.000000,0.000000,1.000000,0.000000
1708598443049460199,0.000000,0.000000,1.000000,0.000000
1708598443149543169,0.000000,0.000000,1.000000,0.000000
1708598443249621225,0.000000,0.000000,1.000000,0.000000
1708598443349699115,0.000000,0.000000,1.000000,0.000000
1708598443449776885,0.000000,0.000000,1.000000,0.000000
1708598443549857231,0.000000,0.000000,1.000000,0.000000
1708598443649940862,0.000000,0.000000,1.000000,0.000000
1708598443750030209,0.000000,0.000000,1.000000,0.000000
1708598443850110911,0.000000,0.000000,1.000000,0.000000
1708598443950189623,0.000000,0.000000,1.000000,0.000000
1708598444050268950,0.000000,0.000000,1.000000,0.000000
1708598444150324629,0.000000,0.000000,1.000000,0.000000
1708598444250382774,0.000000,0.000000,1.000000,0.000000
1708598444350444184,0.000000,0.000000,1.000000,0.000000
1708598444450508159,0.000000,0.000000,1.000000,0.000000
1708598444550568566,0.000000,0.000000,1.000000,0.000000
1708598444650663868,0.000000,0.003135,0.996865,0.000000
1708598444750732663,0.000000,0.000000,1.000000,0.000000
1708598444850791559,0.000000,0.000000,1.000000,0.000000
1708598444950855745,0.000000,0.000000,1.000000,0.000000
1708598445050921926,0.000000,0.000000,1.000000,0.000000
1708598445151010377,0.000000,0.000000,1.000000,0.000000
1708598445251088354,0.000000,0.000000,1.000000,0.000000
1708598445351170922,0.000000,0.000000,1.000000,0.000000
1708598445451248270,0.000000,0.000000,1.000000,0.000000
1708598445551328693,0.000000,0.000000,1.000000,0.000000
1708598445651407516,0.000000,0.000000,1.000000,0.000000
1708598445751487429,0.000000,0.000000,1.000000,0.000000
1708598445851576079,0.000000,0.000000,1.000000,0.000000
1708598445951658523,0.000000,0.000000,1.000000,0.000000
1708598446051739454,0.000000,0.000000,1.000000,0.000000
1708598446151833117,0.176656,0.066246,0.757098,0.000000
1708598446251973644,0.309148,0.082019,0.608833,0.000000
1708598446352083823,0.074830,0.074830,0.850340,0.000000
1708598446452223681,0.086667,0.083333,0.830000,0.000000
1708598446552346790,0.090000,0.090000,0.820000,0.000000
1708598446652466080,0.086957,0.083612,0.829431,0.000000
1708598446752603015,0.086957,0.100334,0.812709,0.000000
1708598446852727289,0.067340,0.104377,0.828283,0.000000
1708598446952892882,0.269737,0.319079,0.411184,0.000000
1708598447053028580,0.567901,0.407407,0.024691,0.000000
1708598447153259111,0.603077,0.384615,0.012308,0.000000
1708598447253391120,0.697161,0.296530,0.006309,0.000000
1708598447353541852,0.815625,0.181250,0.003125,0.000000
1708598447453713315,0.850000,0.146875,0.003125,0.000000
1708598447553919064,0.962500,0.037500,0.000000,0.000000
1708598447654101148,0.918750,0.081250,0.000000,0.000000
1708598447754392660,0.956113,0.040752,0.003135,0.000000
1708598447854512064,0.839009,0.080495,0.080495,0.000000
1708598447954638374,0.052980,0.066225,0.880795,0.000000
1708598448054738646,0.003058,0.033639,0.963303,0.000000
1708598448154823287,0.000000,0.000000,1.000000,0.000000
1708598448254906759,0.000000,0.006250,0.993750,0.000000
1708598448355001789,0.000000,0.003145,0.996855,0.000000
1708598448455092439,0.000000,0.006270,0.993730,0.000000
1708598448555183026,0.000000,0.006289,0.993711,0.000000
1708598448655272214,0.003125,0.009375,0.987500,0.000000
1708598448755361771,0.000000,0.015576,0.984424,0.000000
1708598448855449731,0.000000,0.003135,0.996865,0.000000
1708598448955541562,0.000000,0.003135,0.996865,0.000000
1708598449055631732,0.000000,0.003145,0.996855,0.000000
1708598449155715999,0.000000,0.003135,0.996865,0.000000
1708598449255807033,0.000000,0.003125,0.996875,0.000000
1708598449355890356,0.000000,0.000000,1.000000,0.000000
1708598449455969623,0.000000,0.000000,1.000000,0.000000
1708598449556044672,0.000000,0.000000,1.000000,0.000000
1708598449656126562,0.000000,0.000000,1.000000,0.006309
1708598449756208534,0.000000,0.000000,1.000000,0.003145
1708598449856286855,0.000000,0.000000,1.000000,0.006309
1708598449956375141,0.003125,0.003125,0.993750,0.000000
1708598450056456376,0.000000,0.003145,0.996855,0.003145
1708598450156540033,0.003125,0.003125,0.993750,0.003125
1708598450256642409,0.000000,0.000000,1.000000,0.003145
1708598450356732496,0.000000,0.000000,1.000000,0.003145
1708598450456818357,0.000000,0.000000,1.000000,0.003145
1708598450556894609,0.000000,0.003135,0.996865,0.000000
1708598450656981260,0.000000,0.000000,1.000000,0.003145
1708598450757064681,0.000000,0.000000,1.000000,0.003145
1708598450857147870,0.000000,0.000000,1.000000,0.006309
1708598450957234114,0.000000,0.003135,0.996865,0.000000
1708598451057352186,0.000000,0.000000,1.000000,0.006289
1708598451157435238,0.000000,0.000000,1.000000,0.003145
1708598451257512997,0.000000,0.000000,1.000000,0.000000
1708598451357602322,0.000000,0.003145,0.996855,0.006289
1708598451457681751,0.000000,0.003135,0.996865,0.003135
1708598451557763735,0.000000,0.000000,1.000000,0.003155
1708598451657843778,0.000000,0.000000,1.000000,0.006289
1708598451757924787,0.000000,0.000000,1.000000,0.000000
1708598451858006893,0.000000,0.000000,1.000000,0.003145
1708598451958085955,0.000000,0.000000,1.000000,0.006289
1708598452058165565,0.000000,0.003145,0.996855,0.003145
1708598452158248205,0.003125,0.000000,0.996875,0.000000
1708598452258328809,0.000000,0.003145,0.996855,0.006289
1708598452358424354,0.000000,0.000000,1.000000,0.006309
1708598452458512258,0.000000,0.000000,1.000000,0.000000
1708598452558596739,0.000000,0.000000,1.000000,0.003135
1708598452658672416,0.000000,0.000000,1.000000,0.003155
1708598452758751457,0.000000,0.000000,1.000000,0.003135
1708598452858832802,0.000000,0.000000,1.000000,0.003155
1708598452958914783,0.000000,0.000000,1.000000,0.000000
1708598453066782066,0.182090,0.047761,0.770149,0.000000
1708598453164288163,0.229236,0.063123,0.707641,0.000000
1708598453264544577,0.056856,0.070234,0.872910,0.000000
1708598453364658504,0.066007,0.075908,0.858086,0.000000
1708598453464825263,0.069079,0.082237,0.848684,0.000000
1708598453564992109,0.040956,0.058020,0.901024,0.000000
1708598453665199600,0.081699,0.091503,0.826797,0.000000
1708598453765315259,0.361371,0.233645,0.404984,0.000000
1708598453865526367,0.685535,0.283019,0.031447,0.000000
1708598453965696149,0.684375,0.303125,0.012500,0.000000
1708598454076720801,0.790087,0.186589,0.023324,0.000000
1708598454173275395,0.915361,0.078370,0.006270,0.000000
1708598454282858883,0.969697,0.024242,0.006061,0.000000
1708598454379914113,0.943574,0.040752,0.015674,0.000000
1708598454480076696,0.272727,0.084175,0.643098,0.000000
1708598454580150353,0.015873,0.012698,0.971429,0.000000
1708598454680250248,0.000000,0.000000,1.000000,0.000000
1708598454780334139,0.000000,0.000000,1.000000,0.000000
1708598454880411973,0.000000,0.003135,0.996865,0.000000
1708598454980496546,0.000000,0.000000,1.000000,0.000000
1708598455080576535,0.000000,0.009346,0.990654,0.000000
1708598455180671504,0.000000,0.006270,0.993730,0.000000
1708598455280794013,0.000000,0.003135,0.996865,0.000000
1708598455380884349,0.000000,0.006289,0.993711,0.000000
1708598455480982434,0.000000,0.006289,0.993711,0.000000
1708598455581078541,0.000000,0.006250,0.993750,0.000000
1708598455681175641,0.000000,0.006250,0.993750,0.000000
1708598455781276595,0.000000,0.003135,0.996865,0.000000
1708598455881368723,0.000000,0.000000,1.000000,0.000000
1708598455981456807,0.003115,0.006231,0.990654,0.000000
1708598456081536517,0.000000,0.003125,0.996875,0.000000
1708598456181626696,0.000000,0.000000,1.000000,0.000000
1708598456281707248,0.000000,0.000000,1.000000,0.000000
1708598456381789720,0.000000,0.000000,1.000000,0.000000
1708598456481875259,0.000000,0.000000,1.000000,0.000000
1708598456581960335,0.000000,0.000000,1.000000,0.000000
1708598456682050532,0.000000,0.000000,1.000000,0.000000
1708598456782132997,0.000000,0.000000,1.000000,0.000000
1708598456882219554,0.000000,0.000000,1.000000,0.000000
1708598456982303271,0.000000,0.000000,1.000000,0.000000
1708598457082384935,0.000000,0.000000,1.000000,0.000000
1708598457182465259,0.000000,0.000000,1.000000,0.000000
1708598457282549319,0.000000,0.000000,1.000000,0.000000
1708598457382626922,0.000000,0.000000,1.000000,0.000000
1708598457482705059,0.000000,0.000000,1.000000,0.000000
1708598457582787067,0.000000,0.000000,1.000000,0.000000
1708598457682868477,0.000000,0.000000,1.000000,0.000000
1708598457782944766,0.000000,0.000000,1.000000,0.000000
1708598457883028226,0.000000,0.000000,1.000000,0.000000
1708598457983114272,0.000000,0.000000,1.000000,0.000000
1708598458083189957,0.000000,0.000000,1.000000,0.000000
1708598458183269624,0.000000,0.000000,1.000000,0.000000
1708598458283349236,0.000000,0.000000,1.000000,0.000000
1708598458383425546,0.000000,0.000000,1.000000,0.000000
1708598458483504040,0.000000,0.000000,1.000000,0.000000
1708598458583581887,0.000000,0.000000,1.000000,0.000000
1708598458683659795,0.000000,0.000000,1.000000,0.000000
1708598458783737551,0.000000,0.000000,1.000000,0.000000
1708598458883822583,0.000000,0.000000,1.000000,0.000000
1708598458983898364,0.000000,0.000000,1.000000,0.000000
1708598459083975770,0.025316,0.003165,0.971519,0.000000
1708598459184081265,0.041534,0.047923,0.910543,0.000000
1708598459284181801,0.053125,0.037500,0.909375,0.000000
1708598459384281943,0.237500,0.040625,0.721875,0.000000
1708598459484427956,0.258567,0.021807,0.719626,0.000000
1708598459584554089,0.037736,0.025157,0.937107,0.000000
1708598459684661622,0.198738,0.012618,0.788644,0.000000
1708598459784768346,0.006270,0.003135,0.990596,0.000000
1708598459884861960,0.000000,0.000000,1.000000,0.000000
1708598459984937675,0.000000,0.000000,1.000000,0.000000
1708598460085032054,0.000000,0.000000,1.000000,0.000000
1708598460185139648,0.000000,0.003125,0.996875,0.000000
1708598460285224599,0.000000,0.000000,1.000000,0.000000
1708598460385305450,0.000000,0.000000,1.000000,0.000000
1708598460485404157,0.000000,0.000000,1.000000,0.000000
1708598460585489685,0.000000,0.000000,1.000000,0.000000
1708598460685588664,0.000000,0.003125,0.996875,0.000000
1708598460785696575,0.000000,0.000000,1.000000,0.000000
1708598460885786594,0.000000,0.000000,1.000000,0.000000
1708598460985886618,0.000000,0.006231,0.993769,0.000000
1708598461085976523,0.000000,0.000000,1.000000,0.000000
1708598461186063269,0.000000,0.000000,1.000000,0.000000
1708598461286153453,0.000000,0.003125,0.996875,0.000000
1708598461386240860,0.000000,0.000000,1.000000,0.000000
1708598461486325977,0.000000,0.000000,1.000000,0.000000
1708598461586409502,0.000000,0.000000,1.000000,0.000000
1708598461686498511,0.000000,0.000000,1.000000,0.000000
1708598461786587184,0.000000,0.000000,1.000000,0.000000
1708598461886678280,0.000000,0.000000,1.000000,0.000000
1708598461986768908,0.000000,0.000000,1.000000,0.000000
1708598462086857063,0.000000,0.000000,1.000000,0.000000
1708598462186943373,0.000000,0.000000,1.000000,0.000000
1708598462287042553,0.000000,0.000000,1.000000,0.000000
1708598462387130189,0.000000,0.000000,1.000000,0.000000
1708598462487218131,0.000000,0.000000,1.000000,0.000000
1708598462587303299,0.000000,0.000000,1.000000,0.000000
1708598462687389923,0.000000,0.000000,1.000000,0.000000
1708598462787478995,0.000000,0.000000,1.000000,0.000000
1708598462887572559,0.000000,0.000000,1.000000,0.000000
1708598462987659531,0.000000,0.000000,1.000000,0.000000
1708598463087744522,0.003135,0.000000,0.996865,0.000000
1708598463187837365,0.028302,0.028302,0.943396,0.003145
1708598463287935112,0.063091,0.041009,0.895899,0.006309
1708598463388040063,0.442724,0.024768,0.532508,0.003096
1708598463488171471,0.012862,0.006431,0.980707,0.003215
1708598463588264219,0.000000,0.000000,1.000000,0.000000
1708598463688337214,0.000000,0.000000,1.000000,0.000000
1708598463788420746,0.000000,0.000000,1.000000,0.000000
1708598463888509049,0.041009,0.022082,0.936909,0.000000
1708598463988646215,0.370253,0.091772,0.537975,0.000000
1708598464088788688,0.069401,0.085174,0.845426,0.000000
1708598464188912160,0.083871,0.070968,0.845161,0.000000
1708598464289052578,0.090032,0.083601,0.826367,0.000000
1708598464389217966,0.095541,0.085987,0.818471,0.000000
1708598464489317587,0.087774,0.103448,0.808777,0.000000
1708598464589443738,0.069841,0.092063,0.838095,0.000000
1708598464689564447,0.146032,0.193651,0.660317,0.000000
1708598464789718798,0.554859,0.351097,0.094044,0.000000
1708598464889897327,0.652038,0.316614,0.031348,0.000000
1708598464994030202,0.835962,0.157729,0.006309,0.000000
1708598465092924163,0.789308,0.198113,0.012579,0.000000
1708598465196342109,0.869697,0.124242,0.006061,0.000000
1708598465295450716,0.943574,0.053292,0.003135,0.000000
1708598465395638019,0.894081,0.102804,0.003115,0.000000
1708598465503769463,0.913043,0.084058,0.002899,0.000000
1708598465601272926,0.364821,0.172638,0.462541,0.000000
1708598465701383410,0.415873,0.038095,0.546032,0.000000
1708598465801479623,0.003145,0.009434,0.987421,0.000000
1708598465901574037,0.000000,0.003135,0.996865,0.000000
1708598466001659022,0.000000,0.000000,1.000000,0.000000
1708598466101750585,0.000000,0.003145,0.996855,0.000000
1708598466201848939,0.000000,0.006250,0.993750,0.000000
1708598466301943145,0.000000,0.003145,0.996855,0.000000
1708598466402031798,0.000000,0.012500,0.987500,0.000000
1708598466502118668,0.000000,0.009375,0.990625,0.000000
1708598466602206276,0.003115,0.006231,0.990654,0.000000
1708598466702293918,0.000000,0.003135,0.996865,0.000000
1708598466802377174,0.000000,0.003135,0.996865,0.000000
1708598466902464752,0.000000,0.003145,0.996855,0.000000
1708598467002548026,0.000000,0.000000,1.000000,0.000000
1708598467102625267,0.000000,0.000000,1.000000,0.000000
1708598467202701904,0.000000,0.000000,1.000000,0.000000
1708598467302780463,0.000000,0.000000,1.000000,0.000000
1708598467402857228,0.000000,0.000000,1.000000,0.000000
1708598467502935146,0.000000,0.000000,1.000000,0.000000
1708598467603013018,0.000000,0.000000,1.000000,0.000000
1708598467703096542,0.000000,0.000000,1.000000,0.000000
1708598467803197540,0.000000,0.000000,1.000000,0.000000
1708598467903287617,0.000000,0.000000,1.000000,0.000000
1708598468003378113,0.000000,0.000000,1.000000,0.000000
1708598468103454754,0.000000,0.000000,1.000000,0.000000
1708598468203537551,0.000000,0.000000,1.000000,0.000000
1708598468303627372,0.000000,0.000000,1.000000,0.000000
1708598468403707938,0.000000,0.000000,1.000000,0.000000
1708598468503788720,0.000000,0.000000,1.000000,0.000000
1708598468603872608,0.000000,0.000000,1.000000,0.000000
1708598468703954460,0.000000,0.000000,1.000000,0.000000
1708598468804035125,0.000000,0.000000,1.000000,0.000000
1708598468904115854,0.000000,0.000000,1.000000,0.000000
1708598469004197411,0.000000,0.000000,1.000000,0.000000
1708598469104275654,0.000000,0.000000,1.000000,0.000000
1708598469204353943,0.000000,0.000000,1.000000,0.000000
1708598469304438997,0.000000,0.000000,1.000000,0.000000
1708598469404520634,0.000000,0.000000,1.000000,0.000000
1708598469504599179,0.000000,0.000000,1.000000,0.000000
1708598469604677041,0.000000,0.000000,1.000000,0.000000
1708598469704760892,0.000000,0.000000,1.000000,0.000000
1708598469804845836,0.000000,0.000000,1.000000,0.000000
1708598469904929803,0.000000,0.000000,1.000000,0.000000
1708598470005009477,0.000000,0.000000,1.000000,0.000000
1708598470105089546,0.000000,0.000000,1.000000,0.000000
1708598470205173402,0.000000,0.000000,1.000000,0.000000
1708598470305255270,0.000000,0.000000,1.000000,0.000000
1708598470405336332,0.000000,0.000000,1.000000,0.000000
1708598470505419833,0.000000,0.000000,1.000000,0.000000
1708598470605511089,0.000000,0.000000,1.000000,0.000000
1708598470705601911,0.000000,0.000000,1.000000,0.000000
1708598470805691991,0.000000,0.000000,1.000000,0.000000
1708598470905780505,0.000000,0.000000,1.000000,0.000000
1708598471005862599,0.000000,0.000000,1.000000,0.000000
1708598471105943688,0.000000,0.000000,1.000000,0.000000
1708598471206024898,0.000000,0.000000,1.000000,0.000000
1708598471306102542,0.000000,0.000000,1.000000,0.000000
1708598471406190647,0.000000,0.000000,1.000000,0.000000
1708598471506266959,0.000000,0.000000,1.000000,0.000000
1708598471606346246,0.000000,0.000000,1.000000,0.000000
1708598471706429802,0.000000,0.000000,1.000000,0.000000
1708598471806508089,0.000000,0.000000,1.000000,0.000000
1708598471906585486,0.000000,0.000000,1.000000,0.000000
1708598472006667026,0.000000,0.000000,1.000000,0.000000
1708598472106748566,0.000000,0.000000,1.000000,0.000000
1708598472206829133,0.000000,0.000000,1.000000,0.000000
1708598472306920449,0.000000,0.000000,1.000000,0.000000
1708598472406998920,0.000000,0.000000,1.000000,0.000000
1708598472507079508,0.000000,0.000000,1.000000,0.000000
1708598472607157778,0.000000,0.000000,1.000000,0.000000
1708598472707238590,0.000000,0.000000,1.000000,0.000000
1708598472807317124,0.000000,0.000000,1.000000,0.000000
1708598472907398045,0.000000,0.000000,1.000000,0.000000
1708598473007494064,0.000000,0.000000,1.000000,0.000000
1708598473107578977,0.000000,0.000000,1.000000,0.000000
1708598473207668196,0.000000,0.000000,1.000000,0.000000
1708598473307741444,0.000000,0.000000,1.000000,0.000000
1708598473407820924,0.000000,0.000000,1.000000,0.000000
1708598473507903287,0.000000,0.000000,1.000000,0.000000
1708598473607990154,0.000000,0.000000,1.000000,0.000000
1708598473708068613,0.000000,0.000000,1.000000,0.000000
1708598473808154780,0.000000,0.000000,1.000000,0.000000
1708598473908231322,0.000000,0.000000,1.000000,0.000000
1708598474008311433,0.000000,0.000000,1.000000,0.000000
1708598474108390914,0.000000,0.000000,1.000000,0.000000
1708598474208469521,0.000000,0.000000,1.000000,0.000000
1708598474308554054,0.000000,0.000000,1.000000,0.000000
1708598474408636808,0.000000,0.000000,1.000000,0.000000
1708598474508714766,0.000000,0.000000,1.000000,0.000000
1708598474608795569,0.000000,0.000000,1.000000,0.000000
1708598474708878060,0.000000,0.000000,1.000000,0.000000
1708598474808955948,0.000000,0.000000,1.000000,0.000000
1708598474909054496,0.000000,0.000000,1.000000,0.000000
1708598475009136571,0.000000,0.000000,1.000000,0.000000
1708598475109213639,0.000000,0.000000,1.000000,0.000000
1708598475209291579,0.000000,0.000000,1.000000,0.000000
1708598475309370773,0.000000,0.000000,1.000000,0.000000
1708598475409451322,0.000000,0.000000,1.000000,0.000000
1708598475509534225,0.000000,0.000000,1.000000,0.000000
1708598475609633812,0.000000,0.000000,1.000000,0.000000
1708598475709713148,0.000000,0.000000,1.000000,0.000000
1708598475809801585,0.012461,0.003115,0.984424,0.000000
1708598475909910576,0.336449,0.059190,0.604361,0.000000
1708598476010052637,0.149351,0.107143,0.743506,0.000000
1708598476110175864,0.118750,0.093750,0.787500,0.000000
1708598476210299119,0.109325,0.083601,0.807074,0.000000
1708598476310426582,0.100629,0.116352,0.783019,0.000000
1708598476410558970,0.107937,0.098413,0.793651,0.000000
1708598476510703544,0.099688,0.112150,0.788162,0.000000
1708598476610830447,0.142395,0.197411,0.660194,0.000000
1708598476710983493,0.441640,0.343849,0.214511,0.000000
1708598476811206940,0.665625,0.318750,0.015625,0.000000
1708598476911386903,0.736677,0.253918,0.009404,0.000000
1708598477011574425,0.815047,0.175549,0.009404,0.000000
1708598477111742898,0.750000,0.237500,0.012500,0.000000
1708598477211933156,0.875000,0.118750,0.006250,0.000000
1708598477325617396,0.921788,0.075419,0.002793,0.000000
1708598477421303548,0.921875,0.071875,0.006250,0.000000
1708598477521457050,0.924290,0.059937,0.015773,0.000000
1708598477621618816,0.337705,0.085246,0.577049,0.000000
1708598477721725166,0.015974,0.019169,0.964856,0.000000
1708598477821819674,0.000000,0.003135,0.996865,0.000000
1708598477921905270,0.000000,0.009346,0.990654,0.000000
1708598478021999938,0.000000,0.006270,0.993730,0.000000
1708598478122083330,0.000000,0.006250,0.993750,0.000000
1708598478222174965,0.000000,0.000000,1.000000,0.000000
1708598478322263010,0.000000,0.009375,0.990625,0.000000
1708598478422352119,0.000000,0.009404,0.990596,0.000000
1708598478522445694,0.000000,0.003135,0.996865,0.000000
1708598478622546121,0.000000,0.003135,0.996865,0.000000
1708598478722634948,0.000000,0.003135,0.996865,0.000000
1708598478822718467,0.000000,0.003125,0.996875,0.000000
1708598478922806944,0.000000,0.000000,1.000000,0.000000
1708598479022892309,0.000000,0.000000,1.000000,0.000000
1708598479122976332,0.000000,0.000000,1.000000,0.000000
1708598479223055519,0.000000,0.000000,1.000000,0.000000
1708598479323135601,0.000000,0.000000,1.000000,0.000000
1708598479423215041,0.000000,0.000000,1.000000,0.000000
1708598479523294309,0.000000,0.000000,1.000000,0.000000
1708598479623370555,0.000000,0.000000,1.000000,0.000000
1708598479723456836,0.000000,0.000000,1.000000,0.000000
1708598479823541414,0.000000,0.000000,1.000000,0.000000
1708598479923621624,0.000000,0.000000,1.000000,0.000000
1708598480023702745,0.000000,0.000000,1.000000,0.000000
1708598480123782953,0.000000,0.000000,1.000000,0.000000
1708598480223874106,0.000000,0.000000,1.000000,0.000000
1708598480323958363,0.000000,0.000000,1.000000,0.000000
1708598480424036448,0.000000,0.000000,1.000000,0.000000
1708598480524116860,0.000000,0.000000,1.000000,0.000000
1708598480624197472,0.000000,0.000000,1.000000,0.000000
1708598480724285024,0.000000,0.000000,1.000000,0.000000
1708598480824363887,0.000000,0.000000,1.000000,0.000000
1708598480924443622,0.000000,0.000000,1.000000,0.000000
1708598481024524268,0.000000,0.000000,1.000000,0.000000
1708598481124613626,0.000000,0.000000,1.000000,0.000000
1708598481224700561,0.000000,0.000000,1.000000,0.000000
1708598481324781309,0.000000,0.000000,1.000000,0.000000
1708598481424866859,0.000000,0.000000,1.000000,0.000000
1708598481524946498,0.000000,0.000000,1.000000,0.000000
1708598481625029297,0.000000,0.003125,0.996875,0.000000
1708598481725143753,0.000000,0.000000,1.000000,0.000000
1708598481825214372,0.000000,0.000000,1.000000,0.000000
1708598481925305025,0.000000,0.000000,1.000000,0.000000
1708598482025379692,0.000000,0.000000,1.000000,0.000000
1708598482125459900,0.000000,0.000000,1.000000,0.000000
1708598482225542189,0.000000,0.000000,1.000000,0.000000
1708598482325634945,0.000000,0.000000,1.000000,0.000000
1708598482425714092,0.000000,0.000000,1.000000,0.000000
1708598482525795786,0.000000,0.000000,1.000000,0.000000
1708598482625876927,0.000000,0.000000,1.000000,0.000000
1708598482725958055,0.000000,0.000000,1.000000,0.000000
1708598482826037268,0.000000,0.000000,1.000000,0.000000
1708598482926117159,0.000000,0.000000,1.000000,0.000000
1708598483026210122,0.000000,0.000000,1.000000,0.000000
1708598483126295120,0.003135,0.006270,0.990596,0.000000
1708598483226404081,0.090625,0.046875,0.862500,0.000000
1708598483326512137,0.313333,0.083333,0.603333,0.000000
1708598483426661777,0.122642,0.103774,0.773585,0.000000
1708598483526798992,0.107256,0.104101,0.788644,0.000000
1708598483626939282,0.093248,0.106109,0.800643,0.000000
1708598483727068417,0.103448,0.112853,0.783699,0.000000
1708598483827225693,0.100977,0.084691,0.814332,0.000000
1708598483927363495,0.096463,0.102894,0.800643,0.000000
1708598484027593833,0.143770,0.143770,0.712460,0.000000
1708598484127721322,0.526814,0.403785,0.069401,0.000000
1708598484227924055,0.663551,0.327103,0.009346,0.000000
1708598484328127744,0.685535,0.305031,0.009434,0.000000
1708598484433283204,0.825301,0.168675,0.006024,0.000000
1708598484531838421,0.896552,0.097179,0.006270,0.000000
1708598484632046604,0.940625,0.059375,0.000000,0.000000
1708598484732236255,0.902821,0.094044,0.003135,0.000000
1708598484832456067,0.934169,0.059561,0.006270,0.000000
1708598484932588963,0.787500,0.093750,0.118750,0.000000
1708598485032718083,0.226115,0.114650,0.659236,0.000000
1708598485132943306,0.081761,0.018868,0.899371,0.000000
1708598485233003614,0.006289,0.006289,0.987421,0.000000
1708598485333050184,0.116352,0.040881,0.842767,0.000000
1708598485433171503,0.353125,0.090625,0.556250,0.000000
1708598485533312691,0.122642,0.110063,0.767296,0.000000
1708598485633446200,0.111465,0.098726,0.789809,0.000000
1708598485733571114,0.115016,0.099042,0.785942,0.000000
1708598485833701351,0.097087,0.093851,0.809061,0.000000
1708598485933822598,0.106250,0.093750,0.800000,0.000000
1708598486033942331,0.115987,0.084639,0.799373,0.000000
1708598486134087468,0.361905,0.304762,0.333333,0.000000
1708598486236751675,0.632399,0.348910,0.018692,0.000000
1708598486336103267,0.705696,0.278481,0.015823,0.000000
1708598486436310143,0.813084,0.174455,0.012461,0.000000
1708598486536511429,0.880503,0.119497,0.000000,0.000000
1708598486636717304,0.921630,0.075235,0.003135,0.000000
1708598486738150232,0.894895,0.099099,0.006006,0.000000
1708598486837901638,0.873418,0.104430,0.022152,0.000000
1708598486938048048,0.754839,0.148387,0.096774,0.000000
1708598487038148438,0.102102,0.111111,0.786787,0.000000
1708598487138259489,0.196825,0.012698,0.790476,0.000000
1708598487238359372,0.000000,0.006309,0.993691,0.000000
1708598487338459054,0.003106,0.015528,0.981366,0.000000
1708598487438551198,0.000000,0.000000,1.000000,0.000000
1708598487538639471,0.000000,0.003135,0.996865,0.000000
1708598487638728793,0.000000,0.003135,0.996865,0.000000
1708598487738819599,0.000000,0.003135,0.996865,0.000000
1708598487838917432,0.000000,0.003125,0.996875,0.000000
1708598487939007498,0.000000,0.000000,1.000000,0.000000
1708598488039102119,0.000000,0.003125,0.996875,0.000000
1708598488139195355,0.000000,0.000000,1.000000,0.000000
1708598488239289577,0.000000,0.000000,1.000000,0.000000
1708598488339372833,0.000000,0.000000,1.000000,0.000000
1708598488439447318,0.000000,0.000000,1.000000,0.000000
1708598488539527039,0.000000,0.000000,1.000000,0.000000
1708598488639607334,0.000000,0.000000,1.000000,0.000000
1708598488739693747,0.000000,0.000000,1.000000,0.000000
1708598488839780343,0.000000,0.000000,1.000000,0.000000
1708598488939857937,0.000000,0.000000,1.000000,0.000000
1708598489039938922,0.000000,0.000000,1.000000,0.000000
1708598489140030244,0.000000,0.000000,1.000000,0.000000
1708598489240108371,0.000000,0.000000,1.000000,0.000000
1708598489340191604,0.000000,0.000000,1.000000,0.000000
1708598489440293111,0.000000,0.000000,1.000000,0.000000
1708598489540382918,0.000000,0.000000,1.000000,0.000000
1708598489640478716,0.000000,0.000000,1.000000,0.000000
1708598489740569522,0.000000,0.000000,1.000000,0.000000
1708598489840663686,0.000000,0.000000,1.000000,0.000000
1708598489940755627,0.000000,0.000000,1.000000,0.000000
1708598490040848205,0.000000,0.000000,1.000000,0.000000
1708598490140951463,0.000000,0.000000,1.000000,0.000000
1708598490241066716,0.000000,0.000000,1.000000,0.000000
1708598490341159499,0.000000,0.000000,1.000000,0.000000
1708598490441256650,0.000000,0.000000,1.000000,0.000000
1708598490541353214,0.000000,0.000000,1.000000,0.000000
1708598490641447920,0.000000,0.000000,1.000000,0.000000
1708598490741539592,0.000000,0.000000,1.000000,0.000000
1708598490841634098,0.000000,0.000000,1.000000,0.000000
1708598490941725327,0.000000,0.000000,1.000000,0.000000
1708598491041817687,0.000000,0.000000,1.000000,0.000000
1708598491141915258,0.000000,0.000000,1.000000,0.000000
1708598491242007247,0.000000,0.000000,1.000000,0.000000
1708598491342103000,0.000000,0.000000,1.000000,0.000000
1708598491442195469,0.000000,0.000000,1.000000,0.000000
1708598491542288941,0.000000,0.000000,1.000000,0.000000
1708598491642380455,0.000000,0.000000,1.000000,0.000000
1708598491742474540,0.000000,0.000000,1.000000,0.000000
1708598491842565396,0.000000,0.000000,1.000000,0.000000
1708598491942669509,0.015674,0.015674,0.968652,0.000000
1708598492042798301,0.031447,0.012579,0.955975,0.000000
1708598492142910218,0.025157,0.025157,0.949686,0.000000
1708598492243002037,0.194357,0.028213,0.777429,0.000000
1708598492343141296,0.000000,0.003135,0.996865,0.000000
1708598492451625053,0.279635,0.066869,0.653495,0.000000
1708598492548985703,0.220447,0.067093,0.712460,0.000000
1708598492649170409,0.089109,0.079208,0.831683,0.000000
1708598492749290480,0.087097,0.103226,0.809677,0.000000
1708598492849391259,0.084416,0.100649,0.814935,0.000000
1708598492949585839,0.088816,0.088816,0.822368,0.000000
1708598493049715385,0.091503,0.098039,0.810458,0.000000
1708598493149854075,0.105263,0.115132,0.779605,0.000000
1708598493250062023,0.401899,0.306962,0.291139,0.000000
1708598493350267677,0.598746,0.385580,0.015674,0.000000
1708598493450453525,0.693750,0.293750,0.012500,0.000000
1708598493557131420,0.834337,0.159639,0.006024,0.000000
1708598493664114118,0.761628,0.229651,0.008721,0.000000
1708598493767016973,0.936747,0.060241,0.003012,0.000000
1708598493893152925,0.929919,0.067385,0.002695,0.000000
1708598493984057981,0.897196,0.099688,0.003115,0.000000
1708598494084226960,0.922830,0.067524,0.009646,0.000000
1708598494184381481,0.203704,0.151235,0.645062,0.000000
1708598494284478022,0.006329,0.009494,0.984177,0.000000
1708598494384608881,0.003125,0.009375,0.987500,0.000000
1708598494484707311,0.349515,0.074434,0.576052,0.000000
1708598494584884693,0.107843,0.075163,0.816993,0.000000
1708598494685030377,0.073333,0.063333,0.863333,0.000000
1708598494785272362,0.077181,0.087248,0.835570,0.000000
1708598494885365203,0.064846,0.081911,0.853242,0.000000
1708598494985504726,0.078231,0.068027,0.853741,0.000000
1708598495085640241,0.069767,0.083056,0.847176,0.000000
1708598495185758276,0.118421,0.092105,0.789474,0.000000
1708598495285918485,0.543750,0.303125,0.153125,0.000000
1708598495386128579,0.641509,0.342767,0.015723,0.000000
1708598495486332608,0.683386,0.304075,0.012539,0.000000
1708598495586513327,0.791798,0.195584,0.012618,0.000000
1708598495686718255,0.864353,0.129338,0.006309,0.000000
1708598495786905445,0.915361,0.081505,0.003135,0.000000
1708598495887127537,0.903427,0.093458,0.003115,0.000000
1708598495987336294,0.928125,0.065625,0.006250,0.000000
1708598496087515318,0.829114,0.113924,0.056962,0.000000
1708598496187656425,0.197492,0.141066,0.661442,0.000000
1708598496287807399,0.182390,0.037736,0.779874,0.000000
1708598496387904023,0.003155,0.006309,0.990536,0.000000
1708598496488028767,0.079872,0.035144,0.884984,0.000000
1708598496588142591,0.386885,0.059016,0.554098,0.000000
1708598496688286803,0.074074,0.097643,0.828283,0.000000
1708598496788416522,0.082192,0.071918,0.845890,0.000000
1708598496888549703,0.061433,0.095563,0.843003,0.000000
1708598496988676123,0.101639,0.085246,0.813115,0.000000
1708598497088813198,0.084175,0.087542,0.828283,0.000000
1708598497188943551,0.095710,0.085809,0.818482,0.000000
1708598497289097677,0.271565,0.220447,0.507987,0.000000
1708598497389253074,0.611285,0.360502,0.028213,0.000000
1708598497489429786,0.725000,0.268750,0.006250,0.000000
1708598497600864891,0.688047,0.294461,0.017493,0.000000
1708598497697278924,0.877743,0.115987,0.006270,0.000000
1708598497797457061,0.903125,0.093750,0.003125,0.000000
1708598497897685126,0.931250,0.065625,0.003125,0.000000
1708598497997872180,0.943574,0.053292,0.003135,0.000000
1708598498098045210,0.801223,0.122324,0.076453,0.000000
1708598498198179271,0.338710,0.190323,0.470968,0.000000
1708598498298274908,0.189873,0.056962,0.753165,0.000000
1708598498398394865,0.003145,0.009434,0.987421,0.000000
1708598498498516357,0.000000,0.006270,0.993730,0.000000
1708598498598631763,0.000000,0.006270,0.993730,0.000000
