Time,User,Kernel,Idle,IoWait
1708694325130140367,0.031250,0.015625,0.953125,0.000000
1708694325150230205,0.032787,0.032787,0.934426,0.000000
1708694325170332662,0.301587,0.174603,0.523810,0.000000
1708694325190435479,0.030303,0.015152,0.954545,0.000000
1708694325210517997,0.015625,0.000000,0.984375,0.000000
1708694325230613364,0.000000,0.000000,1.000000,0.000000
1708694325250683015,0.000000,0.000000,1.000000,0.000000
1708694325270770375,0.147541,0.049180,0.803279,0.000000
1708694325290895993,0.491525,0.084746,0.423729,0.000000
1708694325310988816,0.107692,0.030769,0.861538,0.000000
1708694325331125148,0.060606,0.000000,0.939394,0.000000
1708694325351188915,0.126984,0.015873,0.857143,0.000000
1708694325371298979,0.065574,0.016393,0.918033,0.000000
1708694325391400452,0.016393,0.032787,0.950820,0.000000
1708694325411493725,0.049180,0.032787,0.918033,0.000000
1708694325431592225,0.016129,0.080645,0.903226,0.000000
1708694325451701306,0.061538,0.107692,0.830769,0.000000
1708694325471805380,0.065574,0.049180,0.885246,0.000000
1708694325491911085,0.034483,0.086207,0.879310,0.000000
1708694325512018956,0.048387,0.096774,0.854839,0.000000
1708694325532130060,0.017241,0.086207,0.896552,0.000000
1708694325552250141,0.083333,0.050000,0.866667,0.000000
1708694325572357979,0.050000,0.100000,0.850000,0.000000
1708694325592474090,0.067797,0.067797,0.864407,0.000000
1708694325612589716,0.050000,0.083333,0.866667,0.000000
1708694325632713028,0.095238,0.079365,0.825397,0.000000
1708694325652859228,0.050000,0.100000,0.850000,0.000000
1708694325673045917,0.050000,0.100000,0.850000,0.000000
1708694325693161737,0.050000,0.116667,0.833333,0.000000
1708694325713276095,0.081967,0.081967,0.836066,0.000000
1708694325733468204,0.035088,0.052632,0.912281,0.000000
1708694325753595323,0.096774,0.112903,0.790323,0.000000
1708694325773706304,0.065574,0.098361,0.836066,0.000000
1708694325793823721,0.033333,0.116667,0.850000,0.000000
1708694325813936929,0.084746,0.033898,0.881356,0.000000
1708694325834047674,0.050000,0.116667,0.833333,0.000000
1708694325854160499,0.095238,0.126984,0.777778,0.000000
1708694325874286543,0.098361,0.147541,0.754098,0.000000
1708694325894434292,0.190476,0.142857,0.666667,0.000000
1708694325914584184,0.222222,0.190476,0.587302,0.000000
1708694325934729942,0.375000,0.203125,0.421875,0.000000
1708694325954876588,0.323077,0.184615,0.492308,0.000000
1708694325974996147,0.428571,0.214286,0.357143,0.000000
1708694325995139292,0.375000,0.203125,0.421875,0.000000
1708694326015245785,0.400000,0.184615,0.415385,0.000000
1708694326035335356,0.349206,0.222222,0.428571,0.000000
1708694326055464599,0.354839,0.322581,0.322581,0.000000
1708694326075651818,0.417910,0.223881,0.358209,0.000000
1708694326095821005,0.390625,0.281250,0.328125,0.000000
1708694326115981287,0.446154,0.323077,0.230769,0.000000
1708694326136113520,0.545455,0.200000,0.254545,0.000000
1708694326157357111,0.562500,0.218750,0.218750,0.000000
1708694326177163829,0.728814,0.118644,0.152542,0.000000
1708694326197357162,0.820896,0.074627,0.104478,0.000000
1708694326217524780,0.645161,0.096774,0.258065,0.000000
1708694326237691736,0.763636,0.036364,0.200000,0.000000
1708694326257854482,0.666667,0.142857,0.190476,0.000000
1708694326277992115,0.585714,0.185714,0.228571,0.000000
1708694326298173113,0.700000,0.066667,0.233333,0.000000
1708694326318320607,0.716667,0.083333,0.200000,0.000000
1708694326338454814,0.614035,0.052632,0.333333,0.000000
1708694326358619300,0.609375,0.125000,0.265625,0.000000
1708694326378753850,0.542373,0.084746,0.372881,0.000000
1708694326398883233,0.476190,0.079365,0.444444,0.000000
1708694326418997828,0.287500,0.025000,0.687500,0.000000
1708694326439138421,0.042254,0.154930,0.802817,0.000000
1708694326459219359,0.000000,0.015625,0.984375,0.000000
1708694326479306434,0.016393,0.032787,0.950820,0.000000
1708694326499404889,0.031746,0.015873,0.952381,0.000000
1708694326519499849,0.015625,0.000000,0.984375,0.000000
1708694326539577239,0.000000,0.000000,1.000000,0.000000
1708694326559660778,0.000000,0.000000,1.000000,0.000000
1708694326579745031,0.000000,0.000000,1.000000,0.000000
1708694326599832916,0.000000,0.000000,1.000000,0.000000
1708694326619915659,0.000000,0.000000,1.000000,0.000000
1708694326640003365,0.000000,0.000000,1.000000,0.000000
1708694326660096374,0.000000,0.000000,1.000000,0.000000
1708694326680174172,0.000000,0.000000,1.000000,0.000000
1708694326700261543,0.000000,0.000000,1.000000,0.000000
1708694326720343689,0.000000,0.000000,1.000000,0.000000
1708694326740425115,0.000000,0.000000,1.000000,0.000000
1708694326760508484,0.000000,0.000000,1.000000,0.000000
1708694326780590712,0.000000,0.000000,1.000000,0.000000
1708694326800669190,0.000000,0.000000,1.000000,0.000000
1708694326820750041,0.000000,0.000000,1.000000,0.000000
1708694326840829208,0.000000,0.000000,1.000000,0.000000
1708694326860908041,0.000000,0.000000,1.000000,0.000000
1708694326880990098,0.000000,0.000000,1.000000,0.000000
1708694326901071106,0.000000,0.000000,1.000000,0.000000
1708694326921157577,0.000000,0.000000,1.000000,0.000000
1708694326941236378,0.000000,0.000000,1.000000,0.000000
1708694326961316083,0.000000,0.000000,1.000000,0.000000
1708694326981402068,0.000000,0.000000,1.000000,0.000000
1708694327001490784,0.000000,0.000000,1.000000,0.000000
1708694327021601085,0.000000,0.000000,1.000000,0.000000
1708694327041704528,0.000000,0.000000,1.000000,0.015625
1708694327061776332,0.000000,0.000000,1.000000,0.000000
1708694327081866983,0.000000,0.000000,1.000000,0.000000
1708694327101948683,0.000000,0.000000,1.000000,0.000000
1708694327122026506,0.000000,0.000000,1.000000,0.015625
1708694327142103578,0.000000,0.000000,1.000000,0.000000
1708694327162184994,0.000000,0.015385,0.984615,0.000000
1708694327182266879,0.000000,0.000000,1.000000,0.000000
1708694327202344016,0.000000,0.000000,1.000000,0.000000
1708694327222423117,0.000000,0.000000,1.000000,0.000000
1708694327242501986,0.000000,0.000000,1.000000,0.000000
1708694327262579809,0.000000,0.000000,1.000000,0.000000
1708694327282657361,0.000000,0.000000,1.000000,0.000000
1708694327302754234,0.177419,0.080645,0.741935,0.000000
1708694327322865694,0.123077,0.046154,0.830769,0.000000
1708694327342960025,0.000000,0.000000,1.000000,0.000000
1708694327362988875,0.031746,0.000000,0.968254,0.000000
1708694327383097154,0.015625,0.015625,0.968750,0.000000
1708694327403183677,0.063492,0.031746,0.904762,0.000000
1708694327423315530,0.061538,0.046154,0.892308,0.000000
1708694327443418525,0.050000,0.066667,0.883333,0.000000
1708694327463524393,0.032258,0.145161,0.822581,0.000000
1708694327483642417,0.064516,0.080645,0.854839,0.000000
1708694327503756256,0.066667,0.083333,0.850000,0.000000
1708694327523839247,0.064516,0.096774,0.838710,0.000000
1708694327543947815,0.046875,0.125000,0.828125,0.000000
1708694327564101506,0.245902,0.295082,0.459016,0.000000
1708694327584273395,0.525424,0.067797,0.406780,0.000000
1708694327604390989,0.050000,0.033333,0.916667,0.000000
1708694327624494758,0.000000,0.047619,0.952381,0.000000
1708694327644584328,0.031746,0.000000,0.968254,0.000000
1708694327664677381,0.032258,0.064516,0.903226,0.000000
1708694327684770723,0.047619,0.031746,0.920635,0.000000
1708694327704883602,0.047619,0.079365,0.873016,0.000000
1708694327725017701,0.093750,0.046875,0.859375,0.000000
1708694327745148041,0.138462,0.092308,0.769231,0.000000
1708694327765279697,0.078125,0.093750,0.828125,0.000000
1708694327785449103,0.156250,0.093750,0.750000,0.000000
1708694327805592567,0.135593,0.084746,0.779661,0.000000
1708694327825751869,0.322581,0.274194,0.403226,0.000000
1708694327845919857,0.545455,0.090909,0.363636,0.000000
1708694327866036785,0.163934,0.065574,0.770492,0.000000
1708694327886154807,0.064516,0.193548,0.741935,0.000000
1708694327906289617,0.169231,0.553846,0.276923,0.000000
1708694327926413540,0.135593,0.593220,0.271186,0.000000
1708694327946548458,0.734375,0.109375,0.156250,0.000000
1708694327966742041,0.634921,0.095238,0.269841,0.000000
1708694327986892636,0.433333,0.100000,0.466667,0.000000
1708694328007044363,0.396825,0.095238,0.507937,0.000000
1708694328027157076,0.469388,0.040816,0.489796,0.000000
1708694328047253057,0.275362,0.028986,0.695652,0.000000
1708694328067394414,0.107692,0.061538,0.830769,0.000000
1708694328087498925,0.032258,0.048387,0.919355,0.000000
1708694328107606203,0.145455,0.272727,0.581818,0.000000
1708694328127754156,0.639344,0.032787,0.327869,0.000000
1708694328147889902,0.690909,0.054545,0.254545,0.000000
1708694328168040716,0.145161,0.016129,0.838710,0.000000
1708694328188141822,0.000000,0.000000,1.000000,0.000000
1708694328208223623,0.000000,0.000000,1.000000,0.000000
1708694328228302304,0.031746,0.031746,0.936508,0.000000
1708694328248395095,0.000000,0.000000,1.000000,0.000000
1708694328268466379,0.000000,0.000000,1.000000,0.000000
1708694328288543489,0.000000,0.000000,1.000000,0.000000
1708694328308621441,0.000000,0.000000,1.000000,0.000000
1708694328328712338,0.000000,0.000000,1.000000,0.000000
1708694328348792113,0.000000,0.000000,1.000000,0.000000
1708694328368871529,0.000000,0.000000,1.000000,0.000000
1708694328388959491,0.000000,0.000000,1.000000,0.000000
1708694328409035468,0.000000,0.000000,1.000000,0.000000
1708694328429123746,0.000000,0.000000,1.000000,0.000000
1708694328449201710,0.000000,0.000000,1.000000,0.000000
1708694328469280309,0.000000,0.000000,1.000000,0.000000
1708694328489362407,0.000000,0.000000,1.000000,0.000000
1708694328509443696,0.000000,0.000000,1.000000,0.000000
1708694328529522827,0.000000,0.000000,1.000000,0.000000
1708694328549608258,0.000000,0.000000,1.000000,0.000000
1708694328569686809,0.000000,0.000000,1.000000,0.000000
1708694328589767710,0.000000,0.000000,1.000000,0.000000
1708694328609845517,0.000000,0.000000,1.000000,0.000000
1708694328629921978,0.000000,0.000000,1.000000,0.000000
1708694328650000758,0.000000,0.000000,1.000000,0.000000
1708694328670081606,0.000000,0.000000,1.000000,0.000000
1708694328690171811,0.000000,0.000000,1.000000,0.000000
1708694328710245752,0.000000,0.000000,1.000000,0.000000
1708694328730326184,0.000000,0.000000,1.000000,0.000000
1708694328750406756,0.000000,0.000000,1.000000,0.000000
1708694328770481502,0.000000,0.000000,1.000000,0.000000
1708694328790570923,0.000000,0.000000,1.000000,0.000000
1708694328810646180,0.000000,0.000000,1.000000,0.000000
1708694328830735238,0.000000,0.000000,1.000000,0.000000
1708694328850812866,0.000000,0.000000,1.000000,0.000000
1708694328870893634,0.000000,0.000000,1.000000,0.000000
1708694328890973465,0.000000,0.015385,0.984615,0.000000
1708694328911076563,0.000000,0.000000,1.000000,0.000000
1708694328931148436,0.000000,0.000000,1.000000,0.000000
1708694328951229913,0.000000,0.000000,1.000000,0.000000
1708694328971305996,0.000000,0.000000,1.000000,0.000000
1708694328991387420,0.000000,0.000000,1.000000,0.000000
1708694329011469171,0.000000,0.000000,1.000000,0.000000
1708694329031546143,0.000000,0.015385,0.984615,0.000000
1708694329051625088,0.000000,0.000000,1.000000,0.000000
1708694329071708253,0.000000,0.000000,1.000000,0.000000
1708694329091784280,0.000000,0.000000,1.000000,0.000000
1708694329111864917,0.000000,0.000000,1.000000,0.000000
1708694329131943396,0.000000,0.000000,1.000000,0.000000
1708694329152019376,0.000000,0.000000,1.000000,0.000000
1708694329172099500,0.000000,0.000000,1.000000,0.000000
1708694329192187435,0.000000,0.000000,1.000000,0.000000
1708694329212263465,0.000000,0.000000,1.000000,0.000000
1708694329232355819,0.000000,0.000000,1.000000,0.000000
1708694329252432707,0.000000,0.000000,1.000000,0.000000
1708694329272509139,0.000000,0.015385,0.984615,0.000000
1708694329292591156,0.000000,0.000000,1.000000,0.000000
1708694329312673442,0.000000,0.000000,1.000000,0.000000
1708694329332753511,0.000000,0.000000,1.000000,0.000000
1708694329352838618,0.000000,0.000000,1.000000,0.000000
1708694329372914875,0.000000,0.000000,1.000000,0.000000
1708694329392999899,0.000000,0.000000,1.000000,0.000000
1708694329413075980,0.000000,0.015385,0.984615,0.000000
1708694329433163758,0.000000,0.000000,1.000000,0.000000
1708694329453236795,0.000000,0.000000,1.000000,0.000000
1708694329473316981,0.000000,0.000000,1.000000,0.000000
1708694329493397625,0.000000,0.000000,1.000000,0.000000
1708694329513485485,0.000000,0.015385,0.984615,0.000000
1708694329533567692,0.000000,0.000000,1.000000,0.000000
1708694329553644345,0.000000,0.000000,1.000000,0.000000
1708694329573727379,0.000000,0.000000,1.000000,0.000000
1708694329593807809,0.000000,0.000000,1.000000,0.000000
1708694329613882005,0.000000,0.000000,1.000000,0.000000
1708694329633961351,0.000000,0.000000,1.000000,0.000000
1708694329654041716,0.000000,0.000000,1.000000,0.000000
1708694329674121060,0.000000,0.000000,1.000000,0.000000
1708694329694202466,0.000000,0.000000,1.000000,0.000000
1708694329714294141,0.000000,0.000000,1.000000,0.000000
1708694329734371099,0.000000,0.000000,1.000000,0.000000
1708694329754464470,0.000000,0.000000,1.000000,0.000000
1708694329774572435,0.000000,0.000000,1.000000,0.000000
1708694329794661044,0.000000,0.000000,1.000000,0.000000
1708694329814728195,0.000000,0.000000,1.000000,0.000000
1708694329834805859,0.000000,0.000000,1.000000,0.000000
1708694329854887664,0.000000,0.000000,1.000000,0.000000
1708694329874964555,0.000000,0.000000,1.000000,0.000000
1708694329895069227,0.000000,0.015385,0.984615,0.000000
1708694329915141043,0.000000,0.000000,1.000000,0.000000
1708694329935216014,0.000000,0.000000,1.000000,0.000000
1708694329955291859,0.000000,0.000000,1.000000,0.000000
1708694329975374700,0.015385,0.000000,0.984615,0.000000
1708694329995457082,0.000000,0.000000,1.000000,0.000000
1708694330015532722,0.000000,0.000000,1.000000,0.000000
1708694330035612373,0.000000,0.000000,1.000000,0.000000
1708694330055689456,0.000000,0.000000,1.000000,0.000000
1708694330075769978,0.000000,0.000000,1.000000,0.000000
1708694330095852525,0.000000,0.000000,1.000000,0.000000
1708694330115925272,0.000000,0.000000,1.000000,0.000000
1708694330136006446,0.000000,0.000000,1.000000,0.000000
1708694330156085881,0.000000,0.000000,1.000000,0.000000
1708694330176168454,0.000000,0.000000,1.000000,0.000000
1708694330196244064,0.000000,0.000000,1.000000,0.000000
1708694330216318175,0.000000,0.000000,1.000000,0.000000
1708694330236406281,0.000000,0.000000,1.000000,0.000000
1708694330256493387,0.000000,0.000000,1.000000,0.000000
1708694330276594357,0.000000,0.000000,1.000000,0.000000
1708694330296676628,0.000000,0.000000,1.000000,0.000000
1708694330316757575,0.000000,0.000000,1.000000,0.000000
1708694330336835912,0.000000,0.000000,1.000000,0.000000
1708694330356914464,0.000000,0.000000,1.000000,0.000000
1708694330377003026,0.000000,0.000000,1.000000,0.000000
1708694330397082162,0.000000,0.000000,1.000000,0.000000
1708694330417159798,0.000000,0.000000,1.000000,0.000000
1708694330437244746,0.000000,0.000000,1.000000,0.000000
1708694330457325813,0.000000,0.000000,1.000000,0.000000
1708694330477408871,0.000000,0.000000,1.000000,0.000000
1708694330497488695,0.000000,0.000000,1.000000,0.000000
1708694330517571190,0.000000,0.000000,1.000000,0.000000
1708694330537650493,0.000000,0.000000,1.000000,0.000000
1708694330557727767,0.000000,0.000000,1.000000,0.000000
1708694330577801259,0.000000,0.000000,1.000000,0.000000
1708694330597876906,0.000000,0.000000,1.000000,0.000000
1708694330617954598,0.000000,0.000000,1.000000,0.000000
1708694330638035711,0.000000,0.000000,1.000000,0.000000
1708694330658107950,0.000000,0.000000,1.000000,0.000000
1708694330678189045,0.000000,0.000000,1.000000,0.000000
1708694330698264854,0.000000,0.000000,1.000000,0.000000
1708694330718356620,0.000000,0.000000,1.000000,0.000000
1708694330738442845,0.000000,0.000000,1.000000,0.000000
1708694330758524131,0.000000,0.000000,1.000000,0.000000
1708694330778603473,0.000000,0.000000,1.000000,0.000000
1708694330798681198,0.000000,0.000000,1.000000,0.000000
1708694330818774271,0.000000,0.000000,1.000000,0.000000
1708694330838852094,0.000000,0.000000,1.000000,0.000000
1708694330858935657,0.000000,0.000000,1.000000,0.000000
1708694330879016284,0.000000,0.000000,1.000000,0.000000
1708694330899100264,0.000000,0.000000,1.000000,0.000000
1708694330919173531,0.000000,0.000000,1.000000,0.000000
1708694330939247116,0.000000,0.000000,1.000000,0.000000
1708694330959328009,0.000000,0.000000,1.000000,0.000000
1708694330979405749,0.000000,0.000000,1.000000,0.000000
1708694330999489889,0.000000,0.000000,1.000000,0.000000
1708694331019568394,0.000000,0.000000,1.000000,0.000000
1708694331039650016,0.000000,0.000000,1.000000,0.000000
1708694331059726048,0.000000,0.000000,1.000000,0.000000
1708694331079809005,0.000000,0.000000,1.000000,0.000000
1708694331099891245,0.000000,0.000000,1.000000,0.000000
1708694331119975013,0.000000,0.000000,1.000000,0.000000
1708694331140052752,0.000000,0.000000,1.000000,0.000000
1708694331160131996,0.000000,0.000000,1.000000,0.000000
1708694331180214641,0.000000,0.000000,1.000000,0.000000
1708694331200294647,0.000000,0.000000,1.000000,0.000000
1708694331220379140,0.000000,0.000000,1.000000,0.000000
1708694331240457073,0.000000,0.000000,1.000000,0.000000
1708694331260535620,0.000000,0.000000,1.000000,0.000000
1708694331280616198,0.015385,0.000000,0.984615,0.000000
1708694331300698030,0.016393,0.000000,0.983607,0.000000
1708694331320776504,0.015385,0.015385,0.969231,0.000000
1708694331340850757,0.000000,0.000000,1.000000,0.000000
1708694331360926078,0.000000,0.000000,1.000000,0.000000
1708694331381006124,0.000000,0.000000,1.000000,0.000000
1708694331401086362,0.000000,0.015625,0.984375,0.000000
1708694331421167894,0.000000,0.000000,1.000000,0.000000
1708694331441248951,0.031250,0.000000,0.968750,0.000000
1708694331461337250,0.000000,0.031746,0.968254,0.000000
1708694331481422611,0.015873,0.015873,0.968254,0.000000
1708694331501509425,0.015873,0.031746,0.952381,0.000000
1708694331521606177,0.030769,0.015385,0.953846,0.000000
1708694331541695273,0.015873,0.031746,0.952381,0.000000
1708694331561785125,0.046875,0.015625,0.937500,0.000000
1708694331581897293,0.048387,0.032258,0.919355,0.000000
1708694331602028037,0.062500,0.062500,0.875000,0.000000
1708694331622143603,0.078125,0.078125,0.843750,0.000000
1708694331642277224,0.078125,0.062500,0.859375,0.000000
1708694331662360324,0.123077,0.061538,0.815385,0.000000
1708694331682489553,0.112903,0.177419,0.709677,0.000000
1708694331702660256,0.258621,0.241379,0.500000,0.000000
1708694331722858624,0.514706,0.044118,0.441176,0.000000
1708694331743011788,0.131148,0.049180,0.819672,0.000000
1708694331763170002,0.046875,0.046875,0.906250,0.000000
1708694331783273761,0.305556,0.236111,0.458333,0.000000
1708694331803439075,0.534483,0.051724,0.413793,0.000000
1708694331823607732,0.603448,0.068966,0.327586,0.000000
1708694331843772624,0.120690,0.034483,0.844828,0.000000
1708694331863878682,0.050847,0.000000,0.949153,0.000000
1708694331883967993,0.062500,0.000000,0.937500,0.000000
1708694331904056149,0.048387,0.032258,0.919355,0.000000
1708694331924160811,0.031250,0.046875,0.921875,0.000000
1708694331944254415,0.046875,0.015625,0.937500,0.000000
1708694331964342748,0.015625,0.031250,0.953125,0.000000
1708694331984438448,0.031746,0.000000,0.968254,0.000000
1708694332004531512,0.045455,0.030303,0.924242,0.000000
1708694332024646198,0.016129,0.145161,0.838710,0.000000
1708694332044829091,0.654545,0.109091,0.236364,0.000000
1708694332065038529,0.114754,0.000000,0.885246,0.000000
1708694332085148116,0.015873,0.015873,0.968254,0.000000
1708694332105231138,0.000000,0.000000,1.000000,0.000000
1708694332125295642,0.000000,0.000000,1.000000,0.000000
1708694332145382872,0.000000,0.000000,1.000000,0.000000
1708694332165456506,0.000000,0.000000,1.000000,0.000000
1708694332185537454,0.000000,0.000000,1.000000,0.000000
1708694332205619676,0.000000,0.000000,1.000000,0.000000
1708694332225700813,0.000000,0.000000,1.000000,0.000000
1708694332245786089,0.000000,0.000000,1.000000,0.000000
1708694332265867930,0.000000,0.000000,1.000000,0.000000
1708694332285949565,0.000000,0.000000,1.000000,0.000000
1708694332306032016,0.000000,0.000000,1.000000,0.000000
1708694332326111373,0.000000,0.000000,1.000000,0.000000
1708694332346197971,0.000000,0.000000,1.000000,0.000000
1708694332366284691,0.000000,0.000000,1.000000,0.000000
1708694332386387554,0.000000,0.015385,0.984615,0.000000
1708694332406466446,0.000000,0.000000,1.000000,0.000000
1708694332426552860,0.000000,0.000000,1.000000,0.000000
1708694332446640847,0.000000,0.000000,1.000000,0.000000
1708694332466729437,0.015385,0.000000,0.984615,0.000000
1708694332486817951,0.000000,0.000000,1.000000,0.000000
1708694332506902046,0.000000,0.000000,1.000000,0.000000
1708694332527009801,0.000000,0.000000,1.000000,0.000000
1708694332547094998,0.000000,0.000000,1.000000,0.000000
1708694332567185121,0.000000,0.000000,1.000000,0.000000
1708694332587268200,0.000000,0.000000,1.000000,0.000000
1708694332607359143,0.000000,0.000000,1.000000,0.000000
1708694332627447625,0.000000,0.000000,1.000000,0.000000
1708694332647537731,0.000000,0.000000,1.000000,0.000000
1708694332667621884,0.000000,0.000000,1.000000,0.000000
1708694332687714867,0.000000,0.000000,1.000000,0.000000
1708694332707803011,0.000000,0.000000,1.000000,0.000000
1708694332727886185,0.000000,0.000000,1.000000,0.000000
1708694332747970297,0.000000,0.000000,1.000000,0.000000
1708694332768056550,0.000000,0.000000,1.000000,0.000000
1708694332788149002,0.000000,0.000000,1.000000,0.000000
1708694332808233651,0.000000,0.000000,1.000000,0.000000
1708694332828319024,0.000000,0.000000,1.000000,0.000000
1708694332848401938,0.000000,0.000000,1.000000,0.000000
1708694332868489046,0.000000,0.000000,1.000000,0.000000
1708694332888584656,0.000000,0.000000,1.000000,0.000000
1708694332908665446,0.000000,0.015385,0.984615,0.000000
1708694332928760607,0.000000,0.000000,1.000000,0.000000
1708694332948846293,0.000000,0.000000,1.000000,0.000000
1708694332968928154,0.000000,0.000000,1.000000,0.000000
1708694332989014525,0.000000,0.000000,1.000000,0.000000
1708694333009105496,0.000000,0.000000,1.000000,0.000000
1708694333029191445,0.000000,0.000000,1.000000,0.000000
1708694333049279428,0.000000,0.000000,1.000000,0.000000
1708694333069360690,0.000000,0.000000,1.000000,0.000000
1708694333089438363,0.000000,0.000000,1.000000,0.000000
1708694333109519503,0.000000,0.000000,1.000000,0.000000
1708694333129599121,0.000000,0.000000,1.000000,0.000000
1708694333149688059,0.000000,0.000000,1.000000,0.000000
1708694333169766712,0.000000,0.000000,1.000000,0.000000
1708694333189845226,0.000000,0.000000,1.000000,0.000000
1708694333209925932,0.000000,0.015385,0.984615,0.000000
1708694333230013144,0.000000,0.000000,1.000000,0.000000
1708694333250094868,0.000000,0.000000,1.000000,0.000000
1708694333270181051,0.000000,0.015625,0.984375,0.000000
1708694333290268278,0.000000,0.000000,1.000000,0.000000
1708694333310357944,0.000000,0.000000,1.000000,0.000000
1708694333330497377,0.000000,0.000000,1.000000,0.000000
1708694333350559201,0.000000,0.000000,1.000000,0.000000
1708694333370654079,0.000000,0.000000,1.000000,0.000000
1708694333390742865,0.000000,0.000000,1.000000,0.000000
1708694333410816767,0.000000,0.000000,1.000000,0.000000
1708694333430897560,0.000000,0.000000,1.000000,0.000000
1708694333450975529,0.000000,0.000000,1.000000,0.000000
1708694333471076538,0.000000,0.015385,0.984615,0.000000
1708694333491146600,0.000000,0.000000,1.000000,0.000000
1708694333511234634,0.000000,0.000000,1.000000,0.000000
1708694333531314004,0.000000,0.000000,1.000000,0.000000
1708694333551394515,0.000000,0.000000,1.000000,0.000000
1708694333571471387,0.000000,0.000000,1.000000,0.000000
1708694333591552923,0.000000,0.000000,1.000000,0.000000
1708694333611637229,0.000000,0.000000,1.000000,0.000000
1708694333631717506,0.000000,0.000000,1.000000,0.000000
1708694333651794154,0.000000,0.015385,0.984615,0.000000
1708694333671872203,0.000000,0.000000,1.000000,0.000000
1708694333691952998,0.000000,0.000000,1.000000,0.000000
1708694333712032936,0.000000,0.000000,1.000000,0.000000
1708694333732115417,0.000000,0.000000,1.000000,0.000000
1708694333752188066,0.000000,0.000000,1.000000,0.000000
1708694333772270291,0.000000,0.000000,1.000000,0.000000
1708694333792356849,0.000000,0.000000,1.000000,0.000000
1708694333812444805,0.000000,0.000000,1.000000,0.000000
1708694333832531009,0.000000,0.000000,1.000000,0.000000
1708694333852608594,0.000000,0.000000,1.000000,0.000000
1708694333872686984,0.000000,0.000000,1.000000,0.000000
1708694333892773311,0.000000,0.000000,1.000000,0.000000
1708694333912853068,0.000000,0.000000,1.000000,0.000000
1708694333932938209,0.000000,0.000000,1.000000,0.000000
1708694333953016522,0.000000,0.000000,1.000000,0.000000
1708694333973096774,0.000000,0.000000,1.000000,0.000000
1708694333993183329,0.000000,0.000000,1.000000,0.000000
1708694334013261606,0.000000,0.000000,1.000000,0.000000
1708694334033341783,0.000000,0.000000,1.000000,0.000000
1708694334053417778,0.000000,0.000000,1.000000,0.000000
1708694334073508745,0.000000,0.000000,1.000000,0.000000
1708694334093589974,0.000000,0.000000,1.000000,0.000000
1708694334113677620,0.000000,0.000000,1.000000,0.000000
1708694334133770784,0.000000,0.000000,1.000000,0.000000
1708694334153860928,0.000000,0.000000,1.000000,0.000000
1708694334173943478,0.000000,0.000000,1.000000,0.000000
1708694334194020133,0.000000,0.000000,1.000000,0.000000
1708694334214101566,0.000000,0.000000,1.000000,0.000000
1708694334234184736,0.000000,0.000000,1.000000,0.000000
1708694334254270977,0.000000,0.000000,1.000000,0.000000
1708694334274354478,0.000000,0.000000,1.000000,0.000000
1708694334294430753,0.000000,0.000000,1.000000,0.000000
1708694334314508317,0.000000,0.000000,1.000000,0.000000
1708694334334587648,0.000000,0.000000,1.000000,0.000000
1708694334354663211,0.000000,0.000000,1.000000,0.000000
1708694334374738030,0.000000,0.000000,1.000000,0.000000
1708694334394821932,0.000000,0.000000,1.000000,0.000000
1708694334414894669,0.000000,0.000000,1.000000,0.000000
1708694334434977559,0.000000,0.000000,1.000000,0.000000
1708694334455069587,0.000000,0.000000,1.000000,0.000000
1708694334475145263,0.000000,0.000000,1.000000,0.000000
1708694334495223712,0.000000,0.000000,1.000000,0.000000
1708694334515298598,0.000000,0.000000,1.000000,0.000000
1708694334535376266,0.000000,0.000000,1.000000,0.000000
1708694334555450709,0.000000,0.000000,1.000000,0.000000
1708694334575532041,0.000000,0.000000,1.000000,0.000000
1708694334595608385,0.000000,0.000000,1.000000,0.000000
1708694334615684102,0.000000,0.000000,1.000000,0.000000
1708694334635765376,0.000000,0.000000,1.000000,0.000000
1708694334655839905,0.000000,0.000000,1.000000,0.000000
1708694334675917908,0.000000,0.000000,1.000000,0.000000
1708694334695990337,0.000000,0.000000,1.000000,0.000000
1708694334716065913,0.000000,0.000000,1.000000,0.000000
1708694334736141756,0.000000,0.000000,1.000000,0.000000
1708694334756221809,0.000000,0.000000,1.000000,0.000000
1708694334776298358,0.000000,0.000000,1.000000,0.000000
1708694334796380519,0.000000,0.000000,1.000000,0.000000
1708694334816459533,0.000000,0.000000,1.000000,0.000000
1708694334836539524,0.000000,0.000000,1.000000,0.000000
1708694334856614754,0.000000,0.000000,1.000000,0.000000
1708694334876692365,0.000000,0.000000,1.000000,0.000000
1708694334896769472,0.000000,0.000000,1.000000,0.000000
1708694334916846677,0.000000,0.000000,1.000000,0.000000
1708694334936928835,0.000000,0.000000,1.000000,0.000000
1708694334957002287,0.000000,0.000000,1.000000,0.000000
1708694334977079395,0.000000,0.000000,1.000000,0.000000
1708694334997155318,0.000000,0.000000,1.000000,0.000000
1708694335017228823,0.000000,0.000000,1.000000,0.000000
1708694335037305054,0.000000,0.000000,1.000000,0.000000
1708694335057382602,0.000000,0.000000,1.000000,0.000000
1708694335077458868,0.000000,0.000000,1.000000,0.000000
1708694335097541316,0.000000,0.000000,1.000000,0.000000
1708694335117617574,0.000000,0.000000,1.000000,0.000000
1708694335137697866,0.000000,0.000000,1.000000,0.000000
1708694335157773303,0.000000,0.000000,1.000000,0.000000
1708694335177852861,0.000000,0.000000,1.000000,0.000000
1708694335197925209,0.000000,0.000000,1.000000,0.000000
1708694335218006810,0.000000,0.000000,1.000000,0.000000
1708694335238083694,0.000000,0.000000,1.000000,0.000000
1708694335258161799,0.000000,0.000000,1.000000,0.000000
1708694335278241979,0.015625,0.000000,0.984375,0.000000
1708694335298317389,0.000000,0.000000,1.000000,0.000000
1708694335318400676,0.015385,0.000000,0.984615,0.000000
1708694335338506070,0.000000,0.000000,1.000000,0.000000
1708694335358574344,0.000000,0.015385,0.984615,0.000000
1708694335378653289,0.000000,0.000000,1.000000,0.000000
1708694335398731581,0.000000,0.000000,1.000000,0.000000
1708694335418836293,0.000000,0.000000,1.000000,0.000000
1708694335438907615,0.000000,0.000000,1.000000,0.000000
1708694335459007951,0.015873,0.000000,0.984127,0.000000
1708694335479111395,0.030769,0.015385,0.953846,0.000000
1708694335499185790,0.031746,0.015873,0.952381,0.000000
1708694335519275040,0.031250,0.015625,0.953125,0.000000
1708694335539362137,0.046875,0.015625,0.937500,0.000000
1708694335559451953,0.046875,0.015625,0.937500,0.000000
1708694335579563505,0.046875,0.046875,0.906250,0.000000
1708694335599679154,0.046875,0.046875,0.906250,0.000000
1708694335619757293,0.063492,0.031746,0.904762,0.000000
1708694335639848043,0.147541,0.327869,0.524590,0.000000
1708694335659975481,0.608108,0.162162,0.229730,0.000000
1708694335680130766,0.216667,0.033333,0.750000,0.000000
1708694335700228720,0.066667,0.033333,0.900000,0.000000
1708694335720330250,0.046875,0.015625,0.937500,0.000000
1708694335740407358,0.046154,0.015385,0.938462,0.000000
1708694335760506091,0.033898,0.152542,0.813559,0.000000
1708694335780659855,0.627119,0.067797,0.305085,0.000000
1708694335800803061,0.096774,0.032258,0.870968,0.000000
1708694335820896246,0.050847,0.033898,0.915254,0.000000
1708694335840993766,0.031250,0.015625,0.953125,0.000000
1708694335861076647,0.044776,0.074627,0.880597,0.000000
1708694335881168095,0.047619,0.015873,0.936508,0.000000
1708694335901253415,0.030769,0.030769,0.938462,0.000000
1708694335921338071,0.031746,0.015873,0.952381,0.000000
1708694335941421922,0.015625,0.015625,0.968750,0.000000
1708694335961521354,0.412698,0.206349,0.380952,0.000000
1708694335981676040,0.646154,0.030769,0.323077,0.000000
1708694336001787117,0.032787,0.016393,0.950820,0.000000
1708694336021876243,0.000000,0.000000,1.000000,0.000000
1708694336041943502,0.000000,0.000000,1.000000,0.000000
1708694336062022951,0.000000,0.000000,1.000000,0.000000
1708694336082098704,0.000000,0.000000,1.000000,0.000000
1708694336102184221,0.015385,0.015385,0.969231,0.000000
1708694336122260392,0.000000,0.000000,1.000000,0.000000
1708694336142336484,0.000000,0.000000,1.000000,0.000000
1708694336162411929,0.000000,0.000000,1.000000,0.000000
1708694336182494189,0.031746,0.000000,0.968254,0.000000
1708694336202606575,0.209677,0.080645,0.709677,0.000000
1708694336222730002,0.202899,0.101449,0.695652,0.000000
1708694336242826373,0.031746,0.015873,0.952381,0.000000
1708694336262932198,0.473684,0.087719,0.438596,0.000000
1708694336283021003,0.761194,0.089552,0.149254,0.000000
1708694336303141413,0.140351,0.052632,0.807018,0.000000
1708694336323269127,0.089286,0.071429,0.839286,0.000000
1708694336343370577,0.067797,0.067797,0.864407,0.000000
1708694336363480662,0.081967,0.065574,0.852459,0.000000
1708694336383599126,0.050000,0.116667,0.833333,0.000000
1708694336403704950,0.093750,0.109375,0.796875,0.000000
1708694336423817796,0.053571,0.053571,0.892857,0.000000
1708694336443944831,0.067797,0.084746,0.847458,0.000000
1708694336464056937,0.081967,0.098361,0.819672,0.000000
1708694336484172991,0.052632,0.070175,0.877193,0.000000
1708694336504297408,0.087719,0.052632,0.859649,0.000000
1708694336524402779,0.098361,0.081967,0.819672,0.000000
1708694336544510570,0.035088,0.087719,0.877193,0.000000
1708694336564636686,0.035714,0.071429,0.892857,0.000000
1708694336584745631,0.112903,0.080645,0.806452,0.000000
1708694336604860377,0.093750,0.125000,0.781250,0.000000
1708694336624980075,0.071429,0.035714,0.892857,0.000000
1708694336645101251,0.064516,0.129032,0.806452,0.000000
1708694336665224175,0.066667,0.083333,0.850000,0.000000
1708694336685341889,0.087719,0.035088,0.877193,0.000000
1708694336705447657,0.068966,0.086207,0.844828,0.000000
1708694336725566094,0.081967,0.114754,0.803279,0.000000
1708694336745683602,0.070175,0.087719,0.842105,0.000000
1708694336765796657,0.105263,0.035088,0.859649,0.000000
1708694336785923802,0.035088,0.070175,0.894737,0.000000
1708694336806037690,0.081967,0.081967,0.836066,0.000000
1708694336826150101,0.066667,0.100000,0.833333,0.000000
1708694336846284545,0.095238,0.095238,0.809524,0.000000
1708694336866390032,0.064516,0.145161,0.790323,0.000000
1708694336886500408,0.049180,0.098361,0.852459,0.000000
1708694336906613855,0.033898,0.067797,0.898305,0.000000
1708694336926731875,0.051724,0.137931,0.810345,0.000000
1708694336946846432,0.140351,0.175439,0.684211,0.000000
1708694336966964987,0.229508,0.409836,0.360656,0.000000
1708694336987143735,0.500000,0.297297,0.202703,0.000000
1708694337007275925,0.560606,0.348485,0.090909,0.000000
1708694337038859417,0.568182,0.409091,0.022727,0.000000
1708694337055238892,0.619048,0.380952,0.000000,0.000000
1708694337075424498,0.600000,0.369231,0.030769,0.000000
1708694337095591832,0.693548,0.290323,0.016129,0.000000
1708694337115770547,0.615385,0.369231,0.015385,0.000000
1708694337135915859,0.682540,0.301587,0.015873,0.000000
1708694337156070408,0.703125,0.296875,0.000000,0.000000
1708694337176228031,0.682540,0.317460,0.000000,0.000000
1708694337196383556,0.703125,0.281250,0.015625,0.000000
1708694337216538922,0.676923,0.307692,0.015385,0.000000
1708694337244184775,0.763158,0.236842,0.000000,0.000000
1708694337261901823,0.734375,0.234375,0.031250,0.000000
1708694337292679653,0.688889,0.288889,0.022222,0.000000
1708694337309355895,0.750000,0.250000,0.000000,0.000000
1708694337329570305,0.873016,0.126984,0.000000,0.000000
1708694337349773922,0.892308,0.092308,0.015385,0.000000
1708694337377624405,0.921348,0.078652,0.000000,0.000000
1708694337395235515,0.952381,0.047619,0.000000,0.000000
1708694337415430273,0.968750,0.031250,0.000000,0.000000
1708694337435646143,0.968750,0.031250,0.000000,0.000000
1708694337468885839,0.943820,0.044944,0.011236,0.000000
1708694337484720306,0.923077,0.076923,0.000000,0.000000
1708694337508162737,0.974026,0.025974,0.000000,0.000000
1708694337527237616,0.936508,0.063492,0.000000,0.000000
1708694337547419158,0.937500,0.046875,0.015625,0.000000
1708694337580877898,0.911111,0.077778,0.011111,0.000000
1708694337602648761,0.947368,0.039474,0.013158,0.000000
1708694337630343594,0.955556,0.044444,0.000000,0.000000
1708694337647334423,0.859375,0.140625,0.000000,0.000000
1708694337667515898,0.921875,0.062500,0.015625,0.000000
1708694337687622477,0.984127,0.015873,0.000000,0.000000
1708694337709460060,0.921875,0.062500,0.015625,0.015625
1708694337729074585,0.873016,0.126984,0.000000,0.000000
1708694337751870545,0.907895,0.092105,0.000000,0.000000
1708694337771186001,0.526316,0.157895,0.315789,0.000000
1708694337791292235,0.451613,0.145161,0.403226,0.016129
1708694337811404271,0.063492,0.158730,0.777778,0.015873
1708694337831511353,0.064516,0.064516,0.870968,0.032258
1708694337851628074,0.066667,0.083333,0.850000,0.016667
1708694337871726944,0.000000,0.016129,0.983871,0.000000
1708694337891813848,0.016129,0.000000,0.983871,0.016129
1708694337911896965,0.000000,0.015625,0.984375,0.015625
1708694337931975110,0.000000,0.000000,1.000000,0.000000
1708694337952054349,0.000000,0.000000,1.000000,0.000000
1708694337972141252,0.000000,0.000000,1.000000,0.000000
1708694337992251415,0.000000,0.000000,1.000000,0.015625
1708694338012326247,0.000000,0.000000,1.000000,0.000000
1708694338032403398,0.000000,0.000000,1.000000,0.000000
1708694338052483521,0.000000,0.000000,1.000000,0.000000
1708694338072565131,0.000000,0.000000,1.000000,0.000000
1708694338092647210,0.000000,0.015385,0.984615,0.015385
1708694338112740156,0.000000,0.000000,1.000000,0.000000
1708694338132812599,0.000000,0.000000,1.000000,0.000000
1708694338152894106,0.000000,0.015625,0.984375,0.000000
1708694338172973152,0.000000,0.000000,1.000000,0.015625
1708694338193053899,0.000000,0.000000,1.000000,0.000000
1708694338213143476,0.000000,0.015385,0.984615,0.000000
1708694338233220725,0.000000,0.000000,1.000000,0.015873
1708694338253316815,0.000000,0.000000,1.000000,0.000000
1708694338273391587,0.000000,0.015625,0.984375,0.015625
1708694338293475445,0.000000,0.015625,0.984375,0.015625
1708694338313569673,0.000000,0.000000,1.000000,0.000000
1708694338333652326,0.000000,0.000000,1.000000,0.015873
1708694338353757779,0.000000,0.000000,1.000000,0.000000
1708694338373833352,0.000000,0.000000,1.000000,0.000000
1708694338393912986,0.000000,0.000000,1.000000,0.000000
1708694338414004852,0.000000,0.015385,0.984615,0.015385
1708694338434081977,0.000000,0.000000,1.000000,0.000000
1708694338454170834,0.000000,0.000000,1.000000,0.000000
1708694338474253585,0.000000,0.015625,0.984375,0.015625
1708694338494330863,0.000000,0.000000,1.000000,0.016129
1708694338514417222,0.000000,0.000000,1.000000,0.000000
1708694338534496050,0.000000,0.015385,0.984615,0.000000
1708694338554585309,0.000000,0.000000,1.000000,0.000000
1708694338574665656,0.000000,0.015625,0.984375,0.015625
1708694338594743146,0.000000,0.015625,0.984375,0.000000
1708694338614836909,0.000000,0.000000,1.000000,0.000000
1708694338634920754,0.000000,0.015385,0.984615,0.000000
1708694338655006061,0.000000,0.015625,0.984375,0.000000
1708694338675085187,0.000000,0.015385,0.984615,0.000000
1708694338695169461,0.015873,0.000000,0.984127,0.000000
1708694338715259550,0.000000,0.015385,0.984615,0.000000
1708694338735333389,0.000000,0.015385,0.984615,0.000000
1708694338755414562,0.000000,0.000000,1.000000,0.015873
1708694338775492073,0.000000,0.000000,1.000000,0.000000
1708694338795573088,0.000000,0.000000,1.000000,0.000000
1708694338815659168,0.000000,0.015385,0.984615,0.000000
1708694338835736171,0.000000,0.000000,1.000000,0.015873
1708694338855822564,0.000000,0.000000,1.000000,0.000000
1708694338875905830,0.000000,0.000000,1.000000,0.000000
1708694338895989049,0.000000,0.000000,1.000000,0.000000
1708694338916093141,0.000000,0.000000,1.000000,0.000000
1708694338936172930,0.000000,0.000000,1.000000,0.015873
1708694338956254937,0.000000,0.000000,1.000000,0.000000
1708694338976333566,0.000000,0.000000,1.000000,0.000000
1708694338996408346,0.000000,0.015625,0.984375,0.000000
1708694339016486894,0.000000,0.000000,1.000000,0.000000
1708694339036563372,0.000000,0.000000,1.000000,0.000000
1708694339056639970,0.000000,0.000000,1.000000,0.000000
1708694339076715911,0.000000,0.015625,0.984375,0.000000
1708694339096793015,0.000000,0.000000,1.000000,0.000000
1708694339116870735,0.015625,0.000000,0.984375,0.000000
1708694339136948455,0.000000,0.000000,1.000000,0.000000
1708694339157028419,0.000000,0.000000,1.000000,0.015625
1708694339177103980,0.000000,0.015625,0.984375,0.000000
1708694339197180877,0.000000,0.000000,1.000000,0.000000
1708694339217257723,0.000000,0.000000,1.000000,0.000000
1708694339237333116,0.000000,0.000000,1.000000,0.000000
1708694339257409553,0.000000,0.000000,1.000000,0.000000
1708694339277485902,0.000000,0.015385,0.984615,0.000000
1708694339297563214,0.000000,0.000000,1.000000,0.015873
1708694339317645598,0.030303,0.045455,0.924242,0.000000
1708694339337734815,0.000000,0.000000,1.000000,0.000000
1708694339357809186,0.000000,0.000000,1.000000,0.000000
1708694339377889509,0.015625,0.000000,0.984375,0.000000
1708694339397979879,0.015873,0.015873,0.968254,0.000000
1708694339418073447,0.000000,0.032258,0.967742,0.000000
1708694339438178517,0.030769,0.015385,0.953846,0.015385
1708694339458277367,0.000000,0.015873,0.984127,0.015873
1708694339478344350,0.015873,0.015873,0.968254,0.000000
1708694339498423466,0.015873,0.015873,0.968254,0.015873
