Time,User,Kernel,Idle,IoWait
1708693814718635775,0.150000,0.000000,0.850000,0.000000
1708693814818704771,0.315789,0.052632,0.631579,0.000000
1708693814918809809,0.055556,0.000000,0.944444,0.000000
1708693815018968651,0.300000,0.350000,0.350000,0.000000
1708693815119121507,0.111111,0.166667,0.722222,0.000000
1708693815219181320,0.150000,0.200000,0.650000,0.000000
1708693815319311057,0.550000,0.300000,0.150000,0.000000
1708693815419446523,0.578947,0.263158,0.157895,0.000000
1708693815519571532,0.600000,0.350000,0.050000,0.000000
1708693815619688420,0.684211,0.315789,0.000000,0.000000
1708693815719773144,0.714286,0.238095,0.047619,0.000000
1708693815819919890,0.750000,0.250000,0.000000,0.000000
1708693815920050874,0.842105,0.157895,0.000000,0.000000
1708693816020176422,0.900000,0.100000,0.000000,0.000000
1708693816120297850,0.900000,0.100000,0.000000,0.000000
1708693816220408231,0.800000,0.100000,0.100000,0.000000
1708693816320522158,0.900000,0.100000,0.000000,0.000000
1708693816420646696,0.388889,0.055556,0.555556,0.000000
1708693816520758263,0.050000,0.050000,0.900000,0.000000
1708693816620818283,0.000000,0.000000,1.000000,0.000000
1708693816720910895,0.000000,0.000000,1.000000,0.000000
1708693816820951603,0.000000,0.000000,1.000000,0.000000
1708693816921008462,0.000000,0.050000,0.950000,0.000000
1708693817021106609,0.000000,0.000000,1.000000,0.000000
1708693817121164055,0.000000,0.000000,1.000000,0.000000
1708693817221649032,0.210526,0.052632,0.736842,0.000000
1708693817321808123,0.388889,0.277778,0.333333,0.000000
1708693817421960362,0.294118,0.647059,0.058824,0.000000
1708693817522033053,0.550000,0.350000,0.100000,0.000000
1708693817622109362,0.750000,0.250000,0.000000,0.000000
1708693817722214413,0.684211,0.315789,0.000000,0.000000
1708693817822352790,0.850000,0.150000,0.000000,0.000000
1708693817922491682,0.761905,0.238095,0.000000,0.000000
1708693818022605409,0.750000,0.250000,0.000000,0.000000
1708693818122723217,0.714286,0.285714,0.000000,0.000000
1708693818222797406,0.650000,0.250000,0.100000,0.000000
1708693818322877064,0.750000,0.250000,0.000000,0.000000
1708693818423006979,0.850000,0.150000,0.000000,0.000000
1708693818523131848,0.850000,0.150000,0.000000,0.000000
1708693818623217594,0.368421,0.105263,0.526316,0.000000
1708693818723312664,0.052632,0.000000,0.947368,0.000000
1708693818823347579,0.000000,0.000000,1.000000,0.000000
1708693818923469634,0.000000,0.000000,1.000000,0.000000
1708693819023502626,0.000000,0.000000,1.000000,0.000000
1708693819123611172,0.315789,0.210526,0.473684,0.000000
1708693819223717095,0.500000,0.250000,0.250000,0.000000
1708693819323843360,0.444444,0.444444,0.111111,0.000000
1708693819423900937,0.650000,0.300000,0.050000,0.000000
1708693819524026482,0.600000,0.400000,0.000000,0.000000
1708693819624126493,0.550000,0.450000,0.000000,0.000000
1708693819724268420,0.631579,0.315789,0.052632,0.000000
1708693819824390532,0.857143,0.142857,0.000000,0.000000
1708693819924530843,0.800000,0.200000,0.000000,0.000000
1708693820024664088,0.850000,0.150000,0.000000,0.000000
1708693820124787533,0.894737,0.105263,0.000000,0.000000
1708693820224915105,0.857143,0.142857,0.000000,0.000000
1708693820325040487,0.789474,0.157895,0.052632,0.000000
1708693820425177391,0.800000,0.150000,0.050000,0.000000
1708693820525288944,0.210526,0.105263,0.684211,0.000000
1708693820625348076,0.055556,0.000000,0.944444,0.000000
1708693820725448880,0.000000,0.000000,1.000000,0.000000
1708693820825490843,0.000000,0.000000,1.000000,0.000000
1708693820925594337,0.000000,0.000000,1.000000,0.000000
1708693821025688914,0.000000,0.000000,1.000000,0.000000
1708693821125768670,0.000000,0.000000,1.000000,0.000000
1708693821225857749,0.000000,0.000000,1.000000,0.000000
1708693821325958476,0.000000,0.000000,1.000000,0.000000
1708693821426018800,0.000000,0.000000,1.000000,0.000000
1708693821526080308,0.000000,0.000000,1.000000,0.000000
1708693821626171310,0.000000,0.000000,1.000000,0.000000
1708693821726250983,0.000000,0.000000,1.000000,0.000000
1708693821826336868,0.000000,0.000000,1.000000,0.000000
1708693821926392848,0.000000,0.000000,1.000000,0.000000
1708693822026476047,0.000000,0.000000,1.000000,0.000000
1708693822126563679,0.000000,0.000000,1.000000,0.000000
1708693822226609287,0.000000,0.000000,1.000000,0.000000
1708693822326703992,0.000000,0.000000,1.000000,0.000000
1708693822426736978,0.000000,0.000000,1.000000,0.000000
1708693822526793779,0.000000,0.000000,1.000000,0.000000
1708693822626884823,0.000000,0.000000,1.000000,0.000000
1708693822726929520,0.000000,0.000000,1.000000,0.000000
1708693822827025450,0.000000,0.000000,1.000000,0.000000
1708693822927100994,0.000000,0.000000,1.000000,0.000000
1708693823027122433,0.000000,0.000000,1.000000,0.000000
1708693823127202598,0.000000,0.000000,1.000000,0.000000
1708693823227277251,0.000000,0.000000,1.000000,0.000000
1708693823327336326,0.000000,0.000000,1.000000,0.000000
1708693823427422220,0.000000,0.000000,1.000000,0.000000
1708693823527477120,0.000000,0.000000,1.000000,0.000000
1708693823627531408,0.000000,0.000000,1.000000,0.000000
1708693823727606270,0.000000,0.000000,1.000000,0.000000
1708693823827686052,0.000000,0.000000,1.000000,0.000000
1708693823927771481,0.000000,0.000000,1.000000,0.000000
1708693824027852552,0.000000,0.000000,1.000000,0.000000
1708693824127939416,0.000000,0.000000,1.000000,0.000000
1708693824228027191,0.000000,0.050000,0.950000,0.000000
1708693824328106406,0.000000,0.000000,1.000000,0.000000
1708693824428143549,0.000000,0.000000,1.000000,0.000000
1708693824528202711,0.000000,0.000000,1.000000,0.000000
1708693824628303016,0.000000,0.000000,1.000000,0.000000
1708693824728316599,0.000000,0.000000,1.000000,0.000000
1708693824828414793,0.000000,0.000000,1.000000,0.000000
1708693824928498177,0.000000,0.000000,1.000000,0.000000
1708693825028535656,0.000000,0.000000,1.000000,0.000000
1708693825128609770,0.000000,0.000000,1.000000,0.000000
1708693825228680187,0.000000,0.000000,1.000000,0.000000
1708693825328740484,0.000000,0.000000,1.000000,0.000000
1708693825428811823,0.000000,0.000000,1.000000,0.000000
1708693825528869516,0.000000,0.000000,1.000000,0.000000
1708693825628962688,0.000000,0.000000,1.000000,0.000000
1708693825729006853,0.000000,0.000000,1.000000,0.000000
1708693825829110446,0.000000,0.000000,1.000000,0.000000
1708693825929135928,0.000000,0.000000,1.000000,0.000000
1708693826029237391,0.000000,0.000000,1.000000,0.000000
1708693826129312196,0.000000,0.000000,1.000000,0.000000
1708693826229400683,0.000000,0.000000,1.000000,0.000000
1708693826329488371,0.000000,0.000000,1.000000,0.000000
1708693826429569274,0.000000,0.000000,1.000000,0.000000
1708693826529600528,0.000000,0.000000,1.000000,0.000000
1708693826629683486,0.000000,0.000000,1.000000,0.000000
1708693826729782431,0.000000,0.000000,1.000000,0.000000
1708693826829871689,0.000000,0.000000,1.000000,0.000000
1708693826929965166,0.000000,0.000000,1.000000,0.000000
1708693827030027180,0.000000,0.000000,1.000000,0.000000
1708693827130121972,0.000000,0.000000,1.000000,0.000000
1708693827230216073,0.000000,0.000000,1.000000,0.000000
1708693827330295698,0.000000,0.000000,1.000000,0.000000
1708693827430406269,0.000000,0.000000,1.000000,0.000000
1708693827530480778,0.000000,0.000000,1.000000,0.000000
1708693827630592140,0.000000,0.000000,1.000000,0.000000
1708693827730684994,0.000000,0.000000,1.000000,0.000000
1708693827830733973,0.000000,0.000000,1.000000,0.000000
1708693827930817465,0.000000,0.000000,1.000000,0.000000
1708693828030863457,0.000000,0.000000,1.000000,0.000000
1708693828130950780,0.000000,0.000000,1.000000,0.000000
1708693828230996240,0.000000,0.000000,1.000000,0.000000
1708693828331075700,0.000000,0.000000,1.000000,0.000000
1708693828431133304,0.000000,0.000000,1.000000,0.000000
1708693828531217472,0.000000,0.000000,1.000000,0.000000
1708693828631305525,0.000000,0.000000,1.000000,0.000000
1708693828731379372,0.000000,0.000000,1.000000,0.000000
1708693828831477634,0.000000,0.000000,1.000000,0.000000
1708693828931556128,0.000000,0.000000,1.000000,0.000000
1708693829031599638,0.000000,0.000000,1.000000,0.000000
1708693829131674329,0.000000,0.000000,1.000000,0.000000
1708693829231740137,0.000000,0.000000,1.000000,0.000000
1708693829331817059,0.000000,0.000000,1.000000,0.000000
1708693829431900125,0.000000,0.000000,1.000000,0.000000
1708693829531972258,0.000000,0.000000,1.000000,0.000000
1708693829631991917,0.000000,0.000000,1.000000,0.000000
1708693829732089888,0.000000,0.000000,1.000000,0.000000
1708693829832179701,0.000000,0.000000,1.000000,0.000000
1708693829932208220,0.000000,0.000000,1.000000,0.000000
1708693830032310147,0.000000,0.000000,1.000000,0.000000
1708693830132398039,0.105263,0.000000,0.894737,0.000000
1708693830232499173,0.588235,0.117647,0.294118,0.000000
1708693830332577952,0.421053,0.473684,0.105263,0.000000
1708693830432646466,0.684211,0.315789,0.000000,0.000000
1708693830532801134,0.550000,0.450000,0.000000,0.000000
1708693830632866950,0.650000,0.350000,0.000000,0.000000
1708693830732963352,0.800000,0.200000,0.000000,0.000000
1708693830833106643,0.800000,0.200000,0.000000,0.000000
1708693830933166504,0.950000,0.050000,0.000000,0.000000
1708693831033247112,0.800000,0.200000,0.000000,0.000000
1708693831133322566,0.850000,0.150000,0.000000,0.000000
1708693831233471851,0.850000,0.150000,0.000000,0.000000
1708693831333615511,0.950000,0.050000,0.000000,0.000000
1708693831440767862,0.750000,0.150000,0.100000,0.000000
1708693831538479004,0.250000,0.050000,0.700000,0.000000
1708693831638578720,0.000000,0.055556,0.944444,0.000000
1708693831738577725,0.000000,0.000000,1.000000,0.000000
1708693831838678511,0.000000,0.000000,1.000000,0.000000
1708693831938745898,0.095238,0.047619,0.857143,0.000000
1708693832038838771,0.388889,0.111111,0.500000,0.000000
1708693832138940817,0.500000,0.428571,0.071429,0.000000
1708693832238977801,0.526316,0.263158,0.210526,0.000000
1708693832339094578,0.526316,0.473684,0.000000,0.000000
1708693832439205392,0.750000,0.250000,0.000000,0.000000
1708693832539292590,0.700000,0.300000,0.000000,0.000000
1708693832639393651,0.526316,0.473684,0.000000,0.000000
1708693832739493926,0.900000,0.100000,0.000000,0.000000
1708693832839593340,0.857143,0.142857,0.000000,0.000000
1708693832939688030,0.842105,0.157895,0.000000,0.000000
1708693833039784938,0.857143,0.142857,0.000000,0.000000
1708693833139879330,0.850000,0.150000,0.000000,0.000000
1708693833239985814,0.894737,0.000000,0.105263,0.000000
1708693833340084036,0.421053,0.105263,0.473684,0.000000
1708693833440154310,0.050000,0.050000,0.900000,0.000000
1708693833540200388,0.000000,0.000000,1.000000,0.000000
1708693833640285651,0.000000,0.000000,1.000000,0.000000
1708693833740345752,0.000000,0.000000,1.000000,0.000000
1708693833840405560,0.000000,0.050000,0.950000,0.000000
