Time,User,Kernel,Idle,IoWait
1708598433771816591,0.028481,0.022152,0.949367,0.000000
1708598433871955468,0.022013,0.003145,0.974843,0.000000
1708598433972032247,0.012618,0.012618,0.974763,0.000000
1708598434072166425,0.018987,0.018987,0.962025,0.000000
1708598434172270467,0.031546,0.012618,0.955836,0.000000
1708598434272383216,0.022152,0.025316,0.952532,0.000000
1708598434372500888,0.051282,0.032051,0.916667,0.000000
1708598434472623692,0.201807,0.069277,0.728916,0.000000
1708598434572758307,0.012698,0.022222,0.965079,0.000000
1708598434672897992,0.068966,0.037618,0.893417,0.000000
1708598434772998148,0.234921,0.123810,0.641270,0.000000
1708598434873118126,0.351438,0.095847,0.552716,0.000000
1708598434973251705,0.300940,0.112853,0.586207,0.000000
1708598435073396581,0.242623,0.095082,0.662295,0.000000
1708598435173504684,0.043624,0.077181,0.879195,0.000000
1708598435273612547,0.055556,0.078431,0.866013,0.000000
1708598435373750535,0.038585,0.093248,0.868167,0.000000
1708598435473909193,0.232704,0.169811,0.597484,0.000000
1708598435574058055,0.411215,0.208723,0.380062,0.000000
1708598435674231952,0.588608,0.237342,0.174051,0.000000
1708598435774358243,0.644951,0.166124,0.188925,0.000000
1708598435875151211,0.630719,0.147059,0.222222,0.000000
1708598435975058009,0.528053,0.181518,0.290429,0.000000
1708598436075194275,0.334471,0.174061,0.491468,0.000000
1708598436175348300,0.314685,0.185315,0.500000,0.000000
1708598436275480876,0.343972,0.177305,0.478723,0.000000
1708598436375590382,0.129450,0.148867,0.721683,0.000000
1708598436475727775,0.298742,0.191824,0.509434,0.000000
1708598436575898109,0.449838,0.268608,0.281553,0.000000
1708598436676062166,0.573620,0.208589,0.217791,0.000000
1708598436776187384,0.662420,0.140127,0.197452,0.000000
1708598436876307766,0.562092,0.137255,0.300654,0.000000
1708598436976460768,0.250804,0.118971,0.630225,0.000000
1708598437076551385,0.006309,0.003155,0.990536,0.000000
1708598437176657649,0.000000,0.006250,0.993750,0.000000
1708598437276763953,0.000000,0.000000,1.000000,0.000000
1708598437376865251,0.000000,0.000000,1.000000,0.000000
1708598437476972514,0.000000,0.003135,0.996865,0.000000
1708598437577075530,0.000000,0.003135,0.996865,0.000000
1708598437677182880,0.000000,0.000000,1.000000,0.000000
1708598437777283854,0.000000,0.003135,0.996865,0.000000
1708598437877398175,0.000000,0.006250,0.993750,0.000000
1708598437977494107,0.000000,0.003135,0.996865,0.000000
1708598438077591045,0.000000,0.003135,0.996865,0.000000
1708598438177655916,0.000000,0.006270,0.993730,0.000000
1708598438277789911,0.000000,0.003125,0.996875,0.000000
1708598438377871512,0.000000,0.003135,0.996865,0.000000
1708598438477962542,0.000000,0.003135,0.996865,0.000000
1708598438578051724,0.000000,0.000000,1.000000,0.000000
1708598438678143550,0.000000,0.000000,1.000000,0.000000
1708598438778232433,0.000000,0.000000,1.000000,0.000000
1708598438878320144,0.000000,0.000000,1.000000,0.000000
1708598438978416916,0.000000,0.000000,1.000000,0.000000
1708598439078513834,0.000000,0.000000,1.000000,0.000000
1708598439178600544,0.000000,0.003125,0.996875,0.000000
1708598439278697462,0.000000,0.000000,1.000000,0.000000
1708598439378785454,0.000000,0.000000,1.000000,0.000000
1708598439478871368,0.000000,0.000000,1.000000,0.000000
1708598439578960827,0.000000,0.000000,1.000000,0.000000
1708598439679049419,0.000000,0.000000,1.000000,0.000000
1708598439779136780,0.000000,0.000000,1.000000,0.000000
1708598439879222858,0.000000,0.003135,0.996865,0.003135
1708598439979318117,0.000000,0.000000,1.000000,0.000000
1708598440079411445,0.000000,0.000000,1.000000,0.000000
1708598440179499516,0.000000,0.000000,1.000000,0.000000
1708598440279601414,0.000000,0.000000,1.000000,0.000000
1708598440379689701,0.000000,0.000000,1.000000,0.000000
1708598440479779497,0.000000,0.000000,1.000000,0.000000
1708598440579868160,0.000000,0.000000,1.000000,0.000000
1708598440679956547,0.000000,0.000000,1.000000,0.000000
1708598440780047025,0.000000,0.000000,1.000000,0.000000
1708598440880137220,0.000000,0.000000,1.000000,0.000000
1708598440980229240,0.000000,0.000000,1.000000,0.000000
1708598441080324682,0.000000,0.000000,1.000000,0.000000
1708598441180413098,0.000000,0.000000,1.000000,0.000000
1708598441280505517,0.000000,0.000000,1.000000,0.000000
1708598441380594678,0.000000,0.000000,1.000000,0.000000
1708598441480683388,0.000000,0.000000,1.000000,0.000000
1708598441580773382,0.000000,0.000000,1.000000,0.000000
1708598441680860879,0.000000,0.000000,1.000000,0.000000
1708598441780949951,0.000000,0.000000,1.000000,0.000000
1708598441881039763,0.000000,0.000000,1.000000,0.000000
1708598441981125500,0.000000,0.000000,1.000000,0.000000
1708598442081219757,0.000000,0.000000,1.000000,0.000000
1708598442181307069,0.000000,0.000000,1.000000,0.000000
1708598442281400780,0.000000,0.000000,1.000000,0.000000
1708598442381489156,0.000000,0.000000,1.000000,0.000000
1708598442481577740,0.000000,0.000000,1.000000,0.000000
1708598442581666799,0.000000,0.000000,1.000000,0.000000
1708598442681755880,0.000000,0.000000,1.000000,0.000000
1708598442781848527,0.000000,0.000000,1.000000,0.000000
1708598442881938978,0.000000,0.000000,1.000000,0.000000
1708598442982028181,0.000000,0.000000,1.000000,0.000000
1708598443082123236,0.000000,0.000000,1.000000,0.000000
1708598443182209694,0.000000,0.000000,1.000000,0.000000
1708598443282304964,0.000000,0.000000,1.000000,0.000000
1708598443382397127,0.000000,0.000000,1.000000,0.000000
1708598443482492536,0.000000,0.000000,1.000000,0.000000
1708598443582583552,0.000000,0.000000,1.000000,0.000000
1708598443682672632,0.000000,0.000000,1.000000,0.000000
1708598443782764285,0.000000,0.000000,1.000000,0.000000
1708598443882857419,0.000000,0.000000,1.000000,0.000000
1708598443982946029,0.000000,0.000000,1.000000,0.000000
1708598444083041544,0.000000,0.000000,1.000000,0.000000
1708598444183131257,0.000000,0.000000,1.000000,0.000000
1708598444283232432,0.000000,0.003125,0.996875,0.000000
1708598444383347380,0.000000,0.000000,1.000000,0.000000
1708598444483439407,0.000000,0.000000,1.000000,0.000000
1708598444583532733,0.000000,0.000000,1.000000,0.000000
1708598444683621216,0.000000,0.000000,1.000000,0.000000
1708598444783716405,0.000000,0.000000,1.000000,0.000000
1708598444883815998,0.000000,0.000000,1.000000,0.000000
1708598444983910237,0.000000,0.000000,1.000000,0.000000
1708598445084031957,0.000000,0.000000,1.000000,0.000000
1708598445184118419,0.000000,0.000000,1.000000,0.000000
1708598445284213397,0.000000,0.000000,1.000000,0.000000
1708598445384306603,0.000000,0.000000,1.000000,0.000000
1708598445484398862,0.000000,0.003125,0.996875,0.000000
1708598445584492478,0.000000,0.000000,1.000000,0.000000
1708598445684586095,0.000000,0.000000,1.000000,0.000000
1708598445784677520,0.000000,0.000000,1.000000,0.000000
1708598445884768963,0.000000,0.000000,1.000000,0.000000
1708598445984859902,0.000000,0.000000,1.000000,0.000000
1708598446084958834,0.037267,0.024845,0.937888,0.000000
1708598446185088617,0.337580,0.079618,0.582803,0.000000
1708598446285163950,0.098976,0.078498,0.822526,0.000000
1708598446385297035,0.093960,0.073826,0.832215,0.000000
1708598446485414109,0.080808,0.087542,0.831650,0.000000
1708598446585551462,0.051724,0.093103,0.855172,0.000000
1708598446685689536,0.074830,0.088435,0.836735,0.000000
1708598446785824968,0.048611,0.111111,0.840278,0.000000
1708598446885974394,0.156863,0.186275,0.656863,0.000000
1708598446995042339,0.560694,0.372832,0.066474,0.000000
1708598447092263196,0.651899,0.325949,0.022152,0.000000
1708598447192446117,0.744548,0.239875,0.015576,0.000000
1708598447292629154,0.786834,0.210031,0.003135,0.000000
1708598447392809097,0.832808,0.164038,0.003155,0.000000
1708598447493008629,0.937500,0.059375,0.003125,0.000000
1708598447593192132,0.940439,0.056426,0.003135,0.000000
1708598447693389454,0.959248,0.037618,0.003135,0.000000
1708598447793545850,0.853503,0.076433,0.070064,0.000000
1708598447893657409,0.127451,0.091503,0.781046,0.000000
1708598447993761078,0.006369,0.006369,0.987261,0.000000
1708598448093866119,0.003125,0.000000,0.996875,0.000000
1708598448193949201,0.000000,0.006250,0.993750,0.000000
1708598448294048042,0.000000,0.003145,0.996855,0.000000
1708598448394145912,0.000000,0.006270,0.993730,0.000000
1708598448494244958,0.000000,0.015625,0.984375,0.000000
1708598448594344711,0.000000,0.006309,0.993691,0.000000
1708598448694441871,0.000000,0.012500,0.987500,0.000000
1708598448794548369,0.000000,0.003145,0.996855,0.000000
1708598448894647328,0.000000,0.009346,0.990654,0.000000
1708598448994743681,0.000000,0.003145,0.996855,0.000000
1708598449094841991,0.000000,0.000000,1.000000,0.000000
1708598449194937039,0.000000,0.000000,1.000000,0.000000
1708598449295030600,0.000000,0.000000,1.000000,0.000000
1708598449395114313,0.000000,0.000000,1.000000,0.000000
1708598449495205739,0.000000,0.000000,1.000000,0.000000
1708598449595300789,0.000000,0.000000,1.000000,0.000000
1708598449695384086,0.000000,0.000000,1.000000,0.000000
1708598449795479273,0.000000,0.000000,1.000000,0.000000
1708598449895564358,0.000000,0.000000,1.000000,0.000000
1708598449995659728,0.000000,0.000000,1.000000,0.000000
1708598450095756815,0.000000,0.000000,1.000000,0.003145
1708598450195868380,0.000000,0.003135,0.996865,0.003135
1708598450295955407,0.000000,0.003135,0.996865,0.003135
1708598450396044634,0.000000,0.000000,1.000000,0.003145
1708598450496136522,0.000000,0.003135,0.996865,0.003135
1708598450596229587,0.000000,0.000000,1.000000,0.003145
1708598450696314182,0.000000,0.000000,1.000000,0.000000
1708598450796401417,0.000000,0.000000,1.000000,0.003155
1708598450896487117,0.000000,0.003135,0.996865,0.003135
1708598450996585329,0.000000,0.000000,1.000000,0.003145
1708598451096679800,0.000000,0.000000,1.000000,0.003145
1708598451196767279,0.000000,0.003135,0.996865,0.003135
1708598451296858712,0.000000,0.003145,0.996855,0.003145
1708598451396949867,0.000000,0.000000,1.000000,0.003145
1708598451497039983,0.000000,0.000000,1.000000,0.003145
1708598451597129689,0.000000,0.000000,1.000000,0.003145
1708598451697214778,0.000000,0.000000,1.000000,0.003145
1708598451797305275,0.000000,0.000000,1.000000,0.003145
1708598451897392439,0.000000,0.003145,0.996855,0.003145
1708598451997489591,0.000000,0.000000,1.000000,0.003145
1708598452097577745,0.000000,0.000000,1.000000,0.003145
1708598452197668885,0.000000,0.000000,1.000000,0.003145
1708598452297759956,0.000000,0.000000,1.000000,0.006289
1708598452397851689,0.000000,0.000000,1.000000,0.000000
1708598452497938701,0.000000,0.003135,0.996865,0.003135
1708598452598028191,0.000000,0.000000,1.000000,0.003145
1708598452698113302,0.000000,0.000000,1.000000,0.000000
1708598452798205384,0.000000,0.000000,1.000000,0.006309
1708598452898301176,0.000000,0.000000,1.000000,0.003135
1708598452998393492,0.015823,0.000000,0.984177,0.006329
1708598453098494687,0.381877,0.067961,0.550162,0.012945
1708598453198620557,0.133333,0.073684,0.792982,0.024561
1708598453298759601,0.087248,0.107383,0.805369,0.030201
1708598453398895500,0.081081,0.094595,0.824324,0.013514
1708598453499026931,0.065292,0.082474,0.852234,0.000000
1708598453599146375,0.083893,0.080537,0.835570,0.000000
1708598453699289460,0.076923,0.073579,0.849498,0.000000
1708598453799393484,0.084459,0.074324,0.841216,0.000000
1708598453899565794,0.427653,0.308682,0.263666,0.000000
1708598453999774406,0.596875,0.387500,0.015625,0.000000
1708598454099933731,0.665625,0.325000,0.009375,0.000000
1708598454212066545,0.744382,0.244382,0.011236,0.000000
1708598454308266880,0.918495,0.078370,0.003135,0.000000
1708598454419894356,0.936416,0.060694,0.002890,0.000000
1708598454527989566,0.924419,0.072674,0.002907,0.000000
1708598454624767655,0.931034,0.056426,0.012539,0.000000
1708598454724786329,0.863924,0.088608,0.047468,0.000000
1708598454824901365,0.372671,0.118012,0.509317,0.000000
1708598454924999150,0.018634,0.031056,0.950311,0.000000
1708598455025108645,0.000000,0.000000,1.000000,0.000000
1708598455125202114,0.003125,0.003125,0.993750,0.000000
1708598455225304588,0.000000,0.006270,0.993730,0.000000
1708598455325405329,0.000000,0.006289,0.993711,0.000000
1708598455425507838,0.000000,0.009404,0.990596,0.000000
1708598455525610548,0.000000,0.015576,0.984424,0.000000
1708598455625712231,0.000000,0.006289,0.993711,0.000000
1708598455725814821,0.000000,0.003145,0.996855,0.000000
1708598455825918651,0.000000,0.006270,0.993730,0.000000
1708598455926027770,0.000000,0.000000,1.000000,0.000000
1708598456026121003,0.000000,0.009346,0.990654,0.000000
1708598456126226096,0.000000,0.003135,0.996865,0.000000
1708598456226322907,0.000000,0.000000,1.000000,0.000000
1708598456326424464,0.000000,0.000000,1.000000,0.000000
1708598456426521072,0.000000,0.000000,1.000000,0.000000
1708598456526612618,0.000000,0.000000,1.000000,0.000000
1708598456626704871,0.000000,0.000000,1.000000,0.000000
1708598456726799381,0.000000,0.000000,1.000000,0.000000
1708598456826889979,0.000000,0.000000,1.000000,0.000000
1708598456926986690,0.000000,0.000000,1.000000,0.000000
1708598457027079398,0.000000,0.000000,1.000000,0.000000
1708598457127174102,0.000000,0.000000,1.000000,0.000000
1708598457227265310,0.000000,0.000000,1.000000,0.000000
1708598457327363449,0.000000,0.000000,1.000000,0.000000
1708598457427455104,0.000000,0.000000,1.000000,0.000000
1708598457527545796,0.000000,0.000000,1.000000,0.000000
1708598457627639533,0.000000,0.000000,1.000000,0.000000
1708598457727732430,0.000000,0.000000,1.000000,0.000000
1708598457827822669,0.000000,0.000000,1.000000,0.000000
1708598457927931373,0.000000,0.000000,1.000000,0.000000
1708598458028020700,0.000000,0.000000,1.000000,0.000000
1708598458128114268,0.000000,0.000000,1.000000,0.000000
1708598458228205569,0.000000,0.000000,1.000000,0.000000
1708598458328297241,0.000000,0.000000,1.000000,0.000000
1708598458428389370,0.000000,0.000000,1.000000,0.000000
1708598458528480544,0.000000,0.000000,1.000000,0.000000
1708598458628569759,0.000000,0.000000,1.000000,0.000000
1708598458728661089,0.000000,0.000000,1.000000,0.000000
1708598458828751463,0.000000,0.000000,1.000000,0.000000
1708598458928844740,0.000000,0.000000,1.000000,0.000000
1708598459028936975,0.000000,0.000000,1.000000,0.000000
1708598459129032634,0.000000,0.000000,1.000000,0.000000
1708598459229129545,0.000000,0.000000,1.000000,0.000000
1708598459329230475,0.000000,0.000000,1.000000,0.000000
1708598459429338789,0.000000,0.000000,1.000000,0.000000
1708598459529427784,0.000000,0.000000,1.000000,0.000000
1708598459629519485,0.000000,0.000000,1.000000,0.000000
1708598459729613516,0.000000,0.000000,1.000000,0.000000
1708598459829706915,0.000000,0.000000,1.000000,0.000000
1708598459929803158,0.000000,0.000000,1.000000,0.000000
1708598460029896122,0.000000,0.000000,1.000000,0.000000
1708598460129990006,0.000000,0.000000,1.000000,0.000000
1708598460230084006,0.000000,0.000000,1.000000,0.000000
1708598460330173726,0.000000,0.000000,1.000000,0.000000
1708598460430268286,0.000000,0.000000,1.000000,0.000000
1708598460530360668,0.000000,0.000000,1.000000,0.000000
1708598460630451558,0.000000,0.000000,1.000000,0.000000
1708598460730545148,0.000000,0.000000,1.000000,0.000000
1708598460830643844,0.000000,0.000000,1.000000,0.000000
1708598460930739881,0.000000,0.000000,1.000000,0.000000
1708598461030834498,0.000000,0.000000,1.000000,0.000000
1708598461130925958,0.000000,0.000000,1.000000,0.000000
1708598461231019690,0.000000,0.000000,1.000000,0.000000
1708598461331110841,0.000000,0.000000,1.000000,0.000000
1708598461431203398,0.000000,0.000000,1.000000,0.000000
1708598461531297444,0.000000,0.000000,1.000000,0.000000
1708598461631393200,0.000000,0.000000,1.000000,0.000000
1708598461731490264,0.000000,0.000000,1.000000,0.000000
1708598461831583005,0.000000,0.000000,1.000000,0.000000
1708598461931678256,0.000000,0.000000,1.000000,0.000000
1708598462031777838,0.003125,0.000000,0.996875,0.000000
1708598462131873663,0.000000,0.000000,1.000000,0.000000
1708598462231974171,0.000000,0.000000,1.000000,0.000000
1708598462332065725,0.000000,0.003125,0.996875,0.000000
1708598462432159680,0.000000,0.000000,1.000000,0.000000
1708598462532251840,0.000000,0.000000,1.000000,0.000000
1708598462632347978,0.003125,0.000000,0.996875,0.000000
1708598462732440219,0.000000,0.000000,1.000000,0.000000
1708598462832532350,0.000000,0.000000,1.000000,0.000000
1708598462932639397,0.000000,0.000000,1.000000,0.000000
1708598463032740442,0.000000,0.000000,1.000000,0.000000
1708598463132830720,0.000000,0.000000,1.000000,0.000000
1708598463232924546,0.000000,0.000000,1.000000,0.000000
1708598463333021470,0.000000,0.000000,1.000000,0.000000
1708598463433123917,0.000000,0.000000,1.000000,0.000000
1708598463533221425,0.000000,0.000000,1.000000,0.000000
1708598463633317718,0.000000,0.000000,1.000000,0.006309
1708598463733414140,0.000000,0.000000,1.000000,0.029032
1708598463833506302,0.000000,0.003226,0.996774,0.032258
1708598463933612552,0.128931,0.044025,0.827044,0.012579
1708598464033746124,0.394737,0.085526,0.519737,0.013158
1708598464133869419,0.099315,0.075342,0.825342,0.023973
1708598464234004503,0.085809,0.089109,0.825083,0.000000
1708598464334171079,0.077966,0.074576,0.847458,0.000000
1708598464434295668,0.080268,0.083612,0.836120,0.000000
1708598464534466515,0.068027,0.064626,0.867347,0.000000
1708598464634597674,0.061433,0.071672,0.866894,0.000000
1708598464734764281,0.318182,0.259740,0.422078,0.000000
1708598464834963673,0.611285,0.363636,0.025078,0.000000
1708598464935150848,0.668770,0.321767,0.009464,0.000000
1708598465035350530,0.800623,0.193146,0.006231,0.000000
1708598465143567319,0.808696,0.179710,0.011594,0.000000
1708598465241087011,0.880126,0.116719,0.003155,0.000000
1708598465344238227,0.956250,0.040625,0.003125,0.000000
1708598465450402185,0.910405,0.086705,0.002890,0.000000
1708598465549422837,0.908228,0.075949,0.015823,0.000000
1708598465649139984,0.696486,0.108626,0.194888,0.000000
1708598465749238123,0.076923,0.061538,0.861538,0.000000
1708598465849347527,0.000000,0.003135,0.996865,0.000000
1708598465949448057,0.003135,0.003135,0.993730,0.000000
1708598466049550722,0.000000,0.006250,0.993750,0.000000
1708598466149656254,0.000000,0.006270,0.993730,0.000000
1708598466249757839,0.000000,0.009404,0.990596,0.000000
1708598466349860224,0.000000,0.009375,0.990625,0.000000
1708598466449957138,0.000000,0.012500,0.987500,0.000000
1708598466550058126,0.000000,0.000000,1.000000,0.000000
1708598466650165788,0.000000,0.009375,0.990625,0.000000
1708598466750262429,0.000000,0.000000,1.000000,0.000000
1708598466850368046,0.000000,0.003135,0.996865,0.000000
1708598466950463593,0.000000,0.000000,1.000000,0.000000
1708598467050559376,0.000000,0.000000,1.000000,0.000000
1708598467150651287,0.000000,0.000000,1.000000,0.000000
1708598467250747729,0.000000,0.000000,1.000000,0.000000
1708598467350841942,0.000000,0.000000,1.000000,0.000000
1708598467450937013,0.000000,0.000000,1.000000,0.000000
1708598467551033306,0.000000,0.000000,1.000000,0.000000
1708598467651125338,0.000000,0.000000,1.000000,0.000000
1708598467751221504,0.000000,0.000000,1.000000,0.000000
1708598467851317329,0.000000,0.000000,1.000000,0.000000
1708598467951413165,0.000000,0.000000,1.000000,0.000000
1708598468051504624,0.000000,0.000000,1.000000,0.000000
1708598468151597054,0.000000,0.000000,1.000000,0.000000
1708598468251691274,0.000000,0.000000,1.000000,0.000000
1708598468351783968,0.000000,0.000000,1.000000,0.000000
1708598468451874936,0.000000,0.000000,1.000000,0.000000
1708598468551980047,0.000000,0.000000,1.000000,0.000000
1708598468652090239,0.000000,0.003125,0.996875,0.000000
1708598468752175552,0.000000,0.000000,1.000000,0.000000
1708598468852274374,0.000000,0.000000,1.000000,0.000000
1708598468952369881,0.000000,0.000000,1.000000,0.000000
1708598469052461361,0.000000,0.000000,1.000000,0.000000
1708598469152554916,0.000000,0.000000,1.000000,0.000000
1708598469252649550,0.000000,0.000000,1.000000,0.000000
1708598469352743063,0.000000,0.000000,1.000000,0.000000
1708598469452836936,0.000000,0.000000,1.000000,0.000000
1708598469552933131,0.000000,0.000000,1.000000,0.000000
1708598469653027371,0.000000,0.000000,1.000000,0.000000
1708598469753120451,0.000000,0.000000,1.000000,0.000000
1708598469853214881,0.000000,0.000000,1.000000,0.000000
1708598469953310378,0.000000,0.000000,1.000000,0.000000
1708598470053405823,0.000000,0.000000,1.000000,0.000000
1708598470153499798,0.000000,0.000000,1.000000,0.000000
1708598470253593346,0.000000,0.000000,1.000000,0.000000
1708598470353690131,0.000000,0.000000,1.000000,0.000000
1708598470453783591,0.000000,0.000000,1.000000,0.000000
1708598470553877246,0.000000,0.000000,1.000000,0.000000
1708598470653970722,0.000000,0.000000,1.000000,0.000000
1708598470754066593,0.000000,0.000000,1.000000,0.000000
1708598470854163753,0.000000,0.000000,1.000000,0.000000
1708598470954262683,0.000000,0.003125,0.996875,0.000000
1708598471054356370,0.000000,0.000000,1.000000,0.000000
1708598471154452088,0.000000,0.000000,1.000000,0.000000
1708598471254548833,0.000000,0.000000,1.000000,0.000000
1708598471354644579,0.000000,0.000000,1.000000,0.000000
1708598471454740946,0.000000,0.000000,1.000000,0.000000
1708598471554835094,0.000000,0.000000,1.000000,0.000000
1708598471654930876,0.000000,0.000000,1.000000,0.000000
1708598471755025891,0.000000,0.000000,1.000000,0.000000
1708598471855120932,0.000000,0.000000,1.000000,0.000000
1708598471955219990,0.000000,0.000000,1.000000,0.000000
1708598472055312565,0.000000,0.000000,1.000000,0.000000
1708598472155405938,0.000000,0.000000,1.000000,0.000000
1708598472255499144,0.000000,0.000000,1.000000,0.000000
1708598472355598835,0.000000,0.000000,1.000000,0.000000
1708598472455694579,0.000000,0.000000,1.000000,0.000000
1708598472555787828,0.000000,0.000000,1.000000,0.000000
1708598472655881102,0.000000,0.000000,1.000000,0.000000
1708598472755977505,0.000000,0.000000,1.000000,0.000000
1708598472856097856,0.000000,0.000000,1.000000,0.000000
1708598472956183508,0.000000,0.000000,1.000000,0.000000
1708598473056271938,0.000000,0.000000,1.000000,0.000000
1708598473156364909,0.000000,0.000000,1.000000,0.000000
1708598473256456826,0.000000,0.000000,1.000000,0.000000
1708598473356545590,0.000000,0.000000,1.000000,0.000000
1708598473456642578,0.000000,0.000000,1.000000,0.000000
1708598473556734855,0.000000,0.000000,1.000000,0.000000
1708598473656830455,0.000000,0.000000,1.000000,0.000000
1708598473756922413,0.000000,0.000000,1.000000,0.000000
1708598473857021967,0.000000,0.000000,1.000000,0.000000
1708598473957117029,0.000000,0.000000,1.000000,0.000000
1708598474057211789,0.000000,0.000000,1.000000,0.000000
1708598474157306056,0.000000,0.000000,1.000000,0.000000
1708598474257404319,0.000000,0.000000,1.000000,0.000000
1708598474357499150,0.000000,0.000000,1.000000,0.000000
1708598474457592163,0.000000,0.000000,1.000000,0.000000
1708598474557690813,0.000000,0.000000,1.000000,0.000000
1708598474657784892,0.000000,0.000000,1.000000,0.000000
1708598474757880182,0.000000,0.000000,1.000000,0.000000
1708598474857976899,0.000000,0.000000,1.000000,0.000000
1708598474958075062,0.000000,0.000000,1.000000,0.000000
1708598475058171358,0.000000,0.000000,1.000000,0.000000
1708598475158264619,0.000000,0.000000,1.000000,0.000000
1708598475258358143,0.000000,0.000000,1.000000,0.000000
1708598475358454110,0.000000,0.000000,1.000000,0.000000
1708598475458547056,0.000000,0.000000,1.000000,0.000000
1708598475558641452,0.000000,0.000000,1.000000,0.000000
1708598475658737261,0.000000,0.000000,1.000000,0.000000
1708598475758833459,0.000000,0.000000,1.000000,0.000000
1708598475858937080,0.094340,0.034591,0.871069,0.000000
1708598475959074980,0.391026,0.083333,0.525641,0.000000
1708598476059228059,0.067568,0.087838,0.844595,0.000000
1708598476159358397,0.062069,0.079310,0.858621,0.000000
1708598476259507546,0.080268,0.086957,0.832776,0.000000
1708598476359618383,0.072917,0.065972,0.861111,0.000000
1708598476459752050,0.054054,0.097973,0.847973,0.000000
1708598476559880983,0.076923,0.076923,0.846154,0.000000
1708598476660011102,0.282132,0.228840,0.489028,0.000000
1708598476760216092,0.595611,0.376176,0.028213,0.000000
1708598476860376213,0.670846,0.322884,0.006270,0.000000
1708598476960570901,0.723270,0.261006,0.015723,0.000000
1708598477060792346,0.881250,0.112500,0.006250,0.000000
1708598477169997858,0.867470,0.129518,0.003012,0.000000
1708598477267197350,0.956250,0.043750,0.000000,0.000000
1708598477367403030,0.937304,0.059561,0.003135,0.000000
1708598477467545394,0.921875,0.071875,0.006250,0.000000
1708598477567701868,0.522255,0.148368,0.329377,0.000000
1708598477667799347,0.231250,0.075000,0.693750,0.000000
1708598477767939635,0.042945,0.012270,0.944785,0.000000
1708598477868050300,0.000000,0.006270,0.993730,0.000000
1708598477968159514,0.000000,0.000000,1.000000,0.000000
1708598478068282376,0.000000,0.006270,0.993730,0.000000
1708598478168401298,0.000000,0.009375,0.990625,0.000000
1708598478268513448,0.000000,0.012461,0.987539,0.000000
1708598478368633932,0.000000,0.006270,0.993730,0.000000
1708598478468747622,0.000000,0.003145,0.996855,0.000000
1708598478568865258,0.000000,0.000000,1.000000,0.000000
1708598478668981559,0.000000,0.006250,0.993750,0.000000
1708598478769098175,0.000000,0.003135,0.996865,0.000000
1708598478869212029,0.000000,0.000000,1.000000,0.000000
1708598478969306555,0.000000,0.003135,0.996865,0.000000
1708598479069424058,0.000000,0.000000,1.000000,0.000000
1708598479169541224,0.003125,0.000000,0.996875,0.000000
1708598479269631358,0.000000,0.003125,0.996875,0.000000
1708598479369725957,0.000000,0.000000,1.000000,0.000000
1708598479469826867,0.000000,0.000000,1.000000,0.000000
1708598479569927946,0.000000,0.000000,1.000000,0.000000
1708598479670033815,0.000000,0.000000,1.000000,0.000000
1708598479770143856,0.000000,0.000000,1.000000,0.000000
1708598479870254735,0.000000,0.000000,1.000000,0.000000
1708598479970345367,0.000000,0.000000,1.000000,0.000000
1708598480070444701,0.000000,0.000000,1.000000,0.000000
1708598480170553713,0.000000,0.000000,1.000000,0.000000
1708598480270648528,0.000000,0.000000,1.000000,0.000000
1708598480370747090,0.000000,0.000000,1.000000,0.000000
1708598480470848712,0.000000,0.000000,1.000000,0.000000
1708598480570944363,0.000000,0.000000,1.000000,0.000000
1708598480671049641,0.000000,0.000000,1.000000,0.000000
1708598480771156544,0.000000,0.000000,1.000000,0.000000
1708598480871258119,0.000000,0.000000,1.000000,0.000000
1708598480971357942,0.000000,0.000000,1.000000,0.000000
1708598481071459427,0.000000,0.000000,1.000000,0.000000
1708598481171556116,0.000000,0.000000,1.000000,0.000000
1708598481271654135,0.000000,0.000000,1.000000,0.000000
1708598481371748610,0.000000,0.000000,1.000000,0.000000
1708598481471854495,0.000000,0.000000,1.000000,0.000000
1708598481571956467,0.000000,0.000000,1.000000,0.000000
1708598481672057727,0.000000,0.000000,1.000000,0.000000
1708598481772163994,0.000000,0.000000,1.000000,0.000000
1708598481872265895,0.000000,0.000000,1.000000,0.000000
1708598481972367060,0.000000,0.000000,1.000000,0.000000
1708598482072470023,0.000000,0.000000,1.000000,0.000000
1708598482172567649,0.000000,0.000000,1.000000,0.000000
1708598482272672895,0.000000,0.000000,1.000000,0.000000
1708598482372770156,0.000000,0.000000,1.000000,0.000000
1708598482472869511,0.000000,0.000000,1.000000,0.000000
1708598482572969974,0.000000,0.000000,1.000000,0.000000
1708598482673069840,0.000000,0.000000,1.000000,0.000000
1708598482773177767,0.000000,0.000000,1.000000,0.000000
1708598482873272636,0.000000,0.000000,1.000000,0.000000
1708598482973370814,0.000000,0.000000,1.000000,0.000000
1708598483073468190,0.000000,0.000000,1.000000,0.000000
1708598483173564405,0.000000,0.000000,1.000000,0.000000
1708598483273667119,0.261006,0.066038,0.672956,0.000000
1708598483373811133,0.213793,0.082759,0.703448,0.000000
1708598483473939800,0.098039,0.084967,0.816993,0.000000
1708598483574065357,0.083333,0.090000,0.826667,0.000000
1708598483674203623,0.094463,0.094463,0.811075,0.000000
1708598483774325680,0.080537,0.083893,0.835570,0.000000
1708598483874473578,0.089404,0.086093,0.824503,0.000000
1708598483974609080,0.098639,0.112245,0.789116,0.000000
1708598484074761082,0.514196,0.309148,0.176656,0.000000
1708598484174982529,0.621875,0.356250,0.021875,0.000000
1708598484275178279,0.675079,0.315457,0.009464,0.000000
1708598484375365005,0.824451,0.169279,0.006270,0.000000
1708598484475561416,0.868339,0.128527,0.003135,0.000000
1708598484575754557,0.952978,0.047022,0.000000,0.000000
1708598484682156411,0.895652,0.098551,0.005797,0.000000
1708598484780218369,0.900000,0.090625,0.009375,0.000000
1708598484880424203,0.857143,0.108696,0.034161,0.000000
1708598484980532246,0.292537,0.095522,0.611940,0.000000
1708598485080657821,0.012579,0.018868,0.968553,0.000000
1708598485180776425,0.000000,0.000000,1.000000,0.000000
1708598485280906916,0.037267,0.015528,0.947205,0.000000
1708598485381028490,0.396166,0.089457,0.514377,0.000000
1708598485481146908,0.070175,0.087719,0.842105,0.000000
1708598485581282880,0.087542,0.094276,0.818182,0.000000
1708598485681438714,0.083333,0.072917,0.843750,0.000000
1708598485781590179,0.089109,0.105611,0.805281,0.000000
1708598485881761424,0.084459,0.091216,0.824324,0.000000
1708598485981967093,0.071895,0.104575,0.823529,0.000000
1708598486082115412,0.189542,0.133987,0.676471,0.000000
1708598486182282290,0.563694,0.366242,0.070064,0.000000
1708598486282486933,0.642405,0.341772,0.015823,0.000000
1708598486390826274,0.718841,0.272464,0.008696,0.000000
1708598486488290323,0.837500,0.156250,0.006250,0.000000
1708598486588451645,0.864353,0.132492,0.003155,0.000000
1708598486688630233,0.906250,0.087500,0.006250,0.000000
1708598486788801148,0.937107,0.056604,0.006289,0.000000
1708598486897135670,0.916168,0.071856,0.011976,0.000000
1708598486995912546,0.856250,0.109375,0.034375,0.000000
1708598487095627625,0.190476,0.130159,0.679365,0.000000
1708598487195716597,0.003135,0.012539,0.984326,0.000000
1708598487295828116,0.000000,0.006270,0.993730,0.000000
1708598487395937735,0.000000,0.006270,0.993730,0.000000
1708598487496040636,0.000000,0.003135,0.996865,0.000000
1708598487596137007,0.000000,0.009375,0.990625,0.000000
1708598487696243242,0.000000,0.003135,0.996865,0.000000
1708598487796339557,0.000000,0.000000,1.000000,0.000000
1708598487896441096,0.000000,0.006250,0.993750,0.000000
1708598487996534282,0.000000,0.000000,1.000000,0.000000
1708598488096627261,0.000000,0.000000,1.000000,0.000000
1708598488196725739,0.000000,0.000000,1.000000,0.000000
1708598488296819048,0.000000,0.000000,1.000000,0.000000
1708598488396912966,0.000000,0.003125,0.996875,0.000000
1708598488496998567,0.000000,0.000000,1.000000,0.000000
1708598488597090782,0.000000,0.000000,1.000000,0.000000
1708598488697184112,0.000000,0.000000,1.000000,0.000000
1708598488797275028,0.000000,0.000000,1.000000,0.000000
1708598488897368401,0.000000,0.000000,1.000000,0.000000
1708598488997456849,0.000000,0.000000,1.000000,0.000000
1708598489097558552,0.000000,0.000000,1.000000,0.000000
1708598489197655412,0.000000,0.000000,1.000000,0.000000
1708598489297740996,0.000000,0.000000,1.000000,0.000000
1708598489397830798,0.000000,0.000000,1.000000,0.000000
1708598489497919380,0.000000,0.000000,1.000000,0.000000
1708598489598010458,0.000000,0.000000,1.000000,0.000000
1708598489698102842,0.000000,0.000000,1.000000,0.000000
1708598489798190144,0.000000,0.000000,1.000000,0.000000
1708598489898277839,0.000000,0.000000,1.000000,0.000000
1708598489998365794,0.000000,0.000000,1.000000,0.000000
1708598490098456798,0.003125,0.000000,0.996875,0.000000
1708598490198558205,0.000000,0.000000,1.000000,0.000000
1708598490298649465,0.000000,0.000000,1.000000,0.000000
1708598490398738591,0.000000,0.000000,1.000000,0.000000
1708598490498830345,0.000000,0.000000,1.000000,0.000000
1708598490598923783,0.000000,0.000000,1.000000,0.000000
1708598490699017960,0.000000,0.000000,1.000000,0.000000
1708598490799109351,0.000000,0.000000,1.000000,0.000000
1708598490899200042,0.000000,0.000000,1.000000,0.000000
1708598490999288709,0.000000,0.000000,1.000000,0.000000
1708598491099377205,0.000000,0.000000,1.000000,0.000000
1708598491199467315,0.000000,0.000000,1.000000,0.000000
1708598491299562024,0.000000,0.000000,1.000000,0.000000
1708598491399652634,0.000000,0.000000,1.000000,0.000000
1708598491499741995,0.000000,0.000000,1.000000,0.000000
1708598491599838662,0.003135,0.000000,0.996865,0.000000
1708598491699926054,0.000000,0.000000,1.000000,0.000000
1708598491800021371,0.000000,0.000000,1.000000,0.000000
1708598491900111652,0.000000,0.000000,1.000000,0.000000
1708598492000202779,0.000000,0.000000,1.000000,0.000000
1708598492100292559,0.000000,0.000000,1.000000,0.000000
1708598492200384069,0.000000,0.000000,1.000000,0.000000
1708598492300482191,0.000000,0.000000,1.000000,0.000000
1708598492400582676,0.088608,0.037975,0.873418,0.000000
1708598492500712766,0.356209,0.075163,0.568627,0.000000
1708598492600875413,0.093645,0.070234,0.836120,0.000000
1708598492701014455,0.083045,0.062284,0.854671,0.000000
1708598492801151494,0.071186,0.081356,0.847458,0.000000
1708598492901345087,0.069204,0.076125,0.854671,0.000000
1708598493001487500,0.071186,0.084746,0.844068,0.000000
1708598493101582510,0.091803,0.078689,0.829508,0.000000
1708598493201724043,0.111111,0.131313,0.757576,0.000000
1708598493301883461,0.518868,0.411950,0.069182,0.000000
1708598493402072799,0.670886,0.319620,0.009494,0.000000
1708598493502260294,0.686520,0.300940,0.012539,0.000000
1708598493610977346,0.826087,0.168116,0.005797,0.000000
1708598493719962995,0.910405,0.086705,0.002890,0.000000
1708598493833992241,0.921788,0.075419,0.002793,0.000000
1708598493928254509,0.934783,0.059006,0.006211,0.000000
1708598494028425795,0.924528,0.062893,0.012579,0.000000
1708598494128614872,0.825949,0.123418,0.050633,0.000000
1708598494228729621,0.134375,0.078125,0.787500,0.000000
1708598494328832093,0.006329,0.009494,0.984177,0.000000
1708598494428924676,0.100313,0.040752,0.858934,0.000000
1708598494529046673,0.379538,0.075908,0.544554,0.000000
1708598494629175313,0.091525,0.081356,0.827119,0.000000
1708598494729339157,0.075342,0.085616,0.839041,0.000000
1708598494829470064,0.077966,0.094915,0.827119,0.000000
1708598494929613039,0.072165,0.089347,0.838488,0.000000
1708598495029749500,0.077966,0.081356,0.840678,0.000000
1708598495129868933,0.075342,0.089041,0.835616,0.000000
1708598495230047289,0.298701,0.217532,0.483766,0.000000
1708598495330228784,0.608150,0.366771,0.025078,0.000000
1708598495430413062,0.655172,0.332288,0.012539,0.000000
1708598495530626058,0.779180,0.205047,0.015773,0.000000
1708598495630818402,0.798742,0.191824,0.009434,0.000000
1708598495731028960,0.861635,0.132075,0.006289,0.000000
1708598495831173770,0.946541,0.050314,0.003145,0.000000
1708598495942837692,0.899135,0.092219,0.008646,0.000000
1708598496049198233,0.854651,0.125000,0.020349,0.000000
1708598496146016887,0.496815,0.136943,0.366242,0.000000
1708598496246190001,0.137380,0.054313,0.808307,0.000000
1708598496346465496,0.157100,0.024169,0.818731,0.000000
1708598496446505411,0.006270,0.009404,0.984326,0.000000
1708598496546608288,0.414013,0.082803,0.503185,0.000000
1708598496646749611,0.119205,0.079470,0.801325,0.000000
1708598496746905544,0.087248,0.087248,0.825503,0.000000
1708598496847028566,0.082474,0.075601,0.841924,0.000000
1708598496947171798,0.051903,0.096886,0.851211,0.000000
1708598497047301632,0.089701,0.079734,0.830565,0.000000
1708598497147435815,0.070707,0.097643,0.831650,0.000000
1708598497247611223,0.129252,0.108844,0.761905,0.000000
1708598497347785982,0.498423,0.365931,0.135647,0.000000
1708598497448019565,0.621212,0.351515,0.027273,0.000000
1708598497548217408,0.699060,0.288401,0.012539,0.000000
1708598497648391236,0.861635,0.132075,0.006289,0.000000
1708598497748602134,0.862500,0.134375,0.003125,0.000000
1708598497848815928,0.903125,0.090625,0.006250,0.000000
1708598497949010877,0.890625,0.103125,0.006250,0.000000
1708598498052910859,0.924765,0.068966,0.006270,0.000000
1708598498151838910,0.808050,0.126935,0.065015,0.000000
1708598498251974562,0.196825,0.142857,0.660317,0.000000
1708598498352024331,0.170968,0.029032,0.800000,0.000000
1708598498452182690,0.003135,0.012539,0.984326,0.000000
1708598498552284618,0.000000,0.006270,0.993730,0.000000
1708598498652386341,0.000000,0.006270,0.993730,0.000000
