Time,User,Kernel,Idle,IoWait
1708693814715648847,0.050000,0.100000,0.850000,0.000000
1708693814815672136,0.111111,0.055556,0.833333,0.000000
1708693814915772172,0.111111,0.000000,0.888889,0.000000
1708693815015837001,0.062500,0.312500,0.625000,0.000000
1708693815115981744,0.187500,0.312500,0.500000,0.000000
1708693815216063068,0.055556,0.055556,0.888889,0.000000
1708693815316159275,0.000000,0.000000,1.000000,0.000000
1708693815416240824,0.105263,0.052632,0.842105,0.000000
1708693815516322993,0.555556,0.277778,0.166667,0.000000
1708693815616415522,0.714286,0.238095,0.047619,0.000000
1708693815722840893,0.523810,0.476190,0.000000,0.000000
1708693815820831788,0.761905,0.238095,0.000000,0.000000
1708693815920936678,0.894737,0.105263,0.000000,0.000000
1708693816021035033,0.850000,0.150000,0.000000,0.000000
1708693816121121702,0.750000,0.250000,0.000000,0.000000
1708693816221177641,0.900000,0.100000,0.000000,0.000000
1708693816321244560,0.900000,0.100000,0.000000,0.000000
1708693816421305732,0.850000,0.150000,0.000000,0.000000
1708693816521388920,0.842105,0.105263,0.052632,0.000000
1708693816621445737,0.238095,0.142857,0.619048,0.000000
1708693816721505063,0.000000,0.000000,1.000000,0.000000
1708693816821585731,0.000000,0.000000,1.000000,0.000000
1708693816921657194,0.000000,0.000000,1.000000,0.000000
1708693817021717211,0.000000,0.000000,1.000000,0.000000
1708693817121796560,0.000000,0.000000,1.000000,0.000000
1708693817221844244,0.210526,0.052632,0.736842,0.000000
1708693817321932419,0.300000,0.150000,0.550000,0.000000
1708693817422022286,0.250000,0.437500,0.312500,0.000000
1708693817522122931,0.550000,0.300000,0.150000,0.000000
1708693817622226066,0.473684,0.421053,0.105263,0.000000
1708693817722327593,0.800000,0.200000,0.000000,0.000000
1708693817822434295,0.700000,0.300000,0.000000,0.000000
1708693817925823449,0.809524,0.095238,0.095238,0.000000
1708693818024834094,0.555556,0.222222,0.222222,0.000000
1708693818124920317,0.700000,0.100000,0.200000,0.000000
1708693818224974316,0.842105,0.157895,0.000000,0.000000
1708693818325084174,0.761905,0.142857,0.095238,0.000000
1708693818425190959,0.105263,0.052632,0.842105,0.000000
1708693818525242672,0.000000,0.000000,1.000000,0.000000
1708693818625325053,0.000000,0.000000,1.000000,0.000000
1708693818725383848,0.000000,0.000000,1.000000,0.000000
1708693818825435244,0.000000,0.000000,1.000000,0.000000
1708693818925514750,0.000000,0.050000,0.950000,0.000000
1708693819026534277,0.000000,0.000000,1.000000,0.000000
1708693819135955598,0.285714,0.047619,0.666667,0.000000
1708693819232869290,0.562500,0.250000,0.187500,0.000000
1708693819332913656,0.473684,0.473684,0.052632,0.000000
1708693819438565065,0.550000,0.400000,0.050000,0.000000
1708693819536832742,0.700000,0.250000,0.050000,0.000000
1708693819636936828,0.650000,0.350000,0.000000,0.000000
1708693819737039483,0.631579,0.368421,0.000000,0.000000
1708693819837148908,0.666667,0.333333,0.000000,0.000000
1708693819937249738,0.900000,0.100000,0.000000,0.000000
1708693820037351841,0.800000,0.200000,0.000000,0.000000
1708693820137456026,0.850000,0.150000,0.000000,0.000000
1708693820237559653,0.850000,0.150000,0.000000,0.000000
1708693820337668870,0.850000,0.150000,0.000000,0.000000
1708693820437785677,0.684211,0.210526,0.105263,0.000000
1708693820537855918,0.105263,0.105263,0.789474,0.000000
1708693820637908488,0.000000,0.000000,1.000000,0.000000
1708693820737998245,0.000000,0.000000,1.000000,0.000000
1708693820838055072,0.000000,0.000000,1.000000,0.000000
1708693820938108319,0.000000,0.000000,1.000000,0.000000
1708693821038189356,0.000000,0.000000,1.000000,0.000000
1708693821138242557,0.000000,0.000000,1.000000,0.000000
1708693821238326262,0.000000,0.000000,1.000000,0.000000
1708693821338396360,0.000000,0.000000,1.000000,0.000000
1708693821438461930,0.000000,0.000000,1.000000,0.000000
1708693821538516458,0.000000,0.000000,1.000000,0.000000
1708693821638582138,0.000000,0.000000,1.000000,0.000000
1708693821738657369,0.000000,0.000000,1.000000,0.000000
1708693821838727336,0.000000,0.000000,1.000000,0.000000
1708693821938794594,0.000000,0.000000,1.000000,0.000000
1708693822038864186,0.000000,0.000000,1.000000,0.000000
1708693822138930093,0.000000,0.000000,1.000000,0.000000
1708693822238971769,0.000000,0.000000,1.000000,0.000000
1708693822339058021,0.000000,0.000000,1.000000,0.000000
1708693822439127383,0.000000,0.000000,1.000000,0.000000
1708693822539195518,0.000000,0.000000,1.000000,0.000000
1708693822639265639,0.000000,0.000000,1.000000,0.000000
1708693822739309220,0.000000,0.000000,1.000000,0.000000
1708693822839392291,0.000000,0.000000,1.000000,0.000000
1708693822939467701,0.000000,0.000000,1.000000,0.000000
1708693823039537615,0.000000,0.000000,1.000000,0.000000
1708693823139605075,0.000000,0.000000,1.000000,0.000000
1708693823239673696,0.000000,0.000000,1.000000,0.000000
1708693823339742734,0.000000,0.000000,1.000000,0.000000
1708693823439777441,0.000000,0.000000,1.000000,0.000000
1708693823539863685,0.000000,0.000000,1.000000,0.000000
1708693823639932145,0.000000,0.000000,1.000000,0.000000
1708693823739986725,0.000000,0.000000,1.000000,0.000000
1708693823840065832,0.000000,0.000000,1.000000,0.000000
1708693823940120639,0.000000,0.000000,1.000000,0.000000
1708693824040198151,0.000000,0.000000,1.000000,0.000000
1708693824140260092,0.000000,0.000000,1.000000,0.000000
1708693824240334901,0.000000,0.000000,1.000000,0.000000
1708693824340395505,0.000000,0.000000,1.000000,0.000000
1708693824440468540,0.000000,0.000000,1.000000,0.000000
1708693824540527487,0.000000,0.000000,1.000000,0.000000
1708693824640607794,0.000000,0.000000,1.000000,0.000000
1708693824740672415,0.000000,0.000000,1.000000,0.000000
1708693824840764008,0.050000,0.000000,0.950000,0.000000
1708693824940821930,0.000000,0.000000,1.000000,0.000000
1708693825040891434,0.000000,0.000000,1.000000,0.000000
1708693825140965514,0.000000,0.000000,1.000000,0.000000
1708693825241041013,0.000000,0.000000,1.000000,0.000000
1708693825341112488,0.000000,0.000000,1.000000,0.000000
1708693825441181127,0.000000,0.000000,1.000000,0.000000
1708693825541191911,0.000000,0.000000,1.000000,0.000000
1708693825641281729,0.000000,0.000000,1.000000,0.000000
1708693825741349794,0.000000,0.000000,1.000000,0.000000
1708693825841420994,0.000000,0.000000,1.000000,0.000000
1708693825941488026,0.000000,0.000000,1.000000,0.000000
1708693826041561975,0.000000,0.000000,1.000000,0.000000
1708693826141637772,0.000000,0.000000,1.000000,0.000000
1708693826241710331,0.000000,0.000000,1.000000,0.000000
1708693826341780660,0.000000,0.000000,1.000000,0.000000
1708693826441852121,0.000000,0.000000,1.000000,0.000000
1708693826541912798,0.000000,0.000000,1.000000,0.000000
1708693826641987740,0.000000,0.000000,1.000000,0.000000
1708693826742044410,0.000000,0.000000,1.000000,0.000000
1708693826842122213,0.000000,0.000000,1.000000,0.000000
1708693826942191300,0.000000,0.000000,1.000000,0.000000
1708693827042257088,0.000000,0.000000,1.000000,0.000000
1708693827142326839,0.000000,0.000000,1.000000,0.000000
1708693827242395056,0.000000,0.000000,1.000000,0.000000
1708693827342464364,0.000000,0.000000,1.000000,0.000000
1708693827442533726,0.000000,0.000000,1.000000,0.000000
1708693827542568120,0.000000,0.000000,1.000000,0.000000
1708693827642657332,0.000000,0.000000,1.000000,0.000000
1708693827742715756,0.000000,0.000000,1.000000,0.000000
1708693827842790007,0.000000,0.000000,1.000000,0.000000
1708693827942860629,0.000000,0.000000,1.000000,0.000000
1708693828042916874,0.000000,0.000000,1.000000,0.000000
1708693828142990126,0.000000,0.000000,1.000000,0.000000
1708693828243051243,0.000000,0.000000,1.000000,0.000000
1708693828343122061,0.000000,0.000000,1.000000,0.000000
1708693828443180536,0.000000,0.000000,1.000000,0.000000
1708693828543255561,0.000000,0.000000,1.000000,0.000000
1708693828643320736,0.000000,0.000000,1.000000,0.000000
1708693828743393457,0.000000,0.000000,1.000000,0.000000
1708693828843465971,0.000000,0.000000,1.000000,0.000000
1708693828943537435,0.000000,0.000000,1.000000,0.000000
1708693829043605841,0.000000,0.000000,1.000000,0.000000
1708693829143641785,0.000000,0.000000,1.000000,0.000000
1708693829243728276,0.000000,0.050000,0.950000,0.000000
1708693829343800069,0.000000,0.000000,1.000000,0.000000
1708693829443871365,0.000000,0.000000,1.000000,0.000000
1708693829543939188,0.000000,0.000000,1.000000,0.000000
1708693829644008141,0.000000,0.000000,1.000000,0.000000
1708693829744058274,0.000000,0.000000,1.000000,0.000000
1708693829844127899,0.000000,0.000000,1.000000,0.000000
1708693829944205040,0.000000,0.000000,1.000000,0.000000
1708693830044258978,0.000000,0.000000,1.000000,0.000000
1708693830144340999,0.222222,0.055556,0.722222,0.000000
1708693830244437822,0.533333,0.333333,0.133333,0.000000
1708693830344586138,0.529412,0.470588,0.000000,0.117647
1708693830448520186,0.526316,0.473684,0.000000,0.052632
1708693830547357729,0.666667,0.333333,0.000000,0.055556
1708693830647438289,0.700000,0.300000,0.000000,0.000000
1708693830747543560,0.600000,0.350000,0.050000,0.000000
1708693830847657965,0.714286,0.285714,0.000000,0.000000
1708693830947762113,0.842105,0.157895,0.000000,0.000000
1708693831047858633,0.857143,0.142857,0.000000,0.000000
1708693831147959561,0.894737,0.105263,0.000000,0.000000
1708693831248064202,0.809524,0.190476,0.000000,0.000000
1708693831348170091,0.900000,0.100000,0.000000,0.000000
1708693831449547259,0.722222,0.166667,0.111111,0.000000
1708693831549220792,0.052632,0.105263,0.842105,0.000000
1708693831649239538,0.000000,0.000000,1.000000,0.000000
1708693831749310511,0.047619,0.047619,0.904762,0.000000
1708693831849371288,0.000000,0.000000,1.000000,0.000000
1708693831949444607,0.058824,0.000000,0.941176,0.000000
1708693832049483795,0.315789,0.157895,0.526316,0.000000
1708693832149596138,0.437500,0.500000,0.062500,0.000000
1708693832249653507,0.550000,0.300000,0.150000,0.000000
1708693832349719834,0.650000,0.350000,0.000000,0.000000
1708693832449815504,0.700000,0.300000,0.000000,0.000000
1708693832549890065,0.650000,0.350000,0.000000,0.000000
1708693832650007078,0.800000,0.200000,0.000000,0.000000
1708693832750069016,0.800000,0.200000,0.000000,0.000000
1708693832850123185,0.900000,0.100000,0.000000,0.000000
1708693832950185234,0.800000,0.200000,0.000000,0.000000
1708693833050266144,0.900000,0.100000,0.000000,0.000000
1708693833150343325,0.800000,0.200000,0.000000,0.000000
1708693833250453738,0.894737,0.105263,0.000000,0.000000
1708693833350552746,0.450000,0.100000,0.450000,0.000000
1708693833450625441,0.000000,0.055556,0.944444,0.000000
1708693833550705390,0.000000,0.000000,1.000000,0.000000
1708693833650782277,0.000000,0.000000,1.000000,0.000000
1708693833750859387,0.000000,0.050000,0.950000,0.000000
