Time,User,Kernel,Idle,IoWait
1708693814715237995,0.200000,0.250000,0.550000,0.000000
1708693814815343928,0.000000,0.000000,1.000000,0.000000
1708693814915342704,0.350000,0.100000,0.550000,0.000000
1708693815015426664,0.062500,0.125000,0.812500,0.000000
1708693815115496000,0.176471,0.176471,0.647059,0.000000
1708693815215595381,0.052632,0.315789,0.631579,0.000000
1708693815315641382,0.000000,0.105263,0.894737,0.000000
1708693815415741110,0.055556,0.000000,0.944444,0.000000
1708693815515842228,0.210526,0.052632,0.736842,0.000000
1708693815615971028,0.600000,0.350000,0.050000,0.000000
1708693815716098600,0.571429,0.380952,0.047619,0.000000
1708693815816210578,0.555556,0.388889,0.055556,0.000000
1708693815918633821,0.666667,0.333333,0.000000,0.000000
1708693816017956078,0.736842,0.263158,0.000000,0.000000
1708693816118074986,0.761905,0.238095,0.000000,0.000000
1708693816218216671,0.750000,0.250000,0.000000,0.000000
1708693816318346281,0.850000,0.150000,0.000000,0.000000
1708693816418419792,0.842105,0.157895,0.000000,0.000000
1708693816518508089,0.750000,0.250000,0.000000,0.000000
1708693816618577111,0.736842,0.210526,0.052632,0.000000
1708693816718713142,0.150000,0.100000,0.750000,0.000000
1708693816818797444,0.000000,0.000000,1.000000,0.000000
1708693816918870765,0.000000,0.000000,1.000000,0.000000
1708693817018938923,0.000000,0.000000,1.000000,0.000000
1708693817118969382,0.000000,0.000000,1.000000,0.000000
1708693817219034656,0.263158,0.052632,0.684211,0.000000
1708693817319169738,0.250000,0.250000,0.500000,0.000000
1708693817419245853,0.235294,0.470588,0.294118,0.000000
1708693817519399514,0.300000,0.150000,0.550000,0.000000
1708693817619512108,0.550000,0.350000,0.100000,0.000000
1708693817726136376,0.714286,0.285714,0.000000,0.000000
1708693817824025969,0.666667,0.285714,0.047619,0.000000
1708693817924150391,0.736842,0.263158,0.000000,0.000000
1708693818024286690,0.850000,0.150000,0.000000,0.000000
1708693818124402593,0.800000,0.200000,0.000000,0.000000
1708693818224477360,0.714286,0.285714,0.000000,0.000000
1708693818324630067,0.736842,0.263158,0.000000,0.000000
1708693818424745757,0.950000,0.050000,0.000000,0.000000
1708693818524859538,0.850000,0.150000,0.000000,0.000000
1708693818624981775,0.736842,0.210526,0.052632,0.000000
1708693818725031850,0.100000,0.100000,0.800000,0.000000
1708693818825081287,0.000000,0.000000,1.000000,0.000000
1708693818925151838,0.000000,0.000000,1.000000,0.000000
1708693819025259277,0.052632,0.000000,0.947368,0.000000
1708693819125365467,0.111111,0.055556,0.833333,0.000000
1708693819225451215,0.437500,0.312500,0.250000,0.000000
1708693819325573468,0.333333,0.444444,0.222222,0.000000
1708693819425688006,0.777778,0.166667,0.055556,0.000000
1708693819525783752,0.550000,0.300000,0.150000,0.000000
1708693819625856873,0.600000,0.350000,0.050000,0.000000
1708693819726000440,0.631579,0.315789,0.052632,0.000000
1708693819826115213,0.650000,0.300000,0.050000,0.000000
1708693819926182742,0.750000,0.250000,0.000000,0.000000
1708693820026325109,0.809524,0.190476,0.000000,0.000000
1708693820126425072,0.789474,0.210526,0.000000,0.000000
1708693820226547939,0.900000,0.100000,0.000000,0.000000
1708693820326603374,0.900000,0.100000,0.000000,0.000000
1708693820426736499,0.750000,0.200000,0.050000,0.000000
1708693820526844976,0.222222,0.111111,0.666667,0.000000
1708693820626937359,0.050000,0.050000,0.900000,0.000000
1708693820727055771,0.000000,0.052632,0.947368,0.000000
1708693820827150027,0.000000,0.000000,1.000000,0.000000
1708693820927255222,0.000000,0.095238,0.904762,0.000000
1708693821027371385,0.000000,0.000000,1.000000,0.000000
1708693821127451548,0.000000,0.000000,1.000000,0.000000
1708693821227577529,0.000000,0.000000,1.000000,0.000000
1708693821327652878,0.000000,0.000000,1.000000,0.000000
1708693821427762074,0.000000,0.000000,1.000000,0.000000
1708693821527844740,0.000000,0.000000,1.000000,0.000000
1708693821627962486,0.000000,0.000000,1.000000,0.000000
1708693821728041202,0.000000,0.000000,1.000000,0.000000
1708693821828130319,0.000000,0.000000,1.000000,0.000000
1708693821928198694,0.000000,0.000000,1.000000,0.000000
1708693822028205961,0.000000,0.000000,1.000000,0.000000
1708693822128311109,0.000000,0.000000,1.000000,0.000000
1708693822228383810,0.000000,0.000000,1.000000,0.000000
1708693822328456725,0.000000,0.000000,1.000000,0.000000
1708693822428533114,0.000000,0.000000,1.000000,0.000000
1708693822528540174,0.000000,0.000000,1.000000,0.000000
1708693822628610237,0.000000,0.000000,1.000000,0.000000
1708693822728694738,0.000000,0.000000,1.000000,0.000000
1708693822828744227,0.000000,0.000000,1.000000,0.000000
1708693822928851938,0.000000,0.000000,1.000000,0.000000
1708693823028869865,0.000000,0.000000,1.000000,0.000000
1708693823128971211,0.000000,0.000000,1.000000,0.000000
1708693823229046192,0.000000,0.000000,1.000000,0.000000
1708693823329119205,0.000000,0.000000,1.000000,0.000000
1708693823429199831,0.000000,0.000000,1.000000,0.000000
1708693823529291748,0.000000,0.000000,1.000000,0.000000
1708693823629429164,0.000000,0.000000,1.000000,0.000000
1708693823729410273,0.000000,0.000000,1.000000,0.000000
1708693823829526635,0.000000,0.000000,1.000000,0.000000
1708693823929542221,0.000000,0.000000,1.000000,0.000000
1708693824029667073,0.000000,0.000000,1.000000,0.000000
1708693824129676605,0.000000,0.000000,1.000000,0.000000
1708693824229776021,0.000000,0.000000,1.000000,0.000000
1708693824329852740,0.000000,0.000000,1.000000,0.000000
1708693824429894856,0.000000,0.000000,1.000000,0.000000
1708693824529986495,0.000000,0.000000,1.000000,0.000000
1708693824630029572,0.000000,0.000000,1.000000,0.000000
1708693824730087126,0.000000,0.000000,1.000000,0.000000
1708693824830172352,0.000000,0.000000,1.000000,0.000000
1708693824930222503,0.000000,0.000000,1.000000,0.000000
1708693825030305431,0.000000,0.000000,1.000000,0.000000
1708693825130383357,0.000000,0.000000,1.000000,0.000000
1708693825230461890,0.000000,0.000000,1.000000,0.000000
1708693825330474430,0.000000,0.000000,1.000000,0.000000
1708693825430577771,0.000000,0.000000,1.000000,0.000000
1708693825530654050,0.000000,0.000000,1.000000,0.000000
1708693825630698714,0.000000,0.000000,1.000000,0.000000
1708693825730795936,0.000000,0.000000,1.000000,0.000000
1708693825830818751,0.000000,0.000000,1.000000,0.000000
1708693825930936806,0.000000,0.000000,1.000000,0.000000
1708693826031029060,0.000000,0.000000,1.000000,0.000000
1708693826131125481,0.000000,0.000000,1.000000,0.000000
1708693826231230365,0.000000,0.000000,1.000000,0.000000
1708693826331319114,0.000000,0.000000,1.000000,0.000000
1708693826431411001,0.000000,0.000000,1.000000,0.000000
1708693826531516252,0.000000,0.000000,1.000000,0.000000
1708693826631574118,0.000000,0.000000,1.000000,0.000000
1708693826731615440,0.000000,0.000000,1.000000,0.000000
1708693826831747953,0.000000,0.000000,1.000000,0.000000
1708693826931862297,0.000000,0.000000,1.000000,0.000000
1708693827031958028,0.000000,0.050000,0.950000,0.000000
1708693827132029220,0.000000,0.000000,1.000000,0.000000
1708693827232113899,0.000000,0.000000,1.000000,0.000000
1708693827332184339,0.000000,0.000000,1.000000,0.000000
1708693827432258316,0.000000,0.000000,1.000000,0.000000
1708693827532265340,0.000000,0.000000,1.000000,0.000000
1708693827632411596,0.000000,0.000000,1.000000,0.000000
1708693827732394903,0.000000,0.000000,1.000000,0.000000
1708693827832532370,0.000000,0.000000,1.000000,0.000000
1708693827932571607,0.000000,0.000000,1.000000,0.000000
1708693828032614294,0.000000,0.000000,1.000000,0.000000
1708693828132706741,0.000000,0.000000,1.000000,0.000000
1708693828232751298,0.000000,0.000000,1.000000,0.000000
1708693828332809404,0.000000,0.000000,1.000000,0.000000
1708693828432903446,0.000000,0.000000,1.000000,0.000000
1708693828532975705,0.000000,0.000000,1.000000,0.000000
1708693828633048674,0.000000,0.000000,1.000000,0.000000
1708693828733081538,0.000000,0.000000,1.000000,0.000000
1708693828833145535,0.000000,0.000000,1.000000,0.000000
1708693828933235253,0.000000,0.000000,1.000000,0.000000
1708693829033279417,0.000000,0.000000,1.000000,0.000000
1708693829133348849,0.000000,0.000000,1.000000,0.000000
1708693829233441705,0.000000,0.000000,1.000000,0.000000
1708693829333477568,0.000000,0.000000,1.000000,0.000000
1708693829433552401,0.000000,0.000000,1.000000,0.000000
1708693829533637565,0.000000,0.000000,1.000000,0.000000
1708693829633711847,0.000000,0.000000,1.000000,0.000000
1708693829733782897,0.000000,0.000000,1.000000,0.000000
1708693829833807437,0.000000,0.000000,1.000000,0.000000
1708693829933918691,0.000000,0.000000,1.000000,0.000000
1708693830033984610,0.000000,0.050000,0.950000,0.000000
1708693830134060672,0.315789,0.105263,0.578947,0.000000
1708693830234138659,0.562500,0.250000,0.187500,0.000000
1708693830336849155,0.421053,0.315789,0.263158,0.000000
1708693830436075671,0.473684,0.421053,0.105263,0.000000
1708693830536180007,0.650000,0.350000,0.000000,0.000000
1708693830636279863,0.600000,0.400000,0.000000,0.000000
1708693830736383121,0.789474,0.210526,0.000000,0.000000
1708693830836485324,0.750000,0.250000,0.000000,0.000000
1708693830936588485,0.850000,0.150000,0.000000,0.000000
1708693831036695028,0.857143,0.142857,0.000000,0.000000
1708693831136790681,0.800000,0.200000,0.000000,0.000000
1708693831236890834,0.842105,0.157895,0.000000,0.000000
1708693831336935462,0.900000,0.100000,0.000000,0.000000
1708693831437053063,0.650000,0.250000,0.100000,0.000000
1708693831537146678,0.210526,0.105263,0.684211,0.000000
1708693831637230301,0.000000,0.000000,1.000000,0.000000
1708693831737287802,0.000000,0.000000,1.000000,0.000000
1708693831837360996,0.000000,0.050000,0.950000,0.000000
1708693831937430920,0.000000,0.000000,1.000000,0.000000
1708693832037569102,0.263158,0.105263,0.631579,0.000000
1708693832137677520,0.533333,0.266667,0.200000,0.000000
1708693832237777452,0.400000,0.450000,0.150000,0.000000
1708693832337877423,0.684211,0.263158,0.052632,0.000000
1708693832437976637,0.736842,0.263158,0.000000,0.000000
1708693832538069854,0.666667,0.333333,0.000000,0.000000
1708693832638161519,0.650000,0.350000,0.000000,0.000000
1708693832738256068,0.800000,0.200000,0.000000,0.000000
1708693832838347083,0.894737,0.105263,0.000000,0.000000
1708693832938436038,0.904762,0.095238,0.000000,0.000000
1708693833038528902,0.789474,0.210526,0.000000,0.000000
1708693833138619600,0.800000,0.200000,0.000000,0.000000
1708693833238718472,0.714286,0.285714,0.000000,0.000000
1708693833338793267,0.476190,0.190476,0.333333,0.000000
1708693833438868501,0.000000,0.100000,0.900000,0.000000
1708693833538944202,0.000000,0.000000,1.000000,0.000000
1708693833639012020,0.000000,0.000000,1.000000,0.000000
1708693833739083131,0.000000,0.000000,1.000000,0.000000
