Time,User,Kernel,Idle,IoWait
1708008649478849061,0.047619,0.000000,0.952381,0.000000
1708008649499035098,0.061538,0.015385,0.923077,0.000000
1708008649519250655,0.061538,0.000000,0.938462,0.000000
1708008649539475253,0.033333,0.000000,0.966667,0.000000
1708008649706335258,0.015924,0.031847,0.952229,0.000000
1708008649677769505,0.033333,0.016667,0.950000,0.000000
1708008649697759459,0.047619,0.063492,0.888889,0.000000
1708008649717878836,0.050847,0.000000,0.949153,0.000000
1708008649738006318,0.017544,0.000000,0.982456,0.000000
1708008649758130092,0.032787,0.016393,0.950820,0.000000
1708008649778275319,0.109375,0.031250,0.859375,0.000000
1708008649798427004,0.031250,0.000000,0.968750,0.000000
1708008649818588474,0.049180,0.016393,0.934426,0.000000
1708008649838807358,0.076923,0.061538,0.861538,0.000000
1708008649859010507,0.062500,0.062500,0.875000,0.000000
1708008649879244135,0.164179,0.044776,0.791045,0.000000
1708008649899492772,0.046154,0.030769,0.923077,0.000000
1708008649919732136,0.031250,0.031250,0.937500,0.000000
1708008649940019048,0.142857,0.063492,0.793651,0.000000
1708008649960355729,0.125000,0.062500,0.812500,0.000000
1708008649980699837,0.079365,0.063492,0.857143,0.000000
1708008650001115229,0.076923,0.107692,0.815385,0.000000
1708008650021564213,0.131148,0.081967,0.786885,0.000000
1708008650041792217,0.171875,0.093750,0.734375,0.000000
1708008650061881273,0.126984,0.111111,0.761905,0.000000
1708008650082053809,0.140625,0.078125,0.781250,0.000000
1708008650102218349,0.171875,0.109375,0.718750,0.000000
1708008650122423863,0.285714,0.238095,0.476190,0.000000
1708008650142678959,0.500000,0.150000,0.350000,0.000000
1708008650162953158,0.571429,0.142857,0.285714,0.000000
1708008650183214330,0.206349,0.158730,0.634921,0.000000
1708008650203485059,0.428571,0.085714,0.485714,0.000000
1708008650223767877,0.225806,0.112903,0.661290,0.000000
1708008650244094366,0.203125,0.296875,0.500000,0.000000
1708008650264476050,0.490909,0.090909,0.418182,0.000000
1708008650284908562,0.526316,0.140351,0.333333,0.000000
1708008650305313097,0.369231,0.123077,0.507692,0.000000
1708008650325780545,0.373134,0.208955,0.417910,0.000000
1708008650345894159,0.455882,0.230392,0.313725,0.000000
1708008650431870034,0.627119,0.135593,0.237288,0.000000
1708008650430097310,0.523810,0.222222,0.253968,0.000000
1708008650450315701,0.610169,0.135593,0.254237,0.000000
1708008650470569501,0.413793,0.241379,0.344828,0.000000
1708008650490763325,0.426230,0.262295,0.311475,0.000000
1708008650511001815,0.446154,0.246154,0.307692,0.000000
1708008650531274604,0.366667,0.233333,0.400000,0.000000
1708008650551580304,0.483333,0.150000,0.366667,0.000000
1708008650572095078,0.466667,0.150000,0.383333,0.000000
1708008650597761522,0.563380,0.225352,0.211268,0.000000
1708008650616597981,0.451613,0.177419,0.370968,0.000000
1708008650636921144,0.581818,0.090909,0.327273,0.000000
1708008650657400278,0.268657,0.119403,0.611940,0.000000
1708008650677847708,0.343750,0.265625,0.390625,0.000000
1708008650697856882,0.548387,0.145161,0.306452,0.000000
1708008650718059444,0.548387,0.064516,0.387097,0.000000
1708008650738204745,0.258065,0.177419,0.564516,0.000000
1708008650760111735,0.375000,0.109375,0.515625,0.000000
1708008650779934333,0.583333,0.166667,0.250000,0.000000
1708008650800284262,0.307692,0.123077,0.569231,0.000000
1708008650820628210,0.253968,0.222222,0.523810,0.000000
1708008650841040235,0.555556,0.138889,0.305556,0.000000
1708008650861486821,0.420290,0.202899,0.376812,0.000000
1708008650881822764,0.294118,0.132353,0.573529,0.000000
1708008650901849609,0.134328,0.373134,0.492537,0.000000
1708008650922022716,0.218182,0.181818,0.600000,0.000000
1708008650942303412,0.736842,0.087719,0.175439,0.000000
1708008650962496297,0.307692,0.200000,0.492308,0.000000
1708008650982724683,0.704918,0.131148,0.163934,0.000000
1708008651003037314,0.323077,0.123077,0.553846,0.000000
1708008651023285170,0.257143,0.085714,0.657143,0.000000
1708008651043535838,0.093750,0.062500,0.843750,0.000000
1708008651063788236,0.107692,0.092308,0.800000,0.000000
1708008651084070695,0.145161,0.112903,0.741935,0.000000
1708008651104420211,0.306452,0.161290,0.532258,0.000000
1708008651124797735,0.680556,0.138889,0.180556,0.000000
1708008651145212141,0.171875,0.078125,0.750000,0.000000
1708008651165677562,0.122807,0.087719,0.789474,0.000000
1708008651185742367,0.114286,0.242857,0.642857,0.000000
1708008651205841774,0.441176,0.132353,0.426471,0.000000
1708008651226049501,0.596774,0.112903,0.290323,0.000000
1708008651246205405,0.281250,0.062500,0.656250,0.000000
1708008651266390100,0.134328,0.074627,0.791045,0.000000
1708008651286559799,0.125000,0.203125,0.671875,0.000000
1708008651306810003,0.537500,0.125000,0.337500,0.000000
1708008651327090299,0.576271,0.135593,0.288136,0.000000
1708008651347362488,0.152542,0.050847,0.796610,0.000000
1708008651367667169,0.078125,0.093750,0.828125,0.000000
1708008651387941351,0.111111,0.015873,0.873016,0.000000
1708008651408235851,0.095238,0.095238,0.809524,0.000000
1708008651428591448,0.126984,0.190476,0.682540,0.000000
1708008651449080557,0.492958,0.267606,0.239437,0.000000
1708008651469503036,0.508197,0.098361,0.393443,0.000000
1708008651489822653,0.584615,0.046154,0.369231,0.000000
1708008651509844280,0.158730,0.095238,0.746032,0.000000
1708008651529987772,0.100000,0.100000,0.800000,0.000000
1708008651550128630,0.048387,0.032258,0.919355,0.000000
1708008651570256010,0.092308,0.046154,0.861538,0.000000
1708008651590413036,0.153846,0.061538,0.784615,0.000000
1708008651610598011,0.158730,0.111111,0.730159,0.000000
1708008651630815675,0.156250,0.093750,0.750000,0.000000
1708008651651012323,0.129032,0.080645,0.790323,0.000000
1708008651671249623,0.193548,0.161290,0.645161,0.000000
1708008651691558719,0.129032,0.145161,0.725806,0.000000
1708008651711868427,0.238095,0.253968,0.507937,0.000000
1708008651732216770,0.596774,0.161290,0.241935,0.000000
1708008651752577215,0.393443,0.098361,0.508197,0.000000
1708008651772957912,0.152542,0.101695,0.745763,0.000000
1708008651793363617,0.147541,0.245902,0.606557,0.000000
1708008651813872274,0.621622,0.283784,0.094595,0.000000
1708008651833914525,0.606061,0.151515,0.242424,0.000000
1708008651854102456,0.546875,0.156250,0.296875,0.000000
1708008651874282233,0.328571,0.085714,0.585714,0.000000
1708008651894456662,0.212121,0.075758,0.712121,0.000000
1708008651914649988,0.125000,0.078125,0.796875,0.000000
1708008651934870844,0.125000,0.187500,0.687500,0.000000
1708008651955126752,0.380952,0.174603,0.444444,0.000000
1708008651975421609,0.609375,0.109375,0.281250,0.000000
1708008651995748617,0.188406,0.086957,0.724638,0.000000
1708008652016086268,0.164179,0.208955,0.626866,0.000000
1708008652036440168,0.254237,0.237288,0.508475,0.000000
1708008652056828197,0.465517,0.103448,0.431034,0.000000
1708008652077352324,0.627119,0.084746,0.288136,0.000000
1708008652097864950,0.333333,0.045455,0.621212,0.000000
1708008652117816683,0.068966,0.017241,0.913793,0.000000
1708008652137948167,0.015385,0.030769,0.953846,0.000000
1708008652158068814,0.045455,0.257576,0.696970,0.000000
1708008652178270195,0.684932,0.123288,0.191781,0.000000
1708008652198517663,0.098361,0.032787,0.868852,0.000000
1708008652218702497,0.033898,0.000000,0.966102,0.000000
1708008652238891333,0.000000,0.000000,1.000000,0.000000
1708008652259080677,0.015385,0.030769,0.953846,0.000000
1708008652279283801,0.015625,0.031250,0.953125,0.000000
1708008652299510890,0.000000,0.015625,0.984375,0.000000
1708008652319752454,0.000000,0.000000,1.000000,0.000000
1708008652340011203,0.000000,0.000000,1.000000,0.000000
1708008652360795238,0.000000,0.000000,1.000000,0.000000
1708008652380973424,0.000000,0.000000,1.000000,0.000000
1708008652401836936,0.000000,0.000000,1.000000,0.000000
1708008652421701646,0.000000,0.015625,0.984375,0.000000
1708008652441770481,0.000000,0.031746,0.968254,0.000000
1708008652461867508,0.000000,0.000000,1.000000,0.000000
1708008652482487483,0.000000,0.000000,1.000000,0.000000
1708008652502502389,0.000000,0.000000,1.000000,0.000000
1708008652523152948,0.000000,0.000000,1.000000,0.000000
1708008652543192683,0.000000,0.000000,1.000000,0.000000
1708008652563908966,0.000000,0.000000,1.000000,0.000000
1708008652584011932,0.000000,0.000000,1.000000,0.000000
1708008652604797351,0.000000,0.000000,1.000000,0.000000
1708008652624975085,0.000000,0.015152,0.984848,0.000000
1708008652645839638,0.000000,0.000000,1.000000,0.000000
1708008652665693720,0.000000,0.000000,1.000000,0.000000
1708008652685750031,0.000000,0.000000,1.000000,0.000000
1708008652705845826,0.030769,0.015385,0.953846,0.000000
1708008652725967063,0.015385,0.015385,0.969231,0.000000
1708008652746093800,0.031250,0.000000,0.968750,0.000000
1708008652766227294,0.015873,0.000000,0.984127,0.000000
1708008652786365452,0.031250,0.000000,0.968750,0.000000
1708008652806546222,0.015385,0.030769,0.953846,0.000000
1708008652826731599,0.031250,0.000000,0.968750,0.000000
1708008652846921468,0.078125,0.000000,0.921875,0.000000
1708008652867127700,0.106061,0.045455,0.848485,0.000000
1708008652887361101,0.015873,0.015873,0.968254,0.000000
1708008652907609377,0.046875,0.078125,0.875000,0.000000
1708008652927909707,0.067797,0.084746,0.847458,0.000000
1708008652948212349,0.032258,0.064516,0.903226,0.000000
1708008652968566370,0.095238,0.079365,0.825397,0.000000
1708008652988953731,0.078125,0.093750,0.828125,0.000000
1708008653009361222,0.079365,0.111111,0.809524,0.000000
1708008653029829254,0.194030,0.164179,0.641791,0.000000
1708008653049869686,0.145161,0.129032,0.725806,0.000000
1708008653069995349,0.171875,0.125000,0.703125,0.000000
1708008653090149095,0.245902,0.131148,0.622951,0.000000
1708008653110347147,0.222222,0.158730,0.619048,0.000000
1708008653130583765,0.209677,0.145161,0.645161,0.000000
1708008653150835907,0.229508,0.098361,0.672131,0.000000
1708008653171141159,0.213115,0.180328,0.606557,0.000000
1708008653191411850,0.265625,0.140625,0.593750,0.000000
1708008653211690433,0.234375,0.281250,0.484375,0.000000
1708008653232028907,0.432836,0.223881,0.343284,0.000000
1708008653253364964,0.515625,0.171875,0.312500,0.000000
1708008653273573141,0.639344,0.196721,0.163934,0.000000
1708008653293804848,0.397260,0.383562,0.219178,0.000000
1708008653313913695,0.562500,0.187500,0.250000,0.000000
1708008653334874528,0.460317,0.206349,0.333333,0.000000
1708008653355132556,0.646154,0.169231,0.184615,0.000000
1708008653375365180,0.655738,0.098361,0.245902,0.000000
1708008653395672657,0.583333,0.150000,0.266667,0.000000
1708008653416009902,0.569231,0.169231,0.261538,0.000000
1708008653436411943,0.471698,0.169811,0.358491,0.000000
1708008653456769245,0.424658,0.273973,0.301370,0.000000
1708008653477193666,0.472727,0.127273,0.400000,0.000000
1708008653497670197,0.484375,0.156250,0.359375,0.000000
1708008653517755963,0.402778,0.138889,0.458333,0.000000
1708008653537871612,0.365079,0.238095,0.396825,0.000000
1708008653558086517,0.482143,0.160714,0.357143,0.000000
1708008653578330703,0.428571,0.107143,0.464286,0.000000
1708008653598404658,0.241379,0.224138,0.534483,0.000000
1708008653618658411,0.174603,0.460317,0.365079,0.000000
1708008653638961214,0.645161,0.193548,0.161290,0.000000
1708008653659222019,0.345455,0.272727,0.381818,0.000000
1708008653679499189,0.285714,0.285714,0.428571,0.000000
1708008653699802326,0.236364,0.272727,0.490909,0.000000
1708008653720136107,0.539683,0.111111,0.349206,0.000000
1708008653740515613,0.666667,0.136364,0.196970,0.000000
1708008653760954403,0.545455,0.151515,0.303030,0.000000
1708008653781388930,0.338983,0.135593,0.525424,0.000000
1708008653801889286,0.194030,0.223881,0.582090,0.000000
1708008653821862007,0.222222,0.111111,0.666667,0.000000
1708008653843193747,0.174603,0.126984,0.698413,0.000000
1708008653863085578,0.158730,0.111111,0.730159,0.000000
1708008653883343234,0.238095,0.476190,0.285714,0.000000
1708008653903478819,0.485294,0.235294,0.279412,0.000000
1708008653923868403,0.540984,0.147541,0.311475,0.000000
1708008653944230772,0.390625,0.187500,0.421875,0.000000
1708008653964633861,0.610169,0.152542,0.237288,0.000000
1708008653985035724,0.465517,0.137931,0.396552,0.000000
1708008654005514615,0.419355,0.177419,0.403226,0.000000
1708008654025828621,0.485714,0.200000,0.314286,0.000000
1708008654045877481,0.473684,0.192982,0.333333,0.000000
1708008654066030026,0.161290,0.258065,0.580645,0.000000
1708008654086223412,0.175439,0.157895,0.666667,0.000000
1708008654106481545,0.296296,0.148148,0.555556,0.000000
1708008654126705144,0.446154,0.153846,0.400000,0.000000
1708008654146947036,0.500000,0.177419,0.322581,0.000000
1708008654167193277,0.491525,0.135593,0.372881,0.000000
1708008654187451326,0.333333,0.175439,0.491228,0.000000
1708008654207779217,0.432836,0.268657,0.298507,0.000000
1708008654228097640,0.530303,0.196970,0.272727,0.000000
1708008654248443892,0.457627,0.186441,0.355932,0.000000
1708008654268836374,0.384615,0.261538,0.353846,0.000000
1708008654289356969,0.367647,0.279412,0.352941,0.000000
1708008654309860835,0.459459,0.283784,0.256757,0.000000
1708008654329886448,0.400000,0.233333,0.366667,0.000000
1708008654350049835,0.435484,0.241935,0.322581,0.000000
1708008654370242205,0.387097,0.241935,0.370968,0.000000
1708008654390495508,0.603175,0.142857,0.253968,0.000000
1708008654410753575,0.564516,0.193548,0.241935,0.000000
1708008654431002380,0.416667,0.200000,0.383333,0.000000
1708008654451290673,0.253968,0.269841,0.476190,0.000000
1708008654471590565,0.338710,0.338710,0.322581,0.000000
1708008654491920131,0.433333,0.200000,0.366667,0.000000
1708008654512274123,0.468750,0.171875,0.359375,0.000000
1708008654532711885,0.625000,0.250000,0.125000,0.000000
1708008654553175200,0.597015,0.208955,0.194030,0.000000
1708008654573627377,0.645161,0.145161,0.209677,0.000000
1708008654593842258,0.506667,0.266667,0.226667,0.000000
1708008654614377874,0.509091,0.127273,0.363636,0.000000
1708008654634965505,0.615385,0.038462,0.346154,0.000000
1708008654655112225,0.730159,0.126984,0.142857,0.000000
1708008654675387715,0.547170,0.094340,0.358491,0.000000
1708008654695717758,0.416667,0.200000,0.383333,0.000000
1708008654716074557,0.543860,0.070175,0.385965,0.000000
1708008654736428851,0.560606,0.045455,0.393939,0.000000
1708008654756818188,0.281250,0.031250,0.687500,0.000000
1708008654777196288,0.050000,0.033333,0.916667,0.000000
1708008654797607050,0.000000,0.142857,0.857143,0.000000
1708008654817745941,0.015385,0.061538,0.923077,0.000000
1708008654837774959,0.016129,0.016129,0.967742,0.000000
1708008654857885165,0.016129,0.016129,0.967742,0.000000
1708008654878022881,0.046875,0.062500,0.890625,0.000000
1708008654898162673,0.015385,0.046154,0.938462,0.000000
1708008654918295896,0.000000,0.000000,1.000000,0.000000
1708008654938433325,0.000000,0.000000,1.000000,0.000000
1708008654958593218,0.000000,0.030769,0.969231,0.000000
1708008654978785217,0.000000,0.031250,0.968750,0.000000
1708008654998965888,0.000000,0.000000,1.000000,0.000000
1708008655019146756,0.000000,0.000000,1.000000,0.000000
1708008655039167710,0.000000,0.000000,1.000000,0.000000
1708008655059237346,0.000000,0.015385,0.984615,0.000000
1708008655079309556,0.000000,0.000000,1.000000,0.000000
1708008655099379623,0.000000,0.000000,1.000000,0.000000
1708008655119451809,0.000000,0.000000,1.000000,0.000000
1708008655139522383,0.000000,0.000000,1.000000,0.000000
1708008655159593119,0.000000,0.000000,1.000000,0.000000
1708008655179663498,0.000000,0.000000,1.000000,0.000000
1708008655199735503,0.000000,0.000000,1.000000,0.000000
1708008655219804020,0.000000,0.000000,1.000000,0.000000
1708008655239876082,0.000000,0.000000,1.000000,0.000000
1708008655259946755,0.000000,0.000000,1.000000,0.000000
1708008655280017335,0.000000,0.000000,1.000000,0.000000
1708008655300087766,0.000000,0.000000,1.000000,0.000000
1708008655320158210,0.000000,0.000000,1.000000,0.000000
1708008655340227893,0.000000,0.000000,1.000000,0.000000
1708008655360299115,0.000000,0.000000,1.000000,0.000000
1708008655380368403,0.000000,0.000000,1.000000,0.000000
1708008655400438940,0.000000,0.000000,1.000000,0.000000
1708008655420509022,0.015385,0.000000,0.984615,0.000000
1708008655440580022,0.000000,0.000000,1.000000,0.000000
1708008655460648237,0.000000,0.000000,1.000000,0.000000
1708008655480730429,0.000000,0.000000,1.000000,0.000000
1708008655500796324,0.000000,0.000000,1.000000,0.000000
1708008655520867646,0.000000,0.000000,1.000000,0.000000
1708008655540936475,0.000000,0.000000,1.000000,0.000000
1708008655561022008,0.000000,0.000000,1.000000,0.000000
1708008655581128020,0.015625,0.015625,0.968750,0.000000
1708008655601195601,0.046154,0.000000,0.953846,0.000000
1708008655621279682,0.031250,0.000000,0.968750,0.000000
1708008655641361954,0.015625,0.000000,0.984375,0.000000
1708008655661445541,0.031250,0.000000,0.968750,0.000000
1708008655681540108,0.092308,0.030769,0.876923,0.000000
1708008655701619088,0.000000,0.000000,1.000000,0.000000
1708008655721727433,0.092308,0.030769,0.876923,0.000000
1708008655741827015,0.046154,0.061538,0.892308,0.000000
1708008655761907563,0.046875,0.078125,0.875000,0.000000
1708008655782035645,0.093750,0.109375,0.796875,0.000000
1708008655802149275,0.032258,0.096774,0.870968,0.000000
1708008655822270976,0.046875,0.062500,0.890625,0.000000
1708008655842424448,0.142857,0.063492,0.793651,0.000000
1708008655862536016,0.079365,0.095238,0.825397,0.000000
1708008655882681894,0.096774,0.096774,0.806452,0.000000
1708008655902815945,0.142857,0.095238,0.761905,0.000000
1708008655922928939,0.151515,0.151515,0.696970,0.000000
1708008655943065260,0.174603,0.126984,0.698413,0.000000
1708008655963211314,0.242424,0.106061,0.651515,0.000000
1708008655983337740,0.253968,0.079365,0.666667,0.000000
1708008656003490873,0.245614,0.140351,0.614035,0.000000
1708008656023641576,0.377049,0.196721,0.426230,0.000000
1708008656043810988,0.650794,0.126984,0.222222,0.000000
1708008656064034480,0.438356,0.328767,0.232877,0.000000
1708008656084180087,0.473684,0.175439,0.350877,0.000000
1708008656104299987,0.351852,0.166667,0.481481,0.000000
1708008656124492708,0.208955,0.238806,0.552239,0.000000
1708008656144640813,0.349206,0.238095,0.412698,0.000000
1708008656164786574,0.568966,0.206897,0.224138,0.000000
1708008656184953766,0.400000,0.133333,0.466667,0.000000
1708008656205073015,0.555556,0.148148,0.296296,0.000000
1708008656225234346,0.396226,0.113208,0.490566,0.000000
1708008656245427623,0.569231,0.138462,0.292308,0.000000
1708008656265581713,0.285714,0.079365,0.634921,0.000000
1708008656285708618,0.289855,0.173913,0.536232,0.000000
1708008656305873794,0.274194,0.225806,0.500000,0.000000
1708008656326045372,0.557377,0.131148,0.311475,0.000000
1708008656346230155,0.322581,0.193548,0.483871,0.000000
1708008656366373478,0.535714,0.142857,0.321429,0.000000
1708008656386497114,0.161290,0.096774,0.741935,0.000000
1708008656406621402,0.180328,0.114754,0.704918,0.000000
1708008656426775536,0.346667,0.226667,0.426667,0.000000
1708008656446925677,0.524590,0.147541,0.327869,0.000000
1708008656467104336,0.225806,0.096774,0.677419,0.000000
1708008656487238199,0.119403,0.223881,0.656716,0.000000
1708008656507382119,0.112903,0.064516,0.822581,0.000000
1708008656527527853,0.175439,0.280702,0.543860,0.000000
1708008656547678953,0.603175,0.349206,0.047619,0.000000
1708008656567831656,0.317460,0.222222,0.460317,0.000000
1708008656587943485,0.206897,0.172414,0.620690,0.000000
1708008656608065843,0.109375,0.140625,0.750000,0.000000
1708008656628197648,0.311475,0.262295,0.426230,0.000000
1708008656648336121,0.539683,0.126984,0.333333,0.000000
1708008656668518588,0.276923,0.123077,0.600000,0.000000
1708008656688615168,0.295082,0.131148,0.573770,0.000000
1708008656708757715,0.129032,0.112903,0.758065,0.000000
1708008656728920690,0.313433,0.268657,0.417910,0.000000
1708008656749100623,0.528571,0.071429,0.400000,0.000000
1708008656769196710,0.161290,0.032258,0.806452,0.000000
1708008656789301746,0.190476,0.206349,0.603175,0.000000
1708008656809378377,0.476190,0.079365,0.444444,0.000000
1708008656829544093,0.137931,0.034483,0.827586,0.000000
1708008656849646117,0.232143,0.107143,0.660714,0.000000
1708008656869770450,0.523077,0.123077,0.353846,0.000000
1708008656889967248,0.254237,0.067797,0.677966,0.000000
1708008656910056989,0.071429,0.035714,0.892857,0.000000
1708008656930176241,0.205882,0.102941,0.691176,0.000000
1708008656950295041,0.065574,0.081967,0.852459,0.000000
1708008656970390109,0.142857,0.079365,0.777778,0.000000
1708008656990513953,0.076923,0.123077,0.800000,0.000000
1708008657010624942,0.138462,0.138462,0.723077,0.000000
1708008657030744420,0.126984,0.111111,0.761905,0.000000
1708008657050867114,0.174603,0.095238,0.730159,0.000000
1708008657070986619,0.161290,0.080645,0.758065,0.000000
1708008657091125886,0.180328,0.229508,0.590164,0.000000
1708008657111277659,0.377358,0.169811,0.452830,0.000000
1708008657131453077,0.619048,0.111111,0.269841,0.000000
1708008657151577455,0.295082,0.163934,0.540984,0.000000
1708008657171728654,0.517241,0.120690,0.362069,0.000000
1708008657191902199,0.457627,0.152542,0.389831,0.000000
1708008657212098500,0.444444,0.079365,0.476190,0.000000
1708008657232220748,0.258621,0.086207,0.655172,0.000000
1708008657252347453,0.163934,0.065574,0.770492,0.000000
1708008657272496194,0.238095,0.206349,0.555556,0.000000
1708008657292632498,0.656250,0.078125,0.265625,0.000000
1708008657312778841,0.123077,0.107692,0.769231,0.000000
1708008657332885763,0.363636,0.090909,0.545455,0.000000
1708008657353019445,0.121212,0.106061,0.772727,0.000000
1708008657373126107,0.142857,0.063492,0.793651,0.000000
1708008657393242379,0.166667,0.181818,0.651515,0.000000
1708008657413394102,0.445946,0.148649,0.405405,0.000000
1708008657433564387,0.526316,0.175439,0.298246,0.000000
1708008657453689409,0.438596,0.122807,0.438596,0.000000
1708008657473857364,0.551724,0.086207,0.362069,0.000000
1708008657493983942,0.111111,0.031746,0.857143,0.000000
1708008657514143104,0.169492,0.050847,0.779661,0.000000
1708008657534260821,0.096774,0.112903,0.790323,0.000000
1708008657554385931,0.096774,0.145161,0.758065,0.000000
1708008657574509223,0.164179,0.298507,0.537313,0.000000
1708008657594674165,0.550000,0.133333,0.316667,0.000000
1708008657614827924,0.206349,0.095238,0.698413,0.000000
1708008657634957972,0.190476,0.269841,0.539683,0.000000
1708008657655082897,0.369863,0.232877,0.397260,0.000000
1708008657675249433,0.491525,0.152542,0.355932,0.000000
1708008657695392423,0.258065,0.112903,0.629032,0.000000
1708008657715520872,0.129032,0.112903,0.758065,0.000000
1708008657735626876,0.109375,0.093750,0.796875,0.000000
1708008657755733688,0.140625,0.062500,0.796875,0.000000
1708008657775883072,0.096774,0.112903,0.790323,0.000000
1708008657796061098,0.098361,0.262295,0.639344,0.000000
1708008657816212605,0.530303,0.196970,0.272727,0.000000
1708008657836401926,0.742424,0.121212,0.136364,0.000000
1708008657856557320,0.352941,0.088235,0.558824,0.000000
1708008657876668042,0.250000,0.062500,0.687500,0.000000
1708008657896764219,0.093750,0.031250,0.875000,0.000000
1708008657916855989,0.084746,0.033898,0.881356,0.000000
1708008657937001181,0.531250,0.125000,0.343750,0.000000
1708008657957158587,0.223881,0.029851,0.746269,0.000000
1708008657977254290,0.200000,0.028571,0.771429,0.000000
1708008657997348477,0.075758,0.030303,0.893939,0.000000
1708008658017459542,0.015873,0.047619,0.936508,0.000000
1708008658037546916,0.273973,0.191781,0.534247,0.000000
1708008658057723962,0.542373,0.050847,0.406780,0.000000
1708008658077822995,0.208333,0.041667,0.750000,0.000000
1708008658097917911,0.000000,0.015625,0.984375,0.000000
1708008658117982469,0.000000,0.000000,1.000000,0.000000
1708008658138057073,0.000000,0.000000,1.000000,0.000000
1708008658158131338,0.000000,0.000000,1.000000,0.000000
1708008658178206825,0.013699,0.136986,0.849315,0.000000
1708008658198289229,0.015625,0.015625,0.968750,0.000000
1708008658218370791,0.000000,0.015385,0.984615,0.000000
1708008658238444439,0.000000,0.000000,1.000000,0.000000
1708008658258518623,0.000000,0.000000,1.000000,0.000000
1708008658278591898,0.000000,0.000000,1.000000,0.000000
1708008658298664716,0.000000,0.000000,1.000000,0.000000
1708008658318737562,0.000000,0.000000,1.000000,0.000000
1708008658338813363,0.000000,0.000000,1.000000,0.000000
1708008658358885193,0.000000,0.000000,1.000000,0.000000
1708008658378958000,0.000000,0.000000,1.000000,0.000000
1708008658399031324,0.000000,0.000000,1.000000,0.000000
1708008658419515865,0.030769,0.000000,0.969231,0.000000
1708008658439465144,0.015873,0.000000,0.984127,0.000000
1708008658459551830,0.031250,0.015625,0.953125,0.000000
1708008658479634623,0.015625,0.000000,0.984375,0.000000
1708008658499707620,0.015625,0.015625,0.968750,0.000000
1708008658519810042,0.076923,0.030769,0.892308,0.000000
1708008658539901934,0.000000,0.000000,1.000000,0.000000
1708008658559983662,0.079365,0.015873,0.904762,0.000000
1708008658580119416,0.065574,0.032787,0.901639,0.000000
1708008658600236444,0.015873,0.063492,0.920635,0.000000
1708008658620366506,0.080645,0.064516,0.854839,0.000000
1708008658640469760,0.032787,0.049180,0.918033,0.000000
1708008658660558004,0.095238,0.095238,0.809524,0.000000
1708008658680688505,0.156250,0.062500,0.781250,0.000000
1708008658700812495,0.111111,0.031746,0.857143,0.000000
1708008658720953191,0.101695,0.067797,0.830508,0.000000
1708008658741065426,0.193548,0.112903,0.693548,0.000000
1708008658761181861,0.174603,0.079365,0.746032,0.000000
1708008658781298471,0.112903,0.112903,0.774194,0.000000
1708008658801392724,0.283582,0.164179,0.552239,0.000000
1708008658821540349,0.176471,0.308824,0.514706,0.000000
1708008658841701370,0.400000,0.116667,0.483333,0.000000
1708008658861870274,0.530303,0.212121,0.257576,0.000000
1708008658882021040,0.379310,0.224138,0.396552,0.000000
1708008658902168501,0.550000,0.133333,0.316667,0.000000
1708008658922356176,0.406250,0.171875,0.421875,0.000000
1708008658942485173,0.396825,0.317460,0.285714,0.000000
1708008658962655458,0.557143,0.114286,0.328571,0.000000
1708008658982781306,0.416667,0.133333,0.450000,0.000000
1708008659002917055,0.343284,0.208955,0.447761,0.000000
1708008659023062743,0.666667,0.121212,0.212121,0.000000
1708008659043239160,0.464286,0.089286,0.446429,0.000000
1708008659063389088,0.258065,0.225806,0.516129,0.000000
1708008659083540551,0.350000,0.233333,0.416667,0.000000
1708008659103724376,0.583333,0.133333,0.283333,0.000000
1708008659123879579,0.650000,0.083333,0.266667,0.000000
1708008659144055291,0.322034,0.135593,0.542373,0.000000
1708008659164193540,0.285714,0.111111,0.603175,0.000000
1708008659184345364,0.111111,0.142857,0.746032,0.000000
1708008659204460359,0.368421,0.175439,0.456140,0.000000
1708008659224662466,0.592593,0.129630,0.277778,0.000000
1708008659244775911,0.266667,0.200000,0.533333,0.000000
1708008659264959908,0.409836,0.131148,0.459016,0.000000
1708008659285105082,0.413793,0.120690,0.465517,0.000000
1708008659305234692,0.152542,0.101695,0.745763,0.000000
1708008659325401697,0.323944,0.366197,0.309859,0.000000
1708008659345557268,0.629032,0.129032,0.241935,0.000000
1708008659365674289,0.257143,0.085714,0.657143,0.000000
1708008659386090211,0.135593,0.305085,0.559322,0.000000
1708008659406153793,0.173077,0.173077,0.653846,0.000000
1708008659426322987,0.353846,0.076923,0.569231,0.000000
1708008659446452846,0.095238,0.063492,0.841270,0.000000
1708008659466534661,0.134328,0.179104,0.686567,0.000000
1708008659486690651,0.290909,0.109091,0.600000,0.000000
1708008659506917863,0.542373,0.084746,0.372881,0.000000
1708008659527033427,0.196721,0.081967,0.721311,0.000000
1708008659547175388,0.064516,0.112903,0.822581,0.000000
1708008659567295699,0.178571,0.089286,0.732143,0.000000
1708008659587448420,0.621212,0.090909,0.287879,0.000000
1708008659607587095,0.323077,0.138462,0.538462,0.000000
1708008659627710197,0.135593,0.050847,0.813559,0.000000
1708008659647813808,0.093750,0.062500,0.843750,0.000000
1708008659667908826,0.138462,0.123077,0.738462,0.000000
1708008659688032581,0.095238,0.079365,0.825397,0.000000
1708008659708155832,0.290323,0.177419,0.532258,0.000000
1708008659728341164,0.525424,0.135593,0.338983,0.000000
1708008659748461838,0.246154,0.107692,0.646154,0.000000
1708008659768571395,0.243243,0.283784,0.472973,0.000000
1708008659788712623,0.514286,0.128571,0.357143,0.000000
1708008659808856156,0.380952,0.079365,0.539683,0.000000
1708008659829012930,0.103448,0.086207,0.810345,0.000000
1708008659849143740,0.175439,0.245614,0.578947,0.000000
1708008659869323327,0.539683,0.047619,0.412698,0.000000
1708008659889491200,0.158730,0.079365,0.761905,0.000000
1708008659909576948,0.064516,0.032258,0.903226,0.000000
1708008659929667507,0.047619,0.015873,0.936508,0.000000
1708008659949752730,0.145161,0.048387,0.806452,0.000000
1708008659969895979,0.031746,0.079365,0.888889,0.000000
1708008659990003333,0.203125,0.203125,0.593750,0.000000
1708008660010151876,0.661290,0.064516,0.274194,0.000000
1708008660030303573,0.137931,0.103448,0.758621,0.000000
1708008660050408943,0.212121,0.106061,0.681818,0.000000
1708008660070526830,0.123077,0.076923,0.800000,0.000000
1708008660090618701,0.227273,0.181818,0.590909,0.000000
1708008660110743520,0.111111,0.174603,0.714286,0.000000
1708008660130899349,0.111111,0.079365,0.809524,0.000000
1708008660150997511,0.177419,0.129032,0.693548,0.000000
1708008660171116241,0.177419,0.080645,0.741935,0.000000
1708008660191252680,0.179104,0.194030,0.626866,0.000000
1708008660211374725,0.245614,0.245614,0.508772,0.000000
1708008660231556108,0.508772,0.087719,0.403509,0.000000
1708008660251731748,0.500000,0.129032,0.370968,0.000000
1708008660271842913,0.533333,0.100000,0.366667,0.000000
1708008660291995080,0.419355,0.145161,0.435484,0.000000
1708008660312163474,0.639344,0.131148,0.229508,0.000000
1708008660332322914,0.200000,0.066667,0.733333,0.000000
1708008660352443900,0.220588,0.117647,0.661765,0.000000
1708008660372577154,0.140351,0.087719,0.771930,0.000000
1708008660399748279,0.566667,0.133333,0.300000,0.000000
1708008660417588219,0.285714,0.158730,0.555556,0.000000
1708008660437688062,0.250000,0.102941,0.647059,0.000000
1708008660457803107,0.352113,0.253521,0.394366,0.000000
1708008660477931101,0.606557,0.163934,0.229508,0.000000
1708008660498072515,0.246154,0.092308,0.661538,0.000000
1708008660518224511,0.156250,0.187500,0.656250,0.000000
1708008660538366375,0.093750,0.140625,0.765625,0.000000
1708008660558502990,0.142857,0.079365,0.777778,0.000000
1708008660578600205,0.161765,0.264706,0.573529,0.000000
1708008660598747128,0.600000,0.100000,0.300000,0.000000
1708008660618903965,0.360656,0.163934,0.475410,0.000000
1708008660639017464,0.677419,0.048387,0.274194,0.000000
1708008660659167325,0.112903,0.161290,0.725806,0.000000
1708008660679274500,0.081967,0.131148,0.786885,0.016393
1708008660699393159,0.250000,0.203125,0.546875,0.015625
1708008660719556039,0.558824,0.132353,0.308824,0.014706
1708008660739690836,0.236111,0.027778,0.736111,0.000000
1708008660759806959,0.046875,0.140625,0.812500,0.015625
1708008660779949851,0.350000,0.183333,0.466667,0.016667
1708008660800160081,0.391304,0.043478,0.565217,0.014493
1708008660820238512,0.034483,0.000000,0.965517,0.017241
1708008660840335973,0.015152,0.060606,0.924242,0.015152
1708008660860409126,0.000000,0.031746,0.968254,0.000000
1708008660880490405,0.015873,0.015873,0.968254,0.015873
1708008660900570657,0.000000,0.063492,0.936508,0.031746
1708008660920646805,0.000000,0.000000,1.000000,0.032258
1708008660940720507,0.000000,0.000000,1.000000,0.032258
1708008660960794381,0.000000,0.000000,1.000000,0.031746
1708008660980868192,0.000000,0.000000,1.000000,0.000000
1708008661000942347,0.000000,0.000000,1.000000,0.000000
1708008661021015865,0.000000,0.000000,1.000000,0.000000
1708008661041089144,0.000000,0.000000,1.000000,0.000000
1708008661061163589,0.015873,0.000000,0.984127,0.000000
1708008661081244341,0.000000,0.031250,0.968750,0.000000
1708008661101324222,0.000000,0.000000,1.000000,0.000000
1708008661121337468,0.000000,0.000000,1.000000,0.000000
1708008661141431235,0.000000,0.000000,1.000000,0.000000
1708008661161503847,0.000000,0.015385,0.984615,0.000000
1708008661181577873,0.000000,0.000000,1.000000,0.000000
1708008661201650975,0.000000,0.000000,1.000000,0.000000
1708008661221724770,0.000000,0.000000,1.000000,0.000000
1708008661241804794,0.015873,0.000000,0.984127,0.000000
1708008661261898532,0.030303,0.015152,0.954545,0.000000
1708008661281980593,0.031250,0.000000,0.968750,0.000000
1708008661302065467,0.031250,0.015625,0.953125,0.000000
1708008661322144201,0.000000,0.000000,1.000000,0.000000
1708008661342232358,0.030769,0.030769,0.938462,0.000000
1708008661362332865,0.092308,0.015385,0.892308,0.000000
1708008661382424522,0.030769,0.030769,0.938462,0.000000
1708008661402563378,0.050847,0.016949,0.932203,0.000000
1708008661422754996,0.032787,0.032787,0.934426,0.000000
1708008661442866927,0.033333,0.016667,0.950000,0.000000
1708008661462972211,0.126984,0.079365,0.793651,0.000000
1708008661483079425,0.031746,0.015873,0.952381,0.000000
1708008661503166226,0.047619,0.047619,0.904762,0.000000
1708008661523266945,0.125000,0.093750,0.781250,0.000000
1708008661543401961,0.096774,0.064516,0.838710,0.000000
1708008661563540042,0.109375,0.093750,0.796875,0.000000
1708008661583656837,0.193548,0.096774,0.709677,0.000000
1708008661603812341,0.145161,0.096774,0.758065,0.000000
1708008661623963472,0.145161,0.096774,0.758065,0.000000
1708008661644124498,0.206349,0.111111,0.682540,0.000000
1708008661664271887,0.287879,0.106061,0.606061,0.000000
1708008661684418195,0.140625,0.140625,0.718750,0.000000
1708008661704640935,0.464286,0.321429,0.214286,0.000000
1708008661725765178,0.698630,0.260274,0.041096,0.000000
1708008661745837754,0.777778,0.142857,0.079365,0.000000
1708008661766115682,0.412698,0.111111,0.476190,0.000000
1708008661786169613,0.428571,0.116883,0.454545,0.000000
1708008661806316099,0.391304,0.246377,0.362319,0.000000
1708008661826501625,0.548387,0.080645,0.370968,0.000000
1708008661846914894,0.531250,0.156250,0.312500,0.000000
1708008661866992380,0.677966,0.118644,0.203390,0.000000
1708008661887134897,0.318182,0.151515,0.530303,0.000000
1708008661907264590,0.417910,0.134328,0.447761,0.000000
1708008661927414384,0.421875,0.171875,0.406250,0.000000
1708008661947584933,0.460317,0.174603,0.365079,0.000000
1708008661967747226,0.233333,0.100000,0.666667,0.000000
1708008661987886186,0.172414,0.137931,0.689655,0.000000
1708008662008110847,0.391892,0.418919,0.189189,0.000000
1708008662028320894,0.400000,0.127273,0.472727,0.000000
1708008662048468034,0.484375,0.140625,0.375000,0.000000
1708008662068609423,0.508772,0.192982,0.298246,0.000000
1708008662088748500,0.446154,0.184615,0.369231,0.000000
1708008662108870390,0.294118,0.117647,0.588235,0.000000
1708008662129019471,0.174603,0.238095,0.587302,0.000000
1708008662149150493,0.344262,0.278689,0.377049,0.000000
1708008662169344569,0.484375,0.156250,0.359375,0.000000
1708008662189509100,0.391304,0.275362,0.333333,0.000000
1708008662209629090,0.483871,0.177419,0.338710,0.000000
1708008662229816821,0.435484,0.112903,0.451613,0.000000
1708008662249926906,0.268657,0.074627,0.656716,0.000000
1708008662270042264,0.184615,0.092308,0.723077,0.000000
1708008662290124079,0.129032,0.032258,0.838710,0.000000
1708008662310219079,0.130435,0.347826,0.521739,0.000000
1708008662330361481,0.382353,0.147059,0.470588,0.000000
1708008662350509763,0.637931,0.120690,0.241379,0.000000
1708008662370654016,0.492063,0.126984,0.380952,0.000000
1708008662390850550,0.366667,0.066667,0.566667,0.000000
1708008662410945918,0.181818,0.227273,0.590909,0.000000
1708008662431082947,0.387097,0.129032,0.483871,0.000000
1708008662451251903,0.437500,0.125000,0.437500,0.000000
1708008662471373314,0.222222,0.063492,0.714286,0.000000
1708008662491495203,0.123077,0.061538,0.815385,0.000000
1708008662511590771,0.126984,0.063492,0.809524,0.000000
1708008662531703594,0.171875,0.015625,0.812500,0.000000
1708008662551794833,0.065574,0.213115,0.721311,0.000000
1708008662571948158,0.333333,0.217391,0.449275,0.000000
1708008662592095314,0.500000,0.160714,0.339286,0.000000
1708008662612243325,0.396226,0.113208,0.490566,0.000000
1708008662632356965,0.486111,0.097222,0.416667,0.000000
1708008662652487012,0.235294,0.088235,0.676471,0.000000
1708008662672609984,0.081967,0.081967,0.836066,0.000000
1708008662692716226,0.142857,0.111111,0.746032,0.000000
1708008662712827421,0.046875,0.140625,0.812500,0.000000
1708008662732935136,0.080645,0.080645,0.838710,0.000000
1708008662753054014,0.081967,0.114754,0.803279,0.000000
1708008662773228234,0.129032,0.306452,0.564516,0.000000
1708008662793357240,0.653846,0.115385,0.230769,0.000000
1708008662813549259,0.216667,0.133333,0.650000,0.000000
1708008662833652250,0.272727,0.090909,0.636364,0.000000
1708008662853756628,0.153846,0.061538,0.784615,0.000000
1708008662873835565,0.234375,0.093750,0.671875,0.000000
1708008662893972401,0.109375,0.125000,0.765625,0.000000
1708008662914094394,0.239437,0.225352,0.535211,0.000000
1708008662934256996,0.612903,0.129032,0.258065,0.000000
1708008662954435513,0.328125,0.109375,0.562500,0.000000
1708008662974549977,0.157895,0.105263,0.736842,0.000000
1708008662994669042,0.206349,0.222222,0.571429,0.000000
1708008663014824286,0.452830,0.056604,0.490566,0.000000
1708008663034975410,0.561404,0.105263,0.333333,0.000000
1708008663055122223,0.569231,0.153846,0.276923,0.000000
1708008663075278098,0.258621,0.137931,0.603448,0.000000
1708008663095392459,0.246154,0.092308,0.661538,0.000000
1708008663115561287,0.298246,0.157895,0.543860,0.000000
1708008663135709652,0.678571,0.089286,0.232143,0.000000
1708008663155896497,0.265625,0.093750,0.640625,0.000000
1708008663176028025,0.158730,0.095238,0.746032,0.000000
1708008663196125916,0.079365,0.063492,0.857143,0.000000
1708008663216224603,0.142857,0.095238,0.761905,0.000000
1708008663236369685,0.129032,0.290323,0.580645,0.000000
1708008663256517403,0.666667,0.092593,0.240741,0.000000
1708008663276685148,0.292308,0.138462,0.569231,0.000000
1708008663296793454,0.086207,0.137931,0.775862,0.000000
1708008663316915236,0.066667,0.250000,0.683333,0.000000
1708008663337075686,0.720588,0.044118,0.235294,0.000000
1708008663357211004,0.171875,0.046875,0.781250,0.000000
1708008663377327072,0.228571,0.042857,0.728571,0.000000
1708008663397460284,0.062500,0.062500,0.875000,0.000000
1708008663417567787,0.246575,0.383562,0.369863,0.000000
1708008663437719691,0.576271,0.118644,0.305085,0.000000
1708008663457845281,0.096774,0.096774,0.806452,0.000000
1708008663477938726,0.101695,0.033898,0.864407,0.000000
1708008663498045659,0.107692,0.046154,0.846154,0.000000
1708008663518131350,0.092308,0.076923,0.830769,0.000000
1708008663538227718,0.126984,0.079365,0.793651,0.000000
1708008663558320698,0.078125,0.093750,0.828125,0.000000
1708008663578413324,0.109375,0.062500,0.828125,0.000000
1708008663598518025,0.144928,0.231884,0.623188,0.000000
1708008663618696562,0.384615,0.307692,0.307692,0.000000
1708008663638846787,0.535714,0.107143,0.357143,0.000000
1708008663659013654,0.626866,0.059701,0.313433,0.000000
1708008663679148375,0.051724,0.068966,0.879310,0.000000
1708008663699291782,0.353846,0.215385,0.430769,0.000000
1708008663719475175,0.428571,0.000000,0.571429,0.000000
1708008663739567102,0.171429,0.014286,0.814286,0.000000
1708008663759663817,0.000000,0.000000,1.000000,0.000000
1708008663779728261,0.000000,0.000000,1.000000,0.000000
1708008663799804874,0.015873,0.000000,0.984127,0.000000
1708008663819909989,0.015873,0.031746,0.952381,0.000000
1708008663840010929,0.000000,0.031250,0.968750,0.000000
1708008663860083880,0.000000,0.000000,1.000000,0.000000
1708008663880156709,0.015873,0.000000,0.984127,0.000000
1708008663900242284,0.000000,0.031250,0.968750,0.000000
1708008663920321228,0.000000,0.000000,1.000000,0.000000
1708008663940394455,0.000000,0.000000,1.000000,0.000000
1708008663960472568,0.000000,0.000000,1.000000,0.000000
1708008663980544799,0.000000,0.000000,1.000000,0.000000
1708008664000625200,0.000000,0.000000,1.000000,0.000000
