Time,User,Kernel,Idle,IoWait
1708693814714394705,0.142857,0.047619,0.809524,0.000000
1708693814814458732,0.333333,0.000000,0.666667,0.000000
1708693814914597204,0.000000,0.052632,0.947368,0.000000
1708693815014729561,0.176471,0.294118,0.529412,0.000000
1708693815114825795,0.117647,0.176471,0.705882,0.000000
1708693815214922378,0.050000,0.100000,0.850000,0.000000
1708693815315022123,0.333333,0.333333,0.333333,0.000000
1708693815415116502,0.761905,0.238095,0.000000,0.000000
1708693815515266603,0.650000,0.350000,0.000000,0.000000
1708693815615387685,0.750000,0.250000,0.000000,0.000000
1708693815715448519,0.750000,0.250000,0.000000,0.000000
1708693815815597264,0.789474,0.210526,0.000000,0.000000
1708693815915706792,0.857143,0.142857,0.000000,0.000000
1708693816015837145,0.947368,0.052632,0.000000,0.000000
1708693816115896826,0.857143,0.142857,0.000000,0.000000
1708693816216071575,0.800000,0.200000,0.000000,0.000000
1708693816316165505,0.850000,0.150000,0.000000,0.000000
1708693816416257534,0.578947,0.105263,0.315789,0.000000
1708693816516365349,0.050000,0.050000,0.900000,0.000000
1708693816616465036,0.000000,0.000000,1.000000,0.000000
1708693816716667513,0.000000,0.000000,1.000000,0.000000
1708693816816676043,0.000000,0.000000,1.000000,0.000000
1708693816916816679,0.000000,0.000000,1.000000,0.000000
1708693817016923316,0.000000,0.000000,1.000000,0.000000
1708693817117028088,0.000000,0.052632,0.947368,0.000000
1708693817223859460,0.190476,0.000000,0.809524,0.000000
1708693817321665443,0.388889,0.166667,0.444444,0.000000
1708693817422959303,0.166667,0.388889,0.444444,0.000000
1708693817522605507,0.300000,0.250000,0.450000,0.000000
1708693817622698233,0.473684,0.473684,0.052632,0.000000
1708693817722795161,0.600000,0.400000,0.000000,0.000000
1708693817822849017,0.600000,0.400000,0.000000,0.000000
1708693817922917970,0.600000,0.400000,0.000000,0.000000
1708693818023035370,0.800000,0.200000,0.000000,0.000000
1708693818123132556,0.900000,0.100000,0.000000,0.000000
1708693818223226134,0.800000,0.200000,0.000000,0.000000
1708693818323326472,0.900000,0.100000,0.000000,0.000000
1708693818423421802,0.900000,0.100000,0.000000,0.000000
1708693818523521456,0.900000,0.100000,0.000000,0.000000
1708693818623615774,0.850000,0.100000,0.050000,0.000000
1708693818723710468,0.277778,0.055556,0.666667,0.000000
1708693818823786253,0.000000,0.000000,1.000000,0.000000
1708693818923865965,0.000000,0.000000,1.000000,0.000000
1708693819023965336,0.047619,0.095238,0.857143,0.000000
1708693819124057377,0.111111,0.111111,0.777778,0.000000
1708693819224143581,0.562500,0.250000,0.187500,0.000000
1708693819324273604,0.526316,0.368421,0.105263,0.000000
1708693819424363828,0.650000,0.350000,0.000000,0.000000
1708693819524447442,0.700000,0.300000,0.000000,0.000000
1708693819624505616,0.750000,0.250000,0.000000,0.000000
1708693819724566673,0.750000,0.250000,0.000000,0.000000
1708693819824631665,0.736842,0.263158,0.000000,0.000000
1708693819924699743,0.800000,0.200000,0.000000,0.000000
1708693820024775110,0.800000,0.200000,0.000000,0.000000
1708693820124832039,0.809524,0.190476,0.000000,0.000000
1708693820224875866,0.894737,0.105263,0.000000,0.000000
1708693820324974971,0.857143,0.142857,0.000000,0.000000
1708693820425163065,0.666667,0.166667,0.166667,0.000000
1708693820525170313,0.105263,0.052632,0.842105,0.000000
1708693820625258030,0.000000,0.050000,0.950000,0.000000
1708693820725345906,0.000000,0.000000,1.000000,0.000000
1708693820825376956,0.000000,0.000000,1.000000,0.000000
1708693820925435228,0.000000,0.000000,1.000000,0.000000
1708693821025528338,0.000000,0.000000,1.000000,0.000000
1708693821125580714,0.000000,0.050000,0.950000,0.000000
1708693821225639305,0.000000,0.000000,1.000000,0.000000
1708693821325722626,0.000000,0.000000,1.000000,0.000000
1708693821425796151,0.000000,0.000000,1.000000,0.000000
1708693821525843168,0.000000,0.052632,0.947368,0.000000
1708693821625910314,0.000000,0.000000,1.000000,0.000000
1708693821725991361,0.000000,0.000000,1.000000,0.000000
1708693821826036544,0.000000,0.000000,1.000000,0.000000
1708693821926123056,0.000000,0.000000,1.000000,0.000000
1708693822026155817,0.000000,0.000000,1.000000,0.000000
1708693822126246148,0.000000,0.000000,1.000000,0.000000
1708693822226319451,0.000000,0.000000,1.000000,0.000000
1708693822326372241,0.000000,0.000000,1.000000,0.000000
1708693822426459868,0.000000,0.000000,1.000000,0.000000
1708693822526531579,0.000000,0.000000,1.000000,0.000000
1708693822626605151,0.000000,0.000000,1.000000,0.000000
1708693822726645338,0.000000,0.000000,1.000000,0.000000
1708693822826731182,0.000000,0.000000,1.000000,0.000000
1708693822926799912,0.000000,0.000000,1.000000,0.000000
1708693823026827045,0.000000,0.000000,1.000000,0.000000
1708693823126950189,0.000000,0.000000,1.000000,0.000000
1708693823227133822,0.000000,0.000000,1.000000,0.000000
1708693823327149902,0.000000,0.000000,1.000000,0.000000
1708693823427284102,0.000000,0.000000,1.000000,0.000000
1708693823527329526,0.000000,0.000000,1.000000,0.000000
1708693823627476986,0.000000,0.000000,1.000000,0.000000
1708693823727584593,0.000000,0.000000,1.000000,0.000000
1708693823827654560,0.000000,0.000000,1.000000,0.000000
1708693823927784918,0.000000,0.000000,1.000000,0.000000
1708693824027935745,0.000000,0.000000,1.000000,0.000000
1708693824128032902,0.000000,0.000000,1.000000,0.000000
1708693824228068374,0.000000,0.000000,1.000000,0.000000
1708693824328199733,0.000000,0.000000,1.000000,0.000000
1708693824428306472,0.000000,0.000000,1.000000,0.000000
1708693824528400782,0.000000,0.000000,1.000000,0.000000
1708693824628495900,0.000000,0.000000,1.000000,0.000000
1708693824728670862,0.000000,0.000000,1.000000,0.000000
1708693824828712289,0.000000,0.000000,1.000000,0.000000
1708693824928773449,0.000000,0.000000,1.000000,0.000000
1708693825028840517,0.000000,0.000000,1.000000,0.000000
1708693825128916151,0.000000,0.000000,1.000000,0.000000
1708693825228976957,0.000000,0.000000,1.000000,0.000000
1708693825329006183,0.000000,0.000000,1.000000,0.000000
1708693825429127981,0.000000,0.000000,1.000000,0.000000
1708693825529216643,0.000000,0.000000,1.000000,0.000000
1708693825629312352,0.000000,0.000000,1.000000,0.000000
1708693825729368140,0.000000,0.000000,1.000000,0.000000
1708693825829492908,0.000000,0.000000,1.000000,0.000000
1708693825929555429,0.000000,0.000000,1.000000,0.000000
1708693826029582646,0.000000,0.000000,1.000000,0.000000
1708693826129757786,0.000000,0.052632,0.947368,0.000000
1708693826229766627,0.000000,0.000000,1.000000,0.000000
1708693826329845119,0.000000,0.000000,1.000000,0.000000
1708693826429955215,0.000000,0.000000,1.000000,0.000000
1708693826530037902,0.000000,0.000000,1.000000,0.000000
1708693826630137062,0.000000,0.000000,1.000000,0.000000
1708693826730174665,0.000000,0.000000,1.000000,0.000000
1708693826830318961,0.000000,0.000000,1.000000,0.000000
1708693826930411616,0.000000,0.000000,1.000000,0.000000
1708693827030511186,0.000000,0.000000,1.000000,0.000000
1708693827130585418,0.000000,0.000000,1.000000,0.000000
1708693827230789322,0.000000,0.000000,1.000000,0.000000
1708693827330767565,0.000000,0.000000,1.000000,0.000000
1708693827430891452,0.000000,0.000000,1.000000,0.000000
1708693827531006538,0.000000,0.000000,1.000000,0.000000
1708693827631041740,0.000000,0.000000,1.000000,0.000000
1708693827731177070,0.000000,0.000000,1.000000,0.000000
1708693827831306379,0.000000,0.000000,1.000000,0.000000
1708693827931306817,0.000000,0.000000,1.000000,0.000000
1708693828031427394,0.000000,0.000000,1.000000,0.000000
1708693828131516826,0.000000,0.050000,0.950000,0.000000
1708693828231614574,0.000000,0.000000,1.000000,0.000000
1708693828331732009,0.000000,0.000000,1.000000,0.000000
1708693828431776690,0.000000,0.000000,1.000000,0.000000
1708693828531912539,0.000000,0.000000,1.000000,0.000000
1708693828631956087,0.000000,0.000000,1.000000,0.000000
1708693828732029323,0.000000,0.000000,1.000000,0.000000
1708693828832111197,0.000000,0.000000,1.000000,0.000000
1708693828932216194,0.000000,0.000000,1.000000,0.000000
1708693829032330608,0.000000,0.000000,1.000000,0.000000
1708693829132353430,0.000000,0.000000,1.000000,0.000000
1708693829232488180,0.000000,0.000000,1.000000,0.000000
1708693829332677280,0.000000,0.000000,1.000000,0.000000
1708693829432717990,0.000000,0.000000,1.000000,0.000000
1708693829532755502,0.000000,0.000000,1.000000,0.000000
1708693829632890753,0.000000,0.000000,1.000000,0.000000
1708693829733065249,0.000000,0.000000,1.000000,0.000000
1708693829833109394,0.000000,0.000000,1.000000,0.000000
1708693829933187989,0.000000,0.000000,1.000000,0.000000
1708693830033241396,0.000000,0.000000,1.000000,0.000000
1708693830133401553,0.142857,0.047619,0.809524,0.000000
1708693830233501980,0.411765,0.058824,0.529412,0.000000
1708693830333613391,0.357143,0.500000,0.142857,0.000000
1708693830433761069,0.578947,0.263158,0.157895,0.000000
1708693830533869026,0.750000,0.250000,0.000000,0.000000
1708693830633968012,0.700000,0.300000,0.000000,0.000000
1708693830734086580,0.750000,0.250000,0.000000,0.000000
1708693830834125990,0.750000,0.250000,0.000000,0.000000
1708693830934286593,0.850000,0.150000,0.000000,0.000000
1708693831034404807,0.900000,0.100000,0.000000,0.000000
1708693831134515427,0.850000,0.150000,0.000000,0.000000
1708693831234628477,0.800000,0.200000,0.000000,0.000000
1708693831334742010,0.900000,0.100000,0.000000,0.000000
1708693831434798208,0.894737,0.052632,0.052632,0.000000
1708693831534967692,0.476190,0.142857,0.380952,0.000000
1708693831635074115,0.055556,0.055556,0.888889,0.000000
1708693831735114720,0.000000,0.000000,1.000000,0.000000
1708693831835251097,0.000000,0.050000,0.950000,0.000000
1708693831935364918,0.052632,0.000000,0.947368,0.000000
1708693832035460076,0.333333,0.166667,0.500000,0.000000
1708693832135612939,0.437500,0.500000,0.062500,0.000000
1708693832235728717,0.611111,0.333333,0.055556,0.000000
1708693832335856024,0.700000,0.300000,0.000000,0.000000
1708693832435908291,0.666667,0.333333,0.000000,0.000000
1708693832537808157,0.650000,0.350000,0.000000,0.000000
1708693832638071134,0.700000,0.300000,0.000000,0.000000
1708693832737902877,0.850000,0.150000,0.000000,0.000000
1708693832837999188,0.900000,0.100000,0.000000,0.000000
1708693832938043273,0.900000,0.100000,0.000000,0.000000
1708693833038137006,0.900000,0.100000,0.000000,0.000000
1708693833138246729,0.850000,0.150000,0.000000,0.000000
1708693833238353898,0.684211,0.157895,0.157895,0.000000
1708693833338372602,0.476190,0.047619,0.476190,0.000000
1708693833438465369,0.055556,0.000000,0.944444,0.000000
1708693833538508969,0.000000,0.000000,1.000000,0.000000
1708693833638582798,0.000000,0.000000,1.000000,0.000000
1708693833738663267,0.000000,0.000000,1.000000,0.000000
1708693833838713146,0.000000,0.000000,1.000000,0.000000
