Time,User,Kernel,Idle,IoWait
1708693814716958051,0.210526,0.157895,0.631579,0.000000
1708693814817082295,0.111111,0.055556,0.833333,0.000000
1708693814917171239,0.222222,0.000000,0.777778,0.000000
1708693815017305976,0.250000,0.375000,0.375000,0.000000
1708693815117358985,0.000000,0.125000,0.875000,0.000000
1708693815217455933,0.052632,0.105263,0.842105,0.000000
1708693815317584139,0.000000,0.150000,0.850000,0.000000
1708693815417643673,0.368421,0.263158,0.368421,0.000000
1708693815517791616,0.550000,0.350000,0.100000,0.000000
1708693815617910526,0.600000,0.350000,0.050000,0.000000
1708693815717995212,0.684211,0.315789,0.000000,0.000000
1708693815818108646,0.800000,0.200000,0.000000,0.000000
1708693815918233261,0.950000,0.050000,0.000000,0.000000
1708693816018322770,0.900000,0.100000,0.000000,0.000000
1708693816118450764,0.850000,0.150000,0.000000,0.000000
1708693816218563558,1.000000,0.000000,0.000000,0.000000
1708693816318657609,0.950000,0.050000,0.000000,0.000000
1708693816428679439,1.000000,0.000000,0.000000,0.000000
1708693816525483022,0.650000,0.250000,0.100000,0.000000
1708693816625577411,0.052632,0.105263,0.842105,0.000000
1708693816725651752,0.047619,0.047619,0.904762,0.000000
1708693816825688497,0.000000,0.000000,1.000000,0.000000
1708693816925767574,0.000000,0.050000,0.950000,0.000000
1708693817025832616,0.000000,0.052632,0.947368,0.000000
1708693817125943679,0.000000,0.050000,0.950000,0.000000
1708693817226029293,0.277778,0.000000,0.722222,0.000000
1708693817326154639,0.437500,0.312500,0.250000,0.000000
1708693817426203933,0.058824,0.529412,0.411765,0.000000
1708693817526319660,0.555556,0.277778,0.166667,0.000000
1708693817626430711,0.550000,0.350000,0.100000,0.000000
1708693817726528044,0.650000,0.300000,0.050000,0.000000
1708693817826589412,0.600000,0.400000,0.000000,0.000000
1708693817926668454,0.750000,0.250000,0.000000,0.000000
1708693818026819300,0.842105,0.157895,0.000000,0.000000
1708693818126924590,0.904762,0.095238,0.000000,0.000000
1708693818226997415,0.894737,0.105263,0.000000,0.000000
1708693818327061786,0.952381,0.047619,0.000000,0.000000
1708693818427125504,0.850000,0.150000,0.000000,0.000000
1708693818527258320,0.800000,0.150000,0.050000,0.000000
1708693818627372712,0.611111,0.111111,0.277778,0.000000
1708693818727451416,0.000000,0.052632,0.947368,0.000000
1708693818827530768,0.000000,0.050000,0.950000,0.000000
1708693818927600713,0.000000,0.000000,1.000000,0.000000
1708693819027684742,0.052632,0.052632,0.894737,0.000000
1708693819127773971,0.150000,0.200000,0.650000,0.000000
1708693819227914936,0.647059,0.352941,0.000000,0.000000
1708693819328010975,0.411765,0.588235,0.000000,0.000000
1708693819428145589,0.619048,0.380952,0.000000,0.000000
1708693819528239622,0.600000,0.400000,0.000000,0.000000
1708693819628331136,0.650000,0.350000,0.000000,0.000000
1708693819728430137,0.650000,0.350000,0.000000,0.000000
1708693819828489641,0.700000,0.300000,0.000000,0.000000
1708693819928607243,0.950000,0.050000,0.000000,0.000000
1708693820028708625,0.850000,0.150000,0.000000,0.000000
1708693820128824671,0.850000,0.150000,0.000000,0.000000
1708693820228926056,0.947368,0.052632,0.000000,0.000000
1708693820329023669,0.904762,0.095238,0.000000,0.000000
1708693820429121603,0.894737,0.105263,0.000000,0.000000
1708693820529185595,1.000000,0.000000,0.000000,0.000000
1708693820629250804,0.450000,0.100000,0.450000,0.000000
1708693820729339492,0.050000,0.100000,0.850000,0.000000
1708693820829442534,0.000000,0.000000,1.000000,0.000000
1708693820929497120,0.000000,0.000000,1.000000,0.000000
1708693821029556665,0.000000,0.000000,1.000000,0.000000
1708693821129635056,0.000000,0.000000,1.000000,0.000000
1708693821229702998,0.000000,0.000000,1.000000,0.000000
1708693821329764196,0.000000,0.000000,1.000000,0.000000
1708693821429851665,0.000000,0.000000,1.000000,0.000000
1708693821529902638,0.050000,0.000000,0.950000,0.000000
1708693821629988623,0.000000,0.000000,1.000000,0.000000
1708693821730057828,0.000000,0.000000,1.000000,0.000000
1708693821830134847,0.000000,0.000000,1.000000,0.000000
1708693821930209908,0.000000,0.000000,1.000000,0.000000
1708693822030219976,0.000000,0.000000,1.000000,0.000000
1708693822130324105,0.000000,0.000000,1.000000,0.000000
1708693822230393950,0.000000,0.000000,1.000000,0.000000
1708693822330431554,0.000000,0.000000,1.000000,0.000000
1708693822430491958,0.047619,0.047619,0.904762,0.000000
1708693822530582521,0.000000,0.000000,1.000000,0.000000
1708693822630663005,0.000000,0.050000,0.950000,0.000000
1708693822730736673,0.000000,0.000000,1.000000,0.000000
1708693822830813391,0.000000,0.000000,1.000000,0.000000
1708693822930886968,0.000000,0.000000,1.000000,0.000000
1708693823030970173,0.000000,0.000000,1.000000,0.000000
1708693823131048668,0.000000,0.000000,1.000000,0.000000
1708693823231099599,0.000000,0.000000,1.000000,0.000000
1708693823331187432,0.000000,0.000000,1.000000,0.000000
1708693823431265458,0.000000,0.000000,1.000000,0.000000
1708693823531336796,0.000000,0.000000,1.000000,0.000000
1708693823631365855,0.000000,0.050000,0.950000,0.000000
1708693823731461505,0.000000,0.000000,1.000000,0.000000
1708693823831516799,0.000000,0.050000,0.950000,0.000000
1708693823931574620,0.000000,0.000000,1.000000,0.000000
1708693824031659033,0.000000,0.000000,1.000000,0.000000
1708693824131731104,0.000000,0.000000,1.000000,0.000000
1708693824231759922,0.000000,0.000000,1.000000,0.000000
1708693824331847844,0.000000,0.000000,1.000000,0.000000
1708693824431925301,0.050000,0.000000,0.950000,0.000000
1708693824532008286,0.000000,0.000000,1.000000,0.000000
1708693824632075086,0.000000,0.000000,1.000000,0.000000
1708693824732164509,0.000000,0.000000,1.000000,0.000000
1708693824832169103,0.000000,0.000000,1.000000,0.000000
1708693824932228383,0.000000,0.050000,0.950000,0.000000
1708693825032315403,0.000000,0.000000,1.000000,0.000000
1708693825132374429,0.000000,0.000000,1.000000,0.000000
1708693825232457416,0.000000,0.000000,1.000000,0.000000
1708693825332504959,0.000000,0.000000,1.000000,0.000000
1708693825432588508,0.000000,0.000000,1.000000,0.000000
1708693825532635335,0.000000,0.050000,0.950000,0.000000
1708693825632728869,0.000000,0.000000,1.000000,0.000000
1708693825732773941,0.000000,0.000000,1.000000,0.000000
1708693825832861367,0.000000,0.000000,1.000000,0.000000
1708693825932900534,0.000000,0.000000,1.000000,0.000000
1708693826032983563,0.000000,0.000000,1.000000,0.000000
1708693826133046492,0.000000,0.000000,1.000000,0.000000
1708693826233122788,0.000000,0.000000,1.000000,0.000000
1708693826333179266,0.000000,0.000000,1.000000,0.000000
1708693826433258612,0.000000,0.000000,1.000000,0.000000
1708693826533325484,0.000000,0.000000,1.000000,0.000000
1708693826633420884,0.050000,0.000000,0.950000,0.000000
1708693826733413445,0.000000,0.000000,1.000000,0.000000
1708693826833513137,0.000000,0.000000,1.000000,0.000000
1708693826933589339,0.000000,0.000000,1.000000,0.000000
1708693827033613723,0.000000,0.000000,1.000000,0.000000
1708693827133708769,0.000000,0.000000,1.000000,0.000000
1708693827233785521,0.000000,0.050000,0.950000,0.000000
1708693827333855079,0.000000,0.000000,1.000000,0.000000
1708693827433925065,0.000000,0.000000,1.000000,0.000000
1708693827534001792,0.000000,0.000000,1.000000,0.000000
1708693827634079541,0.000000,0.000000,1.000000,0.000000
1708693827734148184,0.000000,0.050000,0.950000,0.000000
1708693827834232140,0.000000,0.000000,1.000000,0.000000
1708693827934304481,0.000000,0.000000,1.000000,0.000000
1708693828034361442,0.000000,0.000000,1.000000,0.000000
1708693828134443529,0.000000,0.000000,1.000000,0.000000
1708693828234519301,0.000000,0.000000,1.000000,0.000000
1708693828334559159,0.000000,0.000000,1.000000,0.000000
1708693828434643542,0.000000,0.000000,1.000000,0.000000
1708693828534712883,0.000000,0.000000,1.000000,0.000000
1708693828634786440,0.000000,0.000000,1.000000,0.000000
1708693828734847548,0.000000,0.000000,1.000000,0.000000
1708693828834907969,0.000000,0.000000,1.000000,0.000000
1708693828934962013,0.000000,0.000000,1.000000,0.000000
1708693829035040210,0.000000,0.000000,1.000000,0.000000
1708693829135105445,0.000000,0.000000,1.000000,0.000000
1708693829235192598,0.000000,0.000000,1.000000,0.000000
1708693829335227627,0.000000,0.000000,1.000000,0.000000
1708693829435321973,0.000000,0.050000,0.950000,0.000000
1708693829535394632,0.000000,0.000000,1.000000,0.000000
1708693829635476957,0.000000,0.050000,0.950000,0.000000
1708693829735481311,0.000000,0.000000,1.000000,0.000000
1708693829835581376,0.000000,0.000000,1.000000,0.000000
1708693829935642721,0.000000,0.000000,1.000000,0.000000
1708693830035727474,0.000000,0.000000,1.000000,0.000000
1708693830135804486,0.095238,0.095238,0.809524,0.000000
1708693830235918322,0.555556,0.222222,0.222222,0.000000
1708693830336219451,0.437500,0.375000,0.187500,0.000000
1708693830436266774,0.684211,0.315789,0.000000,0.000000
1708693830536334869,0.684211,0.315789,0.000000,0.000000
1708693830636401282,0.650000,0.350000,0.000000,0.000000
1708693830736452708,0.666667,0.333333,0.000000,0.000000
1708693830836537480,0.800000,0.200000,0.000000,0.000000
1708693830936652030,0.800000,0.200000,0.000000,0.000000
1708693831036730851,0.950000,0.050000,0.000000,0.000000
1708693831136862774,1.000000,0.000000,0.000000,0.000000
1708693831236887732,0.950000,0.050000,0.000000,0.000000
1708693831337020670,0.800000,0.150000,0.050000,0.000000
1708693831437117312,0.800000,0.100000,0.100000,0.000000
1708693831537194124,0.210526,0.105263,0.684211,0.000000
1708693831637219925,0.047619,0.047619,0.904762,0.000000
1708693831737260732,0.000000,0.000000,1.000000,0.000000
1708693831837306716,0.000000,0.000000,1.000000,0.000000
1708693831937418964,0.050000,0.050000,0.900000,0.000000
1708693832037518241,0.421053,0.157895,0.421053,0.000000
1708693832137638196,0.562500,0.312500,0.125000,0.000000
1708693832237742043,0.631579,0.210526,0.157895,0.000000
1708693832337838038,0.722222,0.277778,0.000000,0.000000
1708693832437940538,0.619048,0.380952,0.000000,0.000000
1708693832538033963,0.650000,0.350000,0.000000,0.000000
1708693832639171558,0.550000,0.450000,0.000000,0.000000
1708693832738934869,0.842105,0.157895,0.000000,0.000000
1708693832839023069,0.850000,0.150000,0.000000,0.000000
1708693832939117371,0.800000,0.200000,0.000000,0.000000
1708693833039214266,0.714286,0.285714,0.000000,0.000000
1708693833139313336,0.894737,0.105263,0.000000,0.000000
1708693833242412331,0.857143,0.095238,0.047619,0.000000
1708693833341536548,0.400000,0.150000,0.450000,0.000000
1708693833441623171,0.000000,0.052632,0.947368,0.000000
1708693833541692106,0.000000,0.000000,1.000000,0.000000
1708693833641782709,0.000000,0.000000,1.000000,0.000000
1708693833741860939,0.000000,0.050000,0.950000,0.000000
1708693833841874954,0.000000,0.000000,1.000000,0.000000
