Time,User,Kernel,Idle,IoWait
1708693814719844701,0.111111,0.000000,0.888889,0.000000
1708693814820892722,0.000000,0.000000,1.000000,0.000000
1708693814920662390,0.277778,0.055556,0.666667,0.000000
1708693815020681678,0.235294,0.235294,0.529412,0.000000
1708693815120788158,0.166667,0.333333,0.500000,0.000000
1708693815220882332,0.050000,0.100000,0.850000,0.000000
1708693815320978905,0.157895,0.315789,0.526316,0.000000
1708693815421117199,0.571429,0.333333,0.095238,0.000000
1708693815521265560,0.450000,0.450000,0.100000,0.000000
1708693815621383222,0.526316,0.421053,0.052632,0.000000
1708693815721505484,0.809524,0.190476,0.000000,0.000000
1708693815821634253,0.850000,0.150000,0.000000,0.000000
1708693815921765499,0.842105,0.157895,0.000000,0.000000
1708693816021890809,0.714286,0.285714,0.000000,0.000000
1708693816122001106,0.631579,0.315789,0.052632,0.000000
1708693816222088011,0.950000,0.050000,0.000000,0.000000
1708693816322156111,0.900000,0.100000,0.000000,0.000000
1708693816422426392,0.894737,0.105263,0.000000,0.000000
1708693816522416409,0.285714,0.190476,0.523810,0.000000
1708693816622666689,0.000000,0.052632,0.947368,0.000000
1708693816722695122,0.000000,0.000000,1.000000,0.000000
1708693816822727798,0.000000,0.000000,1.000000,0.000000
1708693816922810270,0.000000,0.000000,1.000000,0.000000
1708693817022956894,0.000000,0.000000,1.000000,0.000000
1708693817123057750,0.000000,0.000000,1.000000,0.000000
1708693817226143154,0.300000,0.150000,0.550000,0.000000
1708693817325197745,0.375000,0.375000,0.250000,0.000000
1708693817425335886,0.263158,0.421053,0.315789,0.000000
1708693817525427319,0.450000,0.400000,0.150000,0.000000
1708693817625476223,0.700000,0.300000,0.000000,0.000000
1708693817725593042,0.684211,0.210526,0.105263,0.000000
1708693817825698421,0.850000,0.150000,0.000000,0.000000
1708693817925796758,0.857143,0.095238,0.047619,0.000000
1708693818025810938,0.666667,0.166667,0.166667,0.000000
1708693818125889145,0.600000,0.300000,0.100000,0.000000
1708693818226003470,0.700000,0.300000,0.000000,0.000000
1708693818326101649,0.750000,0.150000,0.100000,0.000000
1708693818426189673,0.904762,0.095238,0.000000,0.000000
1708693818526284575,0.900000,0.050000,0.050000,0.000000
1708693818626345062,0.526316,0.105263,0.368421,0.000000
1708693818726429636,0.052632,0.052632,0.894737,0.000000
1708693818826493493,0.000000,0.000000,1.000000,0.000000
1708693818926572468,0.000000,0.000000,1.000000,0.000000
1708693819026651776,0.050000,0.050000,0.900000,0.000000
1708693819130334934,0.285714,0.047619,0.666667,0.000000
1708693819229204735,0.437500,0.312500,0.250000,0.000000
1708693819329322802,0.375000,0.250000,0.375000,0.000000
1708693819429427131,0.600000,0.400000,0.000000,0.000000
1708693819529534233,0.631579,0.368421,0.000000,0.000000
1708693819629618735,0.750000,0.250000,0.000000,0.000000
1708693819729660401,0.700000,0.300000,0.000000,0.000000
1708693819829754508,0.857143,0.095238,0.047619,0.000000
1708693819929819182,0.800000,0.200000,0.000000,0.000000
1708693820029869914,0.894737,0.105263,0.000000,0.000000
1708693820129948203,0.857143,0.142857,0.000000,0.000000
1708693820230011931,0.850000,0.150000,0.000000,0.000000
1708693820330093838,0.950000,0.050000,0.000000,0.000000
1708693820430154243,0.842105,0.105263,0.052632,0.000000
1708693820530249650,0.105263,0.105263,0.789474,0.000000
1708693820630351857,0.000000,0.000000,1.000000,0.000000
1708693820730422444,0.000000,0.000000,1.000000,0.000000
1708693820830504223,0.000000,0.050000,0.950000,0.000000
1708693820930576516,0.000000,0.000000,1.000000,0.000000
1708693821030612206,0.000000,0.000000,1.000000,0.000000
1708693821130673472,0.000000,0.000000,1.000000,0.000000
1708693821230757771,0.000000,0.000000,1.000000,0.000000
1708693821330800767,0.000000,0.000000,1.000000,0.000000
1708693821430891627,0.000000,0.000000,1.000000,0.000000
1708693821530929994,0.000000,0.000000,1.000000,0.000000
1708693821631018172,0.000000,0.000000,1.000000,0.000000
1708693821731081976,0.000000,0.000000,1.000000,0.000000
1708693821831167196,0.000000,0.000000,1.000000,0.000000
1708693821931237231,0.000000,0.000000,1.000000,0.000000
1708693822031268594,0.000000,0.000000,1.000000,0.000000
1708693822131363132,0.000000,0.000000,1.000000,0.000000
1708693822231434500,0.050000,0.000000,0.950000,0.000000
1708693822331508178,0.000000,0.000000,1.000000,0.000000
1708693822431543161,0.000000,0.000000,1.000000,0.000000
1708693822531633917,0.000000,0.000000,1.000000,0.000000
1708693822631707650,0.000000,0.000000,1.000000,0.000000
1708693822731751635,0.000000,0.000000,1.000000,0.000000
1708693822831830928,0.000000,0.000000,1.000000,0.000000
1708693822931867274,0.000000,0.000000,1.000000,0.000000
1708693823031954380,0.000000,0.000000,1.000000,0.000000
1708693823132011614,0.000000,0.000000,1.000000,0.000000
1708693823232095534,0.000000,0.000000,1.000000,0.000000
1708693823332134775,0.000000,0.000000,1.000000,0.000000
1708693823432224503,0.000000,0.000000,1.000000,0.000000
1708693823532299231,0.000000,0.000000,1.000000,0.000000
1708693823632344021,0.000000,0.000000,1.000000,0.000000
1708693823732424195,0.000000,0.000000,1.000000,0.000000
1708693823832490768,0.000000,0.000000,1.000000,0.000000
1708693823932570612,0.000000,0.000000,1.000000,0.000000
1708693824032619616,0.000000,0.000000,1.000000,0.000000
1708693824132704400,0.000000,0.000000,1.000000,0.000000
1708693824232776851,0.000000,0.000000,1.000000,0.000000
1708693824332817347,0.000000,0.000000,1.000000,0.000000
1708693824432870431,0.000000,0.000000,1.000000,0.000000
1708693824532958845,0.000000,0.000000,1.000000,0.000000
1708693824633017907,0.000000,0.000000,1.000000,0.000000
1708693824733088215,0.000000,0.000000,1.000000,0.000000
1708693824833114897,0.000000,0.000000,1.000000,0.000000
1708693824933211450,0.000000,0.000000,1.000000,0.000000
1708693825033261812,0.000000,0.000000,1.000000,0.000000
1708693825133348411,0.000000,0.000000,1.000000,0.000000
1708693825233393040,0.000000,0.000000,1.000000,0.000000
1708693825333480927,0.000000,0.000000,1.000000,0.000000
1708693825433530321,0.000000,0.000000,1.000000,0.000000
1708693825533615432,0.000000,0.000000,1.000000,0.000000
1708693825633686025,0.000000,0.000000,1.000000,0.000000
1708693825733732238,0.000000,0.000000,1.000000,0.000000
1708693825833817459,0.000000,0.050000,0.950000,0.000000
1708693825933890984,0.000000,0.000000,1.000000,0.000000
1708693826033944907,0.000000,0.000000,1.000000,0.000000
1708693826134001878,0.000000,0.000000,1.000000,0.000000
1708693826234087329,0.000000,0.000000,1.000000,0.000000
1708693826334135866,0.000000,0.000000,1.000000,0.000000
1708693826434218338,0.000000,0.000000,1.000000,0.000000
1708693826534291421,0.000000,0.000000,1.000000,0.000000
1708693826634366073,0.000000,0.000000,1.000000,0.000000
1708693826734423139,0.000000,0.000000,1.000000,0.000000
1708693826834468074,0.000000,0.000000,1.000000,0.000000
1708693826934558197,0.000000,0.000000,1.000000,0.000000
1708693827034631564,0.000000,0.000000,1.000000,0.000000
1708693827134675104,0.000000,0.000000,1.000000,0.000000
1708693827234729585,0.000000,0.000000,1.000000,0.000000
1708693827334819078,0.000000,0.000000,1.000000,0.000000
1708693827434871479,0.000000,0.000000,1.000000,0.000000
1708693827534951213,0.000000,0.000000,1.000000,0.000000
1708693827635027654,0.000000,0.000000,1.000000,0.000000
1708693827735077499,0.000000,0.000000,1.000000,0.000000
1708693827835160350,0.000000,0.000000,1.000000,0.000000
1708693827935209582,0.000000,0.000000,1.000000,0.000000
1708693828035281139,0.000000,0.000000,1.000000,0.000000
1708693828135361160,0.000000,0.000000,1.000000,0.000000
1708693828235435814,0.000000,0.000000,1.000000,0.000000
1708693828335480871,0.000000,0.000000,1.000000,0.000000
1708693828435561405,0.000000,0.000000,1.000000,0.000000
1708693828535598498,0.000000,0.000000,1.000000,0.000000
1708693828635685663,0.000000,0.000000,1.000000,0.000000
1708693828735748683,0.000000,0.000000,1.000000,0.000000
1708693828835821698,0.000000,0.000000,1.000000,0.000000
1708693828935902481,0.000000,0.000000,1.000000,0.000000
1708693829035975120,0.000000,0.000000,1.000000,0.000000
1708693829136011499,0.000000,0.000000,1.000000,0.000000
1708693829236060706,0.000000,0.000000,1.000000,0.000000
1708693829336152510,0.000000,0.000000,1.000000,0.000000
1708693829436218677,0.000000,0.000000,1.000000,0.000000
1708693829536295603,0.000000,0.000000,1.000000,0.000000
1708693829636349742,0.000000,0.000000,1.000000,0.000000
1708693829736431831,0.000000,0.000000,1.000000,0.000000
1708693829836489736,0.000000,0.000000,1.000000,0.000000
1708693829936519214,0.000000,0.000000,1.000000,0.000000
1708693830036652092,0.000000,0.000000,1.000000,0.000000
1708693830136694816,0.150000,0.000000,0.850000,0.000000
1708693830241764588,0.470588,0.235294,0.294118,0.000000
1708693830340233832,0.588235,0.294118,0.117647,0.000000
1708693830440275404,0.500000,0.400000,0.100000,0.000000
1708693830540376036,0.650000,0.350000,0.000000,0.000000
1708693830640418716,0.600000,0.400000,0.000000,0.000000
1708693830740522227,0.650000,0.350000,0.000000,0.000000
1708693830840637833,0.800000,0.200000,0.000000,0.000000
1708693830940669530,0.900000,0.100000,0.000000,0.000000
1708693831040760688,0.900000,0.100000,0.000000,0.000000
1708693831140861949,0.900000,0.100000,0.000000,0.000000
1708693831240905803,0.950000,0.050000,0.000000,0.000000
1708693831341029221,0.842105,0.105263,0.052632,0.000000
1708693831441154267,0.714286,0.238095,0.047619,0.000000
1708693831541206444,0.222222,0.055556,0.722222,0.000000
1708693831641284929,0.000000,0.050000,0.950000,0.000000
1708693831741344776,0.000000,0.000000,1.000000,0.000000
1708693831841434320,0.000000,0.000000,1.000000,0.000000
1708693831941510454,0.052632,0.052632,0.894737,0.000000
1708693832041605477,0.388889,0.055556,0.555556,0.000000
1708693832141657914,0.642857,0.357143,0.000000,0.000000
1708693832241760445,0.500000,0.350000,0.150000,0.000000
1708693832341825298,0.600000,0.400000,0.000000,0.000000
1708693832444402059,0.650000,0.350000,0.000000,0.000000
1708693832543647551,0.700000,0.300000,0.000000,0.000000
1708693832643763463,0.800000,0.200000,0.000000,0.000000
1708693832743865034,0.750000,0.250000,0.000000,0.000000
1708693832843962446,0.850000,0.150000,0.000000,0.000000
1708693832944068051,0.842105,0.157895,0.000000,0.000000
1708693833044163950,0.809524,0.190476,0.000000,0.000000
1708693833144267943,0.894737,0.105263,0.000000,0.000000
1708693833244373138,0.809524,0.190476,0.000000,0.000000
1708693833344508258,0.473684,0.052632,0.473684,0.000000
1708693833444559364,0.105263,0.052632,0.842105,0.000000
1708693833544645620,0.000000,0.000000,1.000000,0.000000
1708693833644707529,0.000000,0.052632,0.947368,0.000000
1708693833744742550,0.000000,0.000000,1.000000,0.000000
