Time,User,Kernel,Idle,IoWait
1707464035418894027,0.263158,0.157895,0.578947,0.000000
1707464035518979860,0.000000,0.000000,1.000000,0.000000
1707464035619071250,0.157895,0.000000,0.842105,0.000000
1707464035719170063,0.190476,0.000000,0.809524,0.000000
1707464035819335423,0.000000,0.000000,1.000000,0.000000
1707464035919492515,0.210526,0.105263,0.684211,0.000000
1707464036019505786,0.055556,0.111111,0.833333,0.000000
1707464036119636699,0.052632,0.052632,0.894737,0.000000
1707464036219764999,0.000000,0.055556,0.944444,0.000000
1707464036319874383,0.350000,0.150000,0.500000,0.000000
1707464036420001126,0.650000,0.300000,0.050000,0.000000
1707464036520126383,0.700000,0.300000,0.000000,0.000000
1707464036620248572,0.700000,0.300000,0.000000,0.000000
1707464036720378637,0.809524,0.190476,0.000000,0.000000
1707464036820512814,0.894737,0.105263,0.000000,0.000000
1707464036920636438,0.800000,0.200000,0.000000,0.000000
1707464037020766145,0.950000,0.050000,0.000000,0.000000
1707464037120907722,0.950000,0.050000,0.000000,0.000000
1707464037221020749,0.904762,0.095238,0.000000,0.000000
1707464037321808826,0.944444,0.000000,0.055556,0.000000
1707464037421701751,0.100000,0.100000,0.800000,0.000000
1707464037521794745,0.000000,0.000000,1.000000,0.000000
1707464037621878486,0.000000,0.047619,0.952381,0.000000
1707464037721978083,0.052632,0.052632,0.894737,0.000000
1707464037822068760,0.000000,0.047619,0.952381,0.000000
1707464037922150623,0.000000,0.000000,1.000000,0.000000
1707464038022222026,0.000000,0.000000,1.000000,0.000000
1707464038122292125,0.000000,0.000000,1.000000,0.000000
1707464038222380676,0.277778,0.000000,0.722222,0.000000
1707464038322508701,0.350000,0.050000,0.600000,0.000000
1707464038422632495,0.200000,0.266667,0.533333,0.000000
1707464038522759694,0.166667,0.111111,0.722222,0.000000
1707464038622865326,0.052632,0.157895,0.789474,0.000000
1707464038722980911,0.500000,0.300000,0.200000,0.000000
1707464038823109839,0.736842,0.263158,0.000000,0.000000
1707464038923229516,0.619048,0.380952,0.000000,0.000000
1707464039023354319,0.700000,0.300000,0.000000,0.000000
1707464039123478885,0.950000,0.050000,0.000000,0.000000
1707464039223601965,0.842105,0.157895,0.000000,0.000000
1707464039323724970,0.904762,0.095238,0.000000,0.000000
1707464039423848489,1.000000,0.000000,0.000000,0.000000
1707464039523984167,0.952381,0.047619,0.000000,0.000000
1707464039624094301,0.900000,0.100000,0.000000,0.000000
1707464039724208199,0.450000,0.050000,0.500000,0.000000
1707464039824299448,0.052632,0.052632,0.894737,0.000000
1707464039924392925,0.000000,0.000000,1.000000,0.000000
1707464040024474121,0.000000,0.000000,1.000000,0.000000
1707464040124534817,0.000000,0.000000,1.000000,0.000000
1707464040224606880,0.000000,0.000000,1.000000,0.000000
1707464040324711674,0.315789,0.000000,0.684211,0.000000
1707464040424831791,0.315789,0.052632,0.631579,0.000000
1707464040524927673,0.315789,0.368421,0.315789,0.000000
1707464040625167716,0.210526,0.210526,0.578947,0.000000
1707464040725268942,0.500000,0.300000,0.200000,0.000000
1707464040825401350,0.700000,0.300000,0.000000,0.000000
1707464040925560257,0.650000,0.350000,0.000000,0.000000
1707464041025700823,0.650000,0.350000,0.000000,0.000000
1707464041125837781,0.850000,0.150000,0.000000,0.000000
1707464041225986468,0.950000,0.050000,0.000000,0.000000
1707464041326125957,0.950000,0.050000,0.000000,0.000000
1707464041426251163,1.000000,0.000000,0.000000,0.000000
1707464041526386481,0.950000,0.050000,0.000000,0.000000
1707464041626411849,0.950000,0.050000,0.000000,0.000000
1707464041726541018,0.400000,0.000000,0.600000,0.000000
1707464041826649806,0.100000,0.050000,0.850000,0.000000
1707464041926754790,0.050000,0.050000,0.900000,0.000000
1707464042026842095,0.000000,0.000000,1.000000,0.000000
1707464042126922391,0.000000,0.000000,1.000000,0.000000
1707464042226950690,0.000000,0.000000,1.000000,0.000000
1707464042327036649,0.000000,0.000000,1.000000,0.000000
1707464042427132912,0.350000,0.050000,0.600000,0.000000
1707464042527243239,0.350000,0.200000,0.450000,0.000000
1707464042627354822,0.277778,0.611111,0.111111,0.000000
1707464042727462657,0.333333,0.444444,0.222222,0.000000
1707464042827594689,0.600000,0.300000,0.100000,0.000000
1707464042927716262,0.650000,0.350000,0.000000,0.000000
1707464043027838366,0.850000,0.150000,0.000000,0.000000
1707464043127953649,0.850000,0.150000,0.000000,0.000000
1707464043228073846,0.900000,0.100000,0.000000,0.000000
1707464043328192484,0.900000,0.100000,0.000000,0.000000
1707464043428307584,0.950000,0.050000,0.000000,0.000000
1707464043528420503,0.900000,0.100000,0.000000,0.000000
1707464043628526741,1.000000,0.000000,0.000000,0.000000
1707464043728639446,0.550000,0.050000,0.400000,0.000000
1707464043828734887,0.052632,0.052632,0.894737,0.000000
1707464043928825232,0.050000,0.050000,0.900000,0.000000
1707464044028916072,0.000000,0.000000,1.000000,0.000000
1707464044128992794,0.000000,0.000000,1.000000,0.000000
1707464044229053112,0.000000,0.000000,1.000000,0.000000
1707464044329126295,0.000000,0.000000,1.000000,0.000000
1707464044429223552,0.000000,0.000000,1.000000,0.000000
1707464044529287654,0.000000,0.000000,1.000000,0.000000
1707464044629354556,0.000000,0.000000,1.000000,0.000000
1707464044729468694,0.200000,0.050000,0.750000,0.000000
1707464044829579068,0.277778,0.055556,0.666667,0.000000
1707464044929678732,0.444444,0.500000,0.055556,0.000000
1707464045029807523,0.473684,0.421053,0.105263,0.000000
1707464045129924998,0.578947,0.421053,0.000000,0.000000
1707464045230051421,0.650000,0.350000,0.000000,0.000000
1707464045330174435,0.619048,0.333333,0.047619,0.000000
1707464045430302009,0.789474,0.210526,0.000000,0.000000
1707464045530430797,0.809524,0.190476,0.000000,0.000000
1707464045630555340,0.950000,0.050000,0.000000,0.000000
1707464045730680856,1.000000,0.000000,0.000000,0.000000
1707464045830823646,0.952381,0.047619,0.000000,0.000000
1707464045930939820,0.952381,0.047619,0.000000,0.000000
1707464046031045100,0.631579,0.052632,0.315789,0.000000
1707464046131161646,0.000000,0.052632,0.947368,0.000000
1707464046231261994,0.052632,0.000000,0.947368,0.000000
1707464046331350234,0.000000,0.000000,1.000000,0.000000
1707464046431447073,0.000000,0.000000,1.000000,0.000000
1707464046531509622,0.000000,0.000000,1.000000,0.000000
1707464046631598540,0.157895,0.052632,0.789474,0.000000
1707464046731711573,0.380952,0.047619,0.571429,0.000000
1707464046831832842,0.437500,0.375000,0.187500,0.000000
1707464046931995614,0.450000,0.400000,0.150000,0.000000
1707464047032086851,0.600000,0.400000,0.000000,0.000000
1707464047132225752,0.700000,0.300000,0.000000,0.000000
1707464047232358521,0.700000,0.300000,0.000000,0.000000
1707464047332482977,0.789474,0.210526,0.000000,0.000000
1707464047432592482,0.904762,0.095238,0.000000,0.000000
1707464047532716930,0.950000,0.050000,0.000000,0.000000
1707464047632834545,0.947368,0.052632,0.000000,0.000000
1707464047732956257,1.000000,0.000000,0.000000,0.000000
1707464047833083338,0.900000,0.100000,0.000000,0.000000
1707464047933200514,0.500000,0.050000,0.450000,0.000000
1707464048033293150,0.100000,0.150000,0.750000,0.000000
1707464048133387833,0.000000,0.000000,1.000000,0.000000
1707464048233471611,0.000000,0.000000,1.000000,0.000000
1707464048333551966,0.000000,0.000000,1.000000,0.000000
1707464048433627054,0.000000,0.000000,1.000000,0.250000
1707464048533760229,0.105263,0.000000,0.894737,0.000000
1707464048633934731,0.421053,0.052632,0.526316,0.000000
1707464048734020199,0.411765,0.411765,0.176471,0.000000
1707464048834138512,0.500000,0.300000,0.200000,0.000000
1707464048934263265,0.650000,0.350000,0.000000,0.000000
1707464049034387734,0.800000,0.200000,0.000000,0.000000
1707464049134502666,0.761905,0.238095,0.000000,0.000000
1707464049234628210,0.631579,0.368421,0.000000,0.000000
1707464049334708825,0.904762,0.095238,0.000000,0.000000
1707464049434864222,1.000000,0.000000,0.000000,0.000000
1707464049534985431,1.000000,0.000000,0.000000,0.000000
1707464049635102422,0.950000,0.050000,0.000000,0.000000
1707464049735228623,1.000000,0.000000,0.000000,0.000000
1707464049835350847,0.789474,0.052632,0.157895,0.000000
1707464049935441268,0.050000,0.000000,0.950000,0.000000
1707464050035538942,0.100000,0.100000,0.800000,0.000000
1707464050135639006,0.000000,0.000000,1.000000,0.000000
1707464050235720222,0.000000,0.000000,1.000000,0.000000
1707464050335806761,0.000000,0.000000,1.000000,0.000000
1707464050435871193,0.000000,0.000000,1.000000,0.000000
1707464050535955827,0.000000,0.000000,1.000000,0.000000
1707464050636058018,0.200000,0.050000,0.750000,0.000000
1707464050736167361,0.300000,0.050000,0.650000,0.000000
1707464050836300913,0.210526,0.210526,0.578947,0.000000
1707464050936397641,0.352941,0.352941,0.294118,0.000000
1707464051036519127,0.473684,0.421053,0.105263,0.000000
1707464051136641470,0.700000,0.300000,0.000000,0.000000
1707464051236771104,0.750000,0.250000,0.000000,0.000000
1707464051336884407,0.636364,0.318182,0.045455,0.000000
1707464051437010755,0.789474,0.210526,0.000000,0.000000
1707464051537134349,0.750000,0.250000,0.000000,0.000000
1707464051637260698,0.761905,0.238095,0.000000,0.000000
1707464051737391356,1.000000,0.000000,0.000000,0.000000
1707464051837509005,0.947368,0.052632,0.000000,0.000000
1707464051937628040,0.950000,0.050000,0.000000,0.000000
1707464052037730657,0.684211,0.105263,0.210526,0.000000
1707464052137846080,0.000000,0.000000,1.000000,0.000000
1707464052237942254,0.000000,0.100000,0.900000,0.000000
1707464052338030171,0.000000,0.000000,1.000000,0.000000
1707464052438100959,0.000000,0.000000,1.000000,0.000000
1707464052538174995,0.000000,0.000000,1.000000,0.000000
1707464052638272140,0.315789,0.000000,0.684211,0.000000
1707464052738377221,0.428571,0.190476,0.380952,0.000000
1707464052838455359,0.266667,0.666667,0.066667,0.000000
1707464052938566124,0.450000,0.350000,0.200000,0.000000
1707464053038689193,0.571429,0.428571,0.000000,0.000000
1707464053138829405,0.736842,0.263158,0.000000,0.000000
1707464053238939127,0.750000,0.250000,0.000000,0.000000
1707464053339051714,0.800000,0.200000,0.000000,0.000000
1707464053439167010,0.900000,0.100000,0.000000,0.000000
1707464053539286848,1.000000,0.000000,0.000000,0.000000
1707464053639402621,0.900000,0.100000,0.000000,0.000000
1707464053739515701,1.000000,0.000000,0.000000,0.000000
1707464053839651644,0.947368,0.000000,0.052632,0.000000
1707464053939746524,0.350000,0.050000,0.600000,0.000000
1707464054039855486,0.047619,0.190476,0.761905,0.000000
1707464054139946073,0.000000,0.000000,1.000000,0.000000
1707464054240020919,0.000000,0.000000,1.000000,0.000000
1707464054340119032,0.150000,0.050000,0.800000,0.000000
1707464054440228840,0.052632,0.000000,0.947368,0.000000
1707464054540439261,0.000000,0.000000,1.000000,0.000000
1707464054640551654,0.095238,0.095238,0.809524,0.000000
1707464054740618661,0.350000,0.050000,0.600000,0.000000
1707464054840737638,0.450000,0.300000,0.250000,0.000000
1707464054940901132,0.294118,0.470588,0.235294,0.000000
1707464055040998955,0.700000,0.250000,0.050000,0.000000
1707464055141116543,0.750000,0.250000,0.000000,0.000000
1707464055241247164,0.631579,0.368421,0.000000,0.000000
1707464055341348815,0.904762,0.095238,0.000000,0.000000
1707464055441469641,0.850000,0.150000,0.000000,0.000000
1707464055541585486,0.800000,0.200000,0.000000,0.000000
1707464055641697562,1.000000,0.000000,0.000000,0.000000
1707464055741819121,0.950000,0.050000,0.000000,0.000000
1707464055841933545,0.950000,0.050000,0.000000,0.000000
1707464055942584238,0.950000,0.000000,0.050000,0.000000
1707464056042503898,0.350000,0.100000,0.550000,0.000000
1707464056142574952,0.050000,0.050000,0.900000,0.000000
1707464056242652220,0.000000,0.050000,0.950000,0.000000
1707464056342663412,0.000000,0.000000,1.000000,0.000000
1707464056442715411,0.000000,0.000000,1.000000,0.000000
1707464056542799867,0.000000,0.000000,1.000000,0.000000
1707464056642868401,0.000000,0.000000,1.000000,0.000000
1707464056742941580,0.000000,0.000000,1.000000,0.000000
1707464056843037886,0.000000,0.000000,1.000000,0.000000
1707464056943096905,0.000000,0.000000,1.000000,0.000000
1707464057043162262,0.000000,0.000000,1.000000,0.000000
1707464057143234671,0.000000,0.000000,1.000000,0.000000
1707464057243304494,0.000000,0.000000,1.000000,0.000000
1707464057343372606,0.000000,0.000000,1.000000,0.000000
1707464057443440801,0.000000,0.000000,1.000000,0.000000
1707464057543470479,0.000000,0.000000,1.000000,0.000000
1707464057643562423,0.000000,0.000000,1.000000,0.000000
1707464057743636127,0.000000,0.000000,1.000000,0.000000
1707464057843703544,0.000000,0.000000,1.000000,0.000000
1707464057943802955,0.000000,0.000000,1.000000,0.000000
1707464058043868753,0.000000,0.000000,1.000000,0.000000
1707464058143934721,0.000000,0.000000,1.000000,0.000000
1707464058244011586,0.000000,0.000000,1.000000,0.000000
1707464058344086866,0.000000,0.000000,1.000000,0.000000
1707464058444165171,0.000000,0.090909,0.909091,0.818182
1707464058544267401,0.000000,0.083333,0.916667,0.750000
1707464058644354423,0.000000,0.000000,1.000000,0.818182
1707464058744463712,0.000000,0.000000,1.000000,0.176471
1707464058844551628,0.000000,0.000000,1.000000,0.000000
1707464058944616263,0.000000,0.000000,1.000000,0.000000
1707464059044681873,0.000000,0.000000,1.000000,0.000000
1707464059144756475,0.000000,0.000000,1.000000,0.000000
1707464059244841859,0.000000,0.000000,1.000000,0.000000
1707464059344914139,0.000000,0.000000,1.000000,0.000000
1707464059444988252,0.000000,0.000000,1.000000,0.000000
1707464059545059996,0.000000,0.000000,1.000000,0.000000
1707464059645130283,0.000000,0.000000,1.000000,0.000000
1707464059745238880,0.000000,0.000000,1.000000,0.000000
1707464059845299418,0.000000,0.000000,1.000000,0.000000
1707464059945368858,0.000000,0.000000,1.000000,0.000000
1707464060045442998,0.000000,0.000000,1.000000,0.000000
1707464060145544632,0.000000,0.000000,1.000000,0.000000
1707464060245600403,0.000000,0.000000,1.000000,0.000000
1707464060345667904,0.000000,0.000000,1.000000,0.000000
1707464060445733175,0.000000,0.000000,1.000000,0.000000
1707464060545804767,0.000000,0.000000,1.000000,0.000000
1707464060645876989,0.000000,0.000000,1.000000,0.000000
1707464060745947998,0.000000,0.000000,1.000000,0.000000
1707464060846021150,0.000000,0.000000,1.000000,0.000000
1707464060946089098,0.000000,0.000000,1.000000,0.000000
1707464061046176158,0.000000,0.000000,1.000000,0.000000
1707464061146243859,0.000000,0.000000,1.000000,0.000000
1707464061246316961,0.000000,0.000000,1.000000,0.000000
1707464061346398831,0.000000,0.000000,1.000000,0.000000
1707464061446469940,0.000000,0.000000,1.000000,0.000000
1707464061546546907,0.000000,0.000000,1.000000,0.000000
1707464061646620160,0.000000,0.000000,1.000000,0.000000
1707464061746695348,0.000000,0.000000,1.000000,0.000000
1707464061846710900,0.047619,0.000000,0.952381,0.000000
1707464061946792940,0.000000,0.000000,1.000000,0.000000
1707464062046863188,0.000000,0.000000,1.000000,0.000000
1707464062146931565,0.000000,0.000000,1.000000,0.000000
1707464062246996468,0.000000,0.000000,1.000000,0.000000
1707464062347061483,0.000000,0.000000,1.000000,0.000000
1707464062447126578,0.000000,0.000000,1.000000,0.000000
1707464062547193369,0.000000,0.000000,1.000000,0.000000
1707464062647258812,0.000000,0.000000,1.000000,0.000000
1707464062747323512,0.000000,0.000000,1.000000,0.000000
1707464062847389834,0.000000,0.000000,1.000000,0.000000
1707464062947468673,0.000000,0.000000,1.000000,0.000000
1707464063047543764,0.000000,0.000000,1.000000,0.000000
1707464063147619036,0.000000,0.000000,1.000000,0.000000
1707464063247687030,0.000000,0.000000,1.000000,0.000000
1707464063347762664,0.000000,0.000000,1.000000,0.000000
1707464063447831353,0.000000,0.000000,1.000000,0.000000
1707464063547910426,0.000000,0.000000,1.000000,0.000000
1707464063647977093,0.000000,0.000000,1.000000,0.000000
1707464063748060677,0.000000,0.000000,1.000000,0.117647
1707464063848113595,0.000000,0.076923,0.923077,0.538462
1707464063948310021,0.000000,0.000000,1.000000,0.818182
1707464064048324469,0.000000,0.083333,0.916667,0.750000
1707464064148460750,0.000000,0.000000,1.000000,0.900000
1707464064248567177,0.000000,0.000000,1.000000,0.333333
1707464064348653821,0.000000,0.000000,1.000000,0.000000
1707464064448715608,0.000000,0.000000,1.000000,0.000000
1707464064548783914,0.000000,0.000000,1.000000,0.000000
1707464064648852276,0.000000,0.000000,1.000000,0.000000
1707464064748919408,0.000000,0.000000,1.000000,0.000000
1707464064848998578,0.000000,0.000000,1.000000,0.000000
1707464064949081976,0.000000,0.000000,1.000000,0.000000
1707464065049166201,0.000000,0.000000,1.000000,0.000000
1707464065149226206,0.000000,0.000000,1.000000,0.000000
1707464065249301371,0.000000,0.000000,1.000000,0.000000
1707464065349376774,0.000000,0.000000,1.000000,0.000000
1707464065449445713,0.000000,0.000000,1.000000,0.000000
1707464065549527940,0.000000,0.000000,1.000000,0.000000
1707464065649602524,0.000000,0.000000,1.000000,0.000000
1707464065749667108,0.000000,0.000000,1.000000,0.000000
1707464065849745728,0.000000,0.000000,1.000000,0.000000
1707464065949815895,0.000000,0.000000,1.000000,0.000000
1707464066049886985,0.000000,0.000000,1.000000,0.000000
1707464066149955131,0.000000,0.000000,1.000000,0.000000
1707464066250022910,0.000000,0.000000,1.000000,0.000000
1707464066350087890,0.000000,0.000000,1.000000,0.000000
1707464066450153620,0.000000,0.000000,1.000000,0.000000
1707464066550221102,0.000000,0.000000,1.000000,0.000000
1707464066650285768,0.000000,0.000000,1.000000,0.000000
1707464066750351500,0.000000,0.000000,1.000000,0.000000
1707464066850417903,0.000000,0.000000,1.000000,0.000000
1707464066950483195,0.000000,0.000000,1.000000,0.000000
1707464067050549704,0.000000,0.000000,1.000000,0.000000
1707464067150615659,0.000000,0.000000,1.000000,0.000000
1707464067250680781,0.000000,0.000000,1.000000,0.000000
1707464067350709371,0.000000,0.000000,1.000000,0.000000
1707464067450788790,0.000000,0.000000,1.000000,0.000000
1707464067550854194,0.000000,0.000000,1.000000,0.000000
1707464067650926871,0.000000,0.000000,1.000000,0.000000
1707464067750995186,0.000000,0.000000,1.000000,0.000000
1707464067851058319,0.000000,0.000000,1.000000,0.000000
1707464067951123878,0.000000,0.000000,1.000000,0.000000
1707464068051190264,0.000000,0.000000,1.000000,0.000000
1707464068151256767,0.000000,0.000000,1.000000,0.000000
1707464068251321378,0.000000,0.000000,1.000000,0.000000
1707464068351386033,0.000000,0.000000,1.000000,0.000000
1707464068451451264,0.000000,0.000000,1.000000,0.000000
1707464068551523982,0.000000,0.000000,1.000000,0.000000
