Time,User,Kernel,Idle,IoWait
1708693814717783158,0.105263,0.052632,0.842105,0.000000
1708693814817935392,0.105263,0.052632,0.842105,0.000000
1708693814917952215,0.210526,0.000000,0.789474,0.000000
1708693815018154165,0.235294,0.294118,0.470588,0.000000
1708693815118146352,0.166667,0.111111,0.722222,0.000000
1708693815218317710,0.111111,0.055556,0.833333,0.000000
1708693815318393090,0.052632,0.052632,0.894737,0.000000
1708693815418490186,0.000000,0.000000,1.000000,0.000000
1708693815518565743,0.315789,0.157895,0.526316,0.000000
1708693815618693576,0.700000,0.300000,0.000000,0.000000
1708693815718823481,0.650000,0.350000,0.000000,0.000000
1708693815818890051,0.750000,0.250000,0.000000,0.000000
1708693815919031995,0.666667,0.333333,0.000000,0.000000
1708693816019144837,0.842105,0.157895,0.000000,0.000000
1708693816119265608,0.900000,0.100000,0.000000,0.000000
1708693816219377182,0.904762,0.095238,0.000000,0.000000
1708693816319500901,0.950000,0.050000,0.000000,0.000000
1708693816419607496,0.947368,0.052632,0.000000,0.000000
1708693816520737469,0.904762,0.095238,0.000000,0.000000
1708693816620432206,0.777778,0.000000,0.222222,0.000000
1708693816720528369,0.105263,0.052632,0.842105,0.000000
1708693816820587825,0.000000,0.000000,1.000000,0.000000
1708693816920613089,0.000000,0.000000,1.000000,0.000000
1708693817020698865,0.000000,0.050000,0.950000,0.000000
1708693817120763316,0.000000,0.000000,1.000000,0.000000
1708693817220841030,0.300000,0.100000,0.600000,0.000000
1708693817320929201,0.266667,0.266667,0.466667,0.000000
1708693817421043998,0.187500,0.375000,0.437500,0.000000
1708693817521147153,0.400000,0.350000,0.250000,0.000000
1708693817621229280,0.700000,0.300000,0.000000,0.000000
1708693817721260289,0.800000,0.200000,0.000000,0.000000
1708693817821332257,0.700000,0.300000,0.000000,0.000000
1708693817921426071,0.600000,0.350000,0.050000,0.000000
1708693818021568662,0.850000,0.150000,0.000000,0.000000
1708693818121711841,0.900000,0.100000,0.000000,0.000000
1708693818221859049,0.850000,0.150000,0.000000,0.000000
1708693818321993231,0.900000,0.100000,0.000000,0.000000
1708693818422121023,0.900000,0.100000,0.000000,0.000000
1708693818522237466,0.900000,0.100000,0.000000,0.000000
1708693818622265333,0.500000,0.150000,0.350000,0.000000
1708693818722401532,0.052632,0.052632,0.894737,0.000000
1708693818822487281,0.000000,0.000000,1.000000,0.000000
1708693818922504887,0.000000,0.000000,1.000000,0.000000
1708693819022619068,0.000000,0.000000,1.000000,0.000000
1708693819123356564,0.368421,0.105263,0.526316,0.000000
1708693819223237569,0.428571,0.500000,0.071429,0.000000
1708693819323283217,0.545455,0.318182,0.136364,0.000000
1708693819423348443,0.526316,0.473684,0.000000,0.000000
1708693819523434430,0.857143,0.142857,0.000000,0.000000
1708693819623587355,0.700000,0.300000,0.000000,0.000000
1708693819723658689,0.800000,0.200000,0.000000,0.000000
1708693819823754967,0.947368,0.052632,0.000000,0.000000
1708693819923851438,0.857143,0.142857,0.000000,0.000000
1708693820023937074,1.000000,0.000000,0.000000,0.000000
1708693820124049598,1.000000,0.000000,0.000000,0.000000
1708693820224171874,0.950000,0.050000,0.000000,0.000000
1708693820324287662,0.947368,0.052632,0.000000,0.000000
1708693820424421989,0.578947,0.000000,0.421053,0.000000
1708693820524434802,0.000000,0.055556,0.944444,0.000000
1708693820624519004,0.000000,0.000000,1.000000,0.000000
1708693820724598800,0.000000,0.050000,0.950000,0.000000
1708693820824717662,0.000000,0.000000,1.000000,0.000000
1708693820924763828,0.000000,0.000000,1.000000,0.000000
1708693821024876956,0.000000,0.000000,1.000000,0.000000
1708693821124960477,0.000000,0.000000,1.000000,0.000000
1708693821225070897,0.000000,0.000000,1.000000,0.000000
1708693821325148178,0.000000,0.050000,0.950000,0.000000
1708693821425217528,0.000000,0.000000,1.000000,0.000000
1708693821525228626,0.000000,0.000000,1.000000,0.000000
1708693821625286205,0.000000,0.000000,1.000000,0.000000
1708693821725392328,0.000000,0.000000,1.000000,0.000000
1708693821825432043,0.000000,0.000000,1.000000,0.000000
1708693821925512168,0.000000,0.000000,1.000000,0.000000
1708693822025574451,0.000000,0.000000,1.000000,0.000000
1708693822125641727,0.000000,0.000000,1.000000,0.000000
1708693822225709297,0.000000,0.000000,1.000000,0.000000
1708693822325789528,0.000000,0.000000,1.000000,0.000000
1708693822425878404,0.000000,0.000000,1.000000,0.000000
1708693822525908755,0.000000,0.000000,1.000000,0.000000
1708693822625973605,0.000000,0.000000,1.000000,0.000000
1708693822726065981,0.000000,0.000000,1.000000,0.000000
1708693822826138800,0.000000,0.000000,1.000000,0.000000
1708693822926220729,0.000000,0.000000,1.000000,0.000000
1708693823026301106,0.000000,0.000000,1.000000,0.000000
1708693823126382846,0.000000,0.000000,1.000000,0.000000
1708693823226458913,0.000000,0.000000,1.000000,0.000000
1708693823326510171,0.000000,0.000000,1.000000,0.000000
1708693823426578291,0.000000,0.000000,1.000000,0.000000
1708693823526648576,0.000000,0.000000,1.000000,0.000000
1708693823626712166,0.000000,0.000000,1.000000,0.000000
1708693823726790510,0.000000,0.000000,1.000000,0.000000
1708693823826867728,0.000000,0.000000,1.000000,0.000000
1708693823926901105,0.000000,0.000000,1.000000,0.000000
1708693824026978671,0.000000,0.000000,1.000000,0.000000
1708693824127059958,0.000000,0.000000,1.000000,0.000000
1708693824227087512,0.000000,0.000000,1.000000,0.000000
1708693824327190615,0.000000,0.000000,1.000000,0.000000
1708693824427233288,0.000000,0.000000,1.000000,0.000000
1708693824527322077,0.000000,0.000000,1.000000,0.000000
1708693824627373102,0.000000,0.000000,1.000000,0.000000
1708693824727461137,0.000000,0.000000,1.000000,0.000000
1708693824827546206,0.000000,0.000000,1.000000,0.000000
1708693824927620881,0.000000,0.000000,1.000000,0.000000
1708693825027689981,0.000000,0.000000,1.000000,0.000000
1708693825127700184,0.000000,0.000000,1.000000,0.000000
1708693825227800493,0.000000,0.000000,1.000000,0.055556
1708693825327831515,0.000000,0.000000,1.000000,0.000000
1708693825427920667,0.000000,0.000000,1.000000,0.000000
1708693825527978462,0.000000,0.000000,1.000000,0.000000
1708693825628069843,0.000000,0.000000,1.000000,0.000000
1708693825728112491,0.000000,0.000000,1.000000,0.000000
1708693825828186909,0.000000,0.000000,1.000000,0.000000
1708693825928278625,0.000000,0.000000,1.000000,0.000000
1708693826028352644,0.000000,0.000000,1.000000,0.000000
1708693826128424652,0.000000,0.000000,1.000000,0.000000
1708693826228441016,0.000000,0.000000,1.000000,0.000000
1708693826328533015,0.052632,0.000000,0.947368,0.000000
1708693826428641018,0.000000,0.052632,0.947368,0.000000
1708693826528727164,0.000000,0.000000,1.000000,0.000000
1708693826628812422,0.000000,0.000000,1.000000,0.000000
1708693826728831404,0.000000,0.000000,1.000000,0.000000
1708693826828891166,0.000000,0.000000,1.000000,0.000000
1708693826928989309,0.000000,0.000000,1.000000,0.000000
1708693827029030686,0.000000,0.000000,1.000000,0.000000
1708693827129120765,0.000000,0.000000,1.000000,0.000000
1708693827229166599,0.000000,0.000000,1.000000,0.000000
1708693827329250389,0.000000,0.000000,1.000000,0.000000
1708693827429309132,0.000000,0.000000,1.000000,0.000000
1708693827529373703,0.000000,0.000000,1.000000,0.000000
1708693827629437685,0.000000,0.000000,1.000000,0.000000
1708693827729513671,0.000000,0.000000,1.000000,0.000000
1708693827829569924,0.000000,0.000000,1.000000,0.000000
1708693827929654566,0.000000,0.000000,1.000000,0.000000
1708693828029703142,0.000000,0.000000,1.000000,0.000000
1708693828129788420,0.000000,0.000000,1.000000,0.000000
1708693828229874554,0.000000,0.000000,1.000000,0.000000
1708693828329912924,0.000000,0.000000,1.000000,0.000000
1708693828429971822,0.000000,0.050000,0.950000,0.000000
1708693828530058132,0.000000,0.000000,1.000000,0.000000
1708693828630102651,0.000000,0.000000,1.000000,0.000000
1708693828730189530,0.000000,0.000000,1.000000,0.000000
1708693828830264677,0.000000,0.000000,1.000000,0.000000
1708693828930318002,0.000000,0.000000,1.000000,0.000000
1708693829030371237,0.000000,0.000000,1.000000,0.000000
1708693829130463338,0.000000,0.052632,0.947368,0.000000
1708693829230543812,0.000000,0.000000,1.000000,0.000000
1708693829330565215,0.000000,0.000000,1.000000,0.000000
1708693829430658493,0.000000,0.000000,1.000000,0.000000
1708693829530737154,0.000000,0.000000,1.000000,0.000000
1708693829630807410,0.000000,0.000000,1.000000,0.000000
1708693829730885757,0.000000,0.000000,1.000000,0.000000
1708693829830897924,0.000000,0.000000,1.000000,0.000000
1708693829930997319,0.000000,0.000000,1.000000,0.000000
1708693830031066456,0.000000,0.000000,1.000000,0.000000
1708693830131148377,0.222222,0.222222,0.555556,0.000000
1708693830231369621,0.466667,0.266667,0.266667,0.000000
1708693830331446364,0.388889,0.444444,0.166667,0.000000
1708693830431573410,0.666667,0.277778,0.055556,0.000000
1708693830531689529,0.800000,0.200000,0.000000,0.000000
1708693830631784729,0.700000,0.300000,0.000000,0.000000
1708693830731896512,0.650000,0.300000,0.050000,0.000000
1708693830832099577,0.736842,0.263158,0.000000,0.000000
1708693830932091658,0.950000,0.050000,0.000000,0.000000
1708693831032255459,0.950000,0.050000,0.000000,0.000000
1708693831132357243,0.900000,0.100000,0.000000,0.000000
1708693831232448040,0.950000,0.050000,0.000000,0.000000
1708693831332575948,0.950000,0.050000,0.000000,0.000000
1708693831438629993,0.863636,0.136364,0.000000,0.000000
1708693831536747952,0.277778,0.055556,0.666667,0.000000
1708693831636769263,0.052632,0.052632,0.894737,0.000000
1708693831736864018,0.000000,0.000000,1.000000,0.000000
1708693831836911670,0.000000,0.000000,1.000000,0.000000
1708693831936996411,0.052632,0.052632,0.894737,0.000000
1708693832037081092,0.411765,0.000000,0.588235,0.000000
1708693832137171243,0.222222,0.666667,0.111111,0.000000
1708693832237280987,0.380952,0.190476,0.428571,0.000000
1708693832337385518,0.722222,0.277778,0.000000,0.000000
1708693832437488956,0.619048,0.380952,0.000000,0.000000
1708693832537595332,0.700000,0.300000,0.000000,0.000000
1708693832637700844,0.736842,0.263158,0.000000,0.000000
1708693832737805467,0.850000,0.150000,0.000000,0.000000
1708693832837905844,0.850000,0.150000,0.000000,0.000000
1708693832938005347,0.809524,0.190476,0.000000,0.000000
1708693833038106744,0.947368,0.052632,0.000000,0.000000
1708693833138205902,0.950000,0.050000,0.000000,0.000000
1708693833238308451,0.857143,0.142857,0.000000,0.000000
1708693833338391291,0.684211,0.052632,0.263158,0.000000
1708693833438462249,0.050000,0.100000,0.850000,0.000000
1708693833538536478,0.000000,0.000000,1.000000,0.000000
1708693833638573434,0.000000,0.000000,1.000000,0.000000
1708693833738657554,0.000000,0.000000,1.000000,0.000000
1708693833838714117,0.000000,0.000000,1.000000,0.000000
