Time,User,Kernel,Idle,IoWait
1707464035386742434,0.894737,0.105263,0.000000,0.000000
1707464035486917264,0.500000,0.100000,0.400000,0.000000
1707464035587042559,0.473684,0.052632,0.473684,0.000000
1707464035689422094,0.666667,0.047619,0.285714,0.000000
1707464035788761784,0.263158,0.105263,0.631579,0.000000
1707464035888862871,0.125000,0.312500,0.562500,0.000000
1707464035988944440,0.052632,0.157895,0.789474,0.000000
1707464036088988044,0.045455,0.090909,0.863636,0.000000
1707464036189079488,0.052632,0.052632,0.894737,0.000000
1707464036289162264,0.157895,0.052632,0.789474,0.000000
1707464036389272478,0.444444,0.388889,0.166667,0.000000
1707464036489373811,0.750000,0.250000,0.000000,0.000000
1707464036589476081,0.700000,0.300000,0.000000,0.000000
1707464036689571288,0.650000,0.350000,0.000000,0.000000
1707464036789671684,0.800000,0.200000,0.000000,0.000000
1707464036889772964,0.857143,0.142857,0.000000,0.000000
1707464036989867270,0.947368,0.052632,0.000000,0.000000
1707464037089971055,1.000000,0.000000,0.000000,0.000000
1707464037190068761,1.000000,0.000000,0.000000,0.000000
1707464037290174731,0.900000,0.050000,0.050000,0.000000
1707464037390273723,0.350000,0.050000,0.600000,0.000000
1707464037490367495,0.100000,0.100000,0.800000,0.000000
1707464037590428992,0.000000,0.000000,1.000000,0.000000
1707464037690497151,0.000000,0.000000,1.000000,0.000000
1707464037790564258,0.000000,0.000000,1.000000,0.000000
1707464037890632473,0.000000,0.000000,1.000000,0.000000
1707464037990693751,0.000000,0.000000,1.000000,0.000000
1707464038090756771,0.000000,0.000000,1.000000,0.000000
1707464038190836440,0.190476,0.095238,0.714286,0.000000
1707464038290938077,0.421053,0.000000,0.578947,0.000000
1707464038391129795,0.111111,0.222222,0.666667,0.000000
1707464038491208225,0.125000,0.375000,0.500000,0.000000
1707464038596045762,0.333333,0.285714,0.380952,0.000000
1707464038694582954,0.631579,0.368421,0.000000,0.000000
1707464038794707276,0.666667,0.333333,0.000000,0.000000
1707464038894819958,0.700000,0.300000,0.000000,0.000000
1707464038994921840,0.842105,0.157895,0.000000,0.000000
1707464039095044649,0.850000,0.150000,0.000000,0.000000
1707464039195152005,0.952381,0.047619,0.000000,0.000000
1707464039295255096,1.000000,0.000000,0.000000,0.000000
1707464039395364455,0.950000,0.050000,0.000000,0.000000
1707464039495535478,0.950000,0.050000,0.000000,0.000000
1707464039595624720,0.650000,0.050000,0.300000,0.000000
1707464039695688441,0.095238,0.047619,0.857143,0.000000
1707464039795757676,0.050000,0.100000,0.850000,0.000000
1707464039895837450,0.000000,0.000000,1.000000,0.000000
1707464039995865681,0.000000,0.000000,1.000000,0.000000
1707464040095945648,0.000000,0.000000,1.000000,0.000000
1707464040196013694,0.000000,0.000000,1.000000,0.000000
1707464040296095107,0.210526,0.052632,0.736842,0.000000
1707464040396203817,0.368421,0.052632,0.578947,0.000000
1707464040496348754,0.352941,0.470588,0.176471,0.000000
1707464040596449247,0.400000,0.450000,0.150000,0.000000
1707464040696563602,0.600000,0.350000,0.050000,0.000000
1707464040796646651,0.600000,0.400000,0.000000,0.000000
1707464040896786137,0.600000,0.400000,0.000000,0.000000
1707464040996889299,0.857143,0.142857,0.000000,0.000000
1707464041097002522,0.789474,0.210526,0.000000,0.000000
1707464041197119401,0.950000,0.050000,0.000000,0.000000
1707464041297241759,1.000000,0.000000,0.000000,0.000000
1707464041397370914,1.000000,0.000000,0.000000,0.000000
1707464041497483349,0.904762,0.047619,0.047619,0.000000
1707464041597581712,0.789474,0.052632,0.157895,0.000000
1707464041697678200,0.000000,0.000000,1.000000,0.000000
1707464041797744319,0.105263,0.105263,0.789474,0.000000
1707464041897817227,0.000000,0.000000,1.000000,0.000000
1707464041997882219,0.095238,0.047619,0.857143,0.000000
1707464042097964671,0.052632,0.000000,0.947368,0.000000
1707464042198040485,0.105263,0.052632,0.842105,0.000000
1707464042298130588,0.000000,0.000000,1.000000,0.000000
1707464042398212894,0.250000,0.100000,0.650000,0.000000
1707464042498324144,0.315789,0.368421,0.315789,0.000000
1707464042598441731,0.470588,0.529412,0.000000,0.000000
1707464042698542863,0.450000,0.500000,0.050000,0.000000
1707464042798651124,0.700000,0.300000,0.000000,0.000000
1707464042898753020,0.850000,0.150000,0.000000,0.000000
1707464042998856360,0.650000,0.350000,0.000000,0.000000
1707464043098960439,0.789474,0.210526,0.000000,0.000000
1707464043199060208,0.904762,0.095238,0.000000,0.000000
1707464043299160173,0.950000,0.050000,0.000000,0.000000
1707464043399258979,0.950000,0.050000,0.000000,0.000000
1707464043499367973,1.000000,0.000000,0.000000,0.000000
1707464043599474859,1.000000,0.000000,0.000000,0.000000
1707464043699593392,0.476190,0.047619,0.476190,0.000000
1707464043799649635,0.100000,0.250000,0.650000,0.000000
1707464043899722099,0.000000,0.000000,1.000000,0.000000
1707464043999783080,0.000000,0.000000,1.000000,0.000000
1707464044099846691,0.000000,0.000000,1.000000,0.000000
1707464044199910355,0.000000,0.000000,1.000000,0.000000
1707464044299977153,0.000000,0.000000,1.000000,0.000000
1707464044400049479,0.000000,0.000000,1.000000,0.000000
1707464044500114333,0.000000,0.000000,1.000000,0.000000
1707464044600186714,0.000000,0.000000,1.000000,0.000000
1707464044700278553,0.050000,0.000000,0.950000,0.000000
1707464044800383770,0.350000,0.150000,0.500000,0.000000
1707464044900473495,0.294118,0.294118,0.411765,0.000000
1707464045000620324,0.400000,0.300000,0.300000,0.000000
1707464045100740419,0.578947,0.421053,0.000000,0.000000
1707464045200833998,0.619048,0.380952,0.000000,0.000000
1707464045300947882,0.578947,0.421053,0.000000,0.000000
1707464045401061526,0.700000,0.300000,0.000000,0.000000
1707464045501163340,0.750000,0.250000,0.000000,0.000000
1707464045601277405,0.800000,0.200000,0.000000,0.000000
1707464045701385261,0.950000,0.050000,0.000000,0.000000
1707464045801503749,0.950000,0.050000,0.000000,0.000000
1707464045901619229,0.950000,0.050000,0.000000,0.000000
1707464046001720406,1.000000,0.000000,0.000000,0.000000
1707464046101813435,0.578947,0.105263,0.315789,0.000000
1707464046201890277,0.095238,0.047619,0.857143,0.000000
1707464046301979215,0.000000,0.000000,1.000000,0.000000
1707464046402041542,0.000000,0.000000,1.000000,0.000000
1707464046502101540,0.000000,0.000000,1.000000,0.000000
1707464046602178814,0.050000,0.000000,0.950000,0.000000
1707464046702296809,0.210526,0.052632,0.736842,0.000000
1707464046802400624,0.647059,0.176471,0.176471,0.000000
1707464046902513010,0.352941,0.470588,0.176471,0.000000
1707464047002675212,0.600000,0.300000,0.100000,0.000000
1707464047102758784,0.550000,0.450000,0.000000,0.000000
1707464047202862961,0.750000,0.250000,0.000000,0.000000
1707464047302964499,0.700000,0.300000,0.000000,0.000000
1707464047403060935,0.750000,0.250000,0.000000,0.000000
1707464047503156173,0.952381,0.047619,0.000000,0.000000
1707464047603278041,0.950000,0.050000,0.000000,0.000000
1707464047703395138,1.000000,0.000000,0.000000,0.000000
1707464047803492615,0.947368,0.052632,0.000000,0.000000
1707464047903605200,0.950000,0.050000,0.000000,0.000000
1707464048003708418,0.350000,0.050000,0.600000,0.000000
1707464048103775610,0.105263,0.105263,0.789474,0.000000
1707464048203852230,0.000000,0.000000,1.000000,0.000000
1707464048303923023,0.000000,0.000000,1.000000,0.000000
1707464048403983520,0.000000,0.000000,1.000000,0.000000
1707464048504048537,0.000000,0.000000,1.000000,0.000000
1707464048604126753,0.263158,0.052632,0.684211,0.000000
1707464048704480821,0.611111,0.166667,0.222222,0.000000
1707464048804526558,0.176471,0.705882,0.117647,0.000000
1707464048906203376,0.571429,0.380952,0.047619,0.000000
1707464049005800679,0.550000,0.450000,0.000000,0.000000
1707464049105907991,0.650000,0.350000,0.000000,0.000000
1707464049206011700,0.600000,0.400000,0.000000,0.000000
1707464049306124903,0.789474,0.210526,0.000000,0.000000
1707464049406221527,1.000000,0.000000,0.000000,0.000000
1707464049506339635,0.904762,0.095238,0.000000,0.000000
1707464049606450061,1.000000,0.000000,0.000000,0.000000
1707464049706572303,0.904762,0.095238,0.000000,0.000000
1707464049806690822,0.900000,0.000000,0.100000,0.000000
1707464049906793291,0.277778,0.000000,0.722222,0.000000
1707464050006898945,0.050000,0.150000,0.800000,0.000000
1707464050106962344,0.000000,0.000000,1.000000,0.000000
1707464050207036735,0.000000,0.000000,1.000000,0.000000
1707464050307106700,0.000000,0.000000,1.000000,0.000000
1707464050407172342,0.000000,0.000000,1.000000,0.000000
1707464050507237265,0.000000,0.000000,1.000000,0.000000
1707464050607321660,0.100000,0.000000,0.900000,0.000000
1707464050707428237,0.315789,0.000000,0.684211,0.000000
1707464050807599504,0.444444,0.277778,0.277778,0.000000
1707464050907732569,0.466667,0.400000,0.133333,0.000000
1707464051007837945,0.666667,0.333333,0.000000,0.000000
1707464051107926788,0.631579,0.368421,0.000000,0.000000
1707464051208032756,0.666667,0.333333,0.000000,0.000000
1707464051308140848,0.736842,0.263158,0.000000,0.000000
1707464051408245668,0.809524,0.190476,0.000000,0.000000
1707464051508346703,0.947368,0.052632,0.000000,0.000000
1707464051608439301,0.950000,0.050000,0.000000,0.000000
1707464051708543330,0.950000,0.050000,0.000000,0.000000
1707464051808649090,0.954545,0.045455,0.000000,0.000000
1707464051908737976,0.894737,0.000000,0.105263,0.000000
1707464052008825540,0.300000,0.050000,0.650000,0.000000
1707464052108893801,0.050000,0.100000,0.850000,0.000000
1707464052208969256,0.000000,0.000000,1.000000,0.000000
1707464052309013649,0.000000,0.000000,1.000000,0.000000
1707464052409096772,0.000000,0.000000,1.000000,0.000000
1707464052509167012,0.000000,0.000000,1.000000,0.000000
1707464052609246225,0.210526,0.052632,0.736842,0.000000
1707464052709353737,0.400000,0.100000,0.500000,0.000000
1707464052809452517,0.428571,0.357143,0.214286,0.000000
1707464052909557152,0.315789,0.368421,0.315789,0.000000
1707464053009657332,0.571429,0.285714,0.142857,0.000000
1707464053109748560,0.736842,0.263158,0.000000,0.000000
1707464053209852546,0.600000,0.400000,0.000000,0.000000
1707464053309950751,0.800000,0.200000,0.000000,0.000000
1707464053410057752,0.800000,0.200000,0.000000,0.000000
1707464053510163971,0.850000,0.150000,0.000000,0.000000
1707464053610257344,0.894737,0.105263,0.000000,0.000000
1707464053710354516,0.904762,0.095238,0.000000,0.000000
1707464053810442327,0.950000,0.050000,0.000000,0.000000
1707464053910550741,0.750000,0.150000,0.100000,0.000000
1707464054010640761,0.263158,0.052632,0.684211,0.000000
1707464054110713247,0.047619,0.047619,0.904762,0.000000
1707464054210812782,0.050000,0.050000,0.900000,0.000000
1707464054310878891,0.000000,0.000000,1.000000,0.000000
1707464054410955958,0.000000,0.000000,1.000000,0.000000
1707464054511017838,0.000000,0.000000,1.000000,0.000000
1707464054611081271,0.000000,0.000000,1.000000,0.000000
1707464054711154118,0.263158,0.052632,0.684211,0.000000
1707464054811285306,0.380952,0.095238,0.523810,0.000000
1707464054911397679,0.357143,0.500000,0.142857,0.000000
1707464055011544126,0.150000,0.250000,0.600000,0.000000
1707464055111631673,0.388889,0.555556,0.055556,0.000000
1707464055211733942,0.800000,0.200000,0.000000,0.000000
1707464055311858575,0.619048,0.333333,0.047619,0.000000
1707464055411935827,0.650000,0.350000,0.000000,0.000000
1707464055512028285,0.750000,0.250000,0.000000,0.000000
1707464055612123513,0.952381,0.047619,0.000000,0.000000
1707464055712215566,1.000000,0.000000,0.000000,0.000000
1707464055812309635,0.950000,0.050000,0.000000,0.000000
1707464055912408545,0.952381,0.047619,0.000000,0.000000
1707464056012496837,1.000000,0.000000,0.000000,0.000000
1707464056112589746,0.500000,0.000000,0.500000,0.000000
1707464056212634406,0.100000,0.150000,0.750000,0.000000
1707464056312741659,0.000000,0.000000,1.000000,0.000000
1707464056412803990,0.000000,0.000000,1.000000,0.000000
1707464056512868364,0.000000,0.000000,1.000000,0.000000
1707464056612934160,0.000000,0.000000,1.000000,0.000000
1707464056713001087,0.000000,0.000000,1.000000,0.000000
1707464056813069698,0.000000,0.000000,1.000000,0.000000
1707464056913134017,0.000000,0.000000,1.000000,0.000000
1707464057013198265,0.000000,0.000000,1.000000,0.000000
1707464057113264016,0.000000,0.000000,1.000000,0.000000
1707464057213329363,0.000000,0.000000,1.000000,0.000000
1707464057313393783,0.000000,0.000000,1.000000,0.000000
1707464057413462585,0.000000,0.000000,1.000000,0.000000
1707464057513528754,0.000000,0.000000,1.000000,0.000000
1707464057613590476,0.000000,0.000000,1.000000,0.000000
1707464057713654462,0.000000,0.000000,1.000000,0.000000
1707464057813716675,0.000000,0.000000,1.000000,0.000000
1707464057913779354,0.000000,0.000000,1.000000,0.000000
1707464058013845815,0.000000,0.000000,1.000000,0.176471
1707464058113918488,0.000000,0.000000,1.000000,0.818182
1707464058213985804,0.000000,0.000000,1.000000,0.818182
1707464058314062342,0.000000,0.066667,0.933333,0.333333
1707464058414132212,0.000000,0.000000,1.000000,0.000000
1707464058514193481,0.000000,0.000000,1.000000,0.000000
1707464058614259129,0.000000,0.000000,1.000000,0.000000
1707464058714286489,0.000000,0.000000,1.000000,0.000000
1707464058814379540,0.000000,0.000000,1.000000,0.000000
1707464058914441802,0.000000,0.000000,1.000000,0.000000
1707464059014514043,0.000000,0.000000,1.000000,0.000000
1707464059114577771,0.000000,0.000000,1.000000,0.000000
1707464059214648283,0.000000,0.000000,1.000000,0.000000
1707464059314711800,0.000000,0.000000,1.000000,0.000000
1707464059414783417,0.000000,0.000000,1.000000,0.000000
1707464059514846771,0.000000,0.000000,1.000000,0.000000
1707464059614908720,0.000000,0.000000,1.000000,0.000000
1707464059714974082,0.000000,0.000000,1.000000,0.000000
1707464059815037596,0.000000,0.000000,1.000000,0.000000
1707464059915100658,0.000000,0.000000,1.000000,0.000000
1707464060015163941,0.000000,0.000000,1.000000,0.000000
1707464060115226284,0.000000,0.000000,1.000000,0.000000
1707464060215288805,0.000000,0.000000,1.000000,0.000000
1707464060315351985,0.000000,0.000000,1.000000,0.000000
1707464060415418016,0.000000,0.000000,1.000000,0.000000
1707464060515491884,0.000000,0.000000,1.000000,0.000000
1707464060615551019,0.000000,0.000000,1.000000,0.000000
1707464060715614915,0.000000,0.000000,1.000000,0.000000
1707464060815681194,0.000000,0.000000,1.000000,0.000000
1707464060915751018,0.000000,0.000000,1.000000,0.000000
1707464061015822211,0.000000,0.000000,1.000000,0.000000
1707464061115886413,0.000000,0.000000,1.000000,0.000000
1707464061215949386,0.000000,0.000000,1.000000,0.000000
1707464061316015139,0.000000,0.000000,1.000000,0.000000
1707464061416085980,0.000000,0.000000,1.000000,0.000000
1707464061516149393,0.000000,0.000000,1.000000,0.000000
1707464061616211809,0.000000,0.000000,1.000000,0.000000
1707464061716277225,0.000000,0.000000,1.000000,0.000000
1707464061816339380,0.000000,0.000000,1.000000,0.000000
1707464061916402310,0.000000,0.000000,1.000000,0.000000
1707464062016466688,0.000000,0.000000,1.000000,0.000000
1707464062116529837,0.000000,0.000000,1.000000,0.000000
1707464062216592325,0.000000,0.000000,1.000000,0.000000
1707464062316607184,0.000000,0.000000,1.000000,0.000000
1707464062416691390,0.000000,0.000000,1.000000,0.000000
1707464062516752466,0.000000,0.000000,1.000000,0.000000
1707464062616816225,0.000000,0.000000,1.000000,0.000000
1707464062716881160,0.000000,0.000000,1.000000,0.000000
1707464062816944577,0.000000,0.000000,1.000000,0.000000
1707464062917007526,0.000000,0.000000,1.000000,0.000000
1707464063017071162,0.000000,0.000000,1.000000,0.000000
1707464063117134127,0.000000,0.000000,1.000000,0.000000
1707464063217196021,0.000000,0.000000,1.000000,0.000000
1707464063317258689,0.000000,0.000000,1.000000,0.000000
1707464063417326688,0.000000,0.000000,1.000000,0.187500
1707464063517404012,0.000000,0.000000,1.000000,0.818182
1707464063617476050,0.000000,0.090909,0.909091,0.818182
1707464063717546687,0.000000,0.000000,1.000000,1.000000
1707464063817617188,0.000000,0.076923,0.923077,0.615385
1707464063917692103,0.000000,0.000000,1.000000,0.000000
1707464064017760560,0.000000,0.000000,1.000000,0.000000
1707464064117820790,0.000000,0.000000,1.000000,0.000000
1707464064217883540,0.000000,0.000000,1.000000,0.000000
1707464064317946921,0.000000,0.000000,1.000000,0.000000
1707464064418010140,0.000000,0.000000,1.000000,0.000000
1707464064518072461,0.000000,0.000000,1.000000,0.000000
1707464064618138655,0.000000,0.000000,1.000000,0.000000
1707464064718213731,0.047619,0.000000,0.952381,0.000000
1707464064818283173,0.000000,0.000000,1.000000,0.000000
1707464064918342396,0.000000,0.000000,1.000000,0.000000
1707464065018421581,0.000000,0.000000,1.000000,0.000000
1707464065118491696,0.000000,0.000000,1.000000,0.000000
1707464065218561990,0.000000,0.047619,0.952381,0.000000
1707464065318626820,0.000000,0.000000,1.000000,0.000000
1707464065418687574,0.000000,0.000000,1.000000,0.000000
1707464065518750122,0.000000,0.000000,1.000000,0.000000
1707464065618816761,0.000000,0.000000,1.000000,0.000000
1707464065718878910,0.000000,0.000000,1.000000,0.000000
1707464065818941116,0.000000,0.000000,1.000000,0.000000
1707464065919003305,0.000000,0.000000,1.000000,0.000000
1707464066019066693,0.000000,0.000000,1.000000,0.000000
1707464066119129173,0.000000,0.000000,1.000000,0.000000
1707464066219190833,0.000000,0.000000,1.000000,0.000000
1707464066319253203,0.000000,0.000000,1.000000,0.000000
1707464066419315286,0.000000,0.000000,1.000000,0.000000
1707464066519311299,0.000000,0.000000,1.000000,0.000000
1707464066619411416,0.000000,0.000000,1.000000,0.000000
1707464066719479126,0.000000,0.000000,1.000000,0.000000
1707464066819547461,0.000000,0.000000,1.000000,0.000000
1707464066919610351,0.000000,0.000000,1.000000,0.000000
1707464067019631605,0.000000,0.000000,1.000000,0.000000
1707464067119714254,0.000000,0.000000,1.000000,0.000000
1707464067219779632,0.000000,0.000000,1.000000,0.000000
1707464067319844727,0.000000,0.000000,1.000000,0.000000
1707464067419909226,0.000000,0.000000,1.000000,0.000000
1707464067519973479,0.000000,0.000000,1.000000,0.000000
1707464067620039580,0.000000,0.000000,1.000000,0.000000
1707464067720106745,0.000000,0.000000,1.000000,0.000000
1707464067820172148,0.000000,0.000000,1.000000,0.000000
1707464067920249416,0.000000,0.000000,1.000000,0.000000
1707464068020311047,0.000000,0.000000,1.000000,0.000000
1707464068120375061,0.000000,0.000000,1.000000,0.000000
1707464068220438546,0.000000,0.000000,1.000000,0.000000
1707464068320503046,0.000000,0.000000,1.000000,0.000000
1707464068420567027,0.000000,0.000000,1.000000,0.000000
1707464068520619275,0.000000,0.000000,1.000000,0.000000
