Time,User,Kernel,Idle,IoWait
1708693814713198771,0.105263,0.000000,0.894737,0.000000
1708693814813273635,0.315789,0.000000,0.684211,0.000000
1708693814913352588,0.055556,0.000000,0.944444,0.000000
1708693815013375329,0.250000,0.375000,0.375000,0.000000
1708693815113532119,0.052632,0.210526,0.736842,0.000000
1708693815213566456,0.000000,0.000000,1.000000,0.000000
1708693815313719415,0.350000,0.300000,0.350000,0.000000
1708693815413844566,0.421053,0.526316,0.052632,0.000000
1708693815513966859,0.650000,0.350000,0.000000,0.000000
1708693815614062886,0.550000,0.350000,0.100000,0.000000
1708693815714189752,0.842105,0.157895,0.000000,0.000000
1708693815814283667,0.800000,0.200000,0.000000,0.000000
1708693815920716801,0.809524,0.190476,0.000000,0.000000
1708693816018663751,0.904762,0.095238,0.000000,0.000000
1708693816118736177,0.894737,0.105263,0.000000,0.000000
1708693816218849669,0.850000,0.150000,0.000000,0.000000
1708693816318950620,0.900000,0.050000,0.050000,0.000000
1708693816419009426,0.736842,0.157895,0.105263,0.000000
1708693816519122968,0.052632,0.052632,0.894737,0.000000
1708693816619226879,0.000000,0.000000,1.000000,0.000000
1708693816719298220,0.000000,0.000000,1.000000,0.000000
1708693816819374409,0.000000,0.000000,1.000000,0.000000
1708693816919393866,0.000000,0.000000,1.000000,0.000000
1708693817019498682,0.000000,0.000000,1.000000,0.000000
1708693817119518842,0.000000,0.000000,1.000000,0.055556
1708693817219605776,0.263158,0.052632,0.684211,0.000000
1708693817319665166,0.333333,0.466667,0.200000,0.000000
1708693817419788503,0.176471,0.470588,0.352941,0.000000
1708693817519928183,0.555556,0.277778,0.166667,0.000000
1708693817620031199,0.666667,0.333333,0.000000,0.000000
1708693817720130689,0.650000,0.350000,0.000000,0.000000
1708693817820239631,0.736842,0.263158,0.000000,0.000000
1708693817920346894,0.800000,0.150000,0.050000,0.000000
1708693818020434262,0.800000,0.200000,0.000000,0.000000
1708693818120481881,0.800000,0.200000,0.000000,0.000000
1708693818220547797,0.900000,0.100000,0.000000,0.000000
1708693818320625840,0.850000,0.150000,0.000000,0.000000
1708693818420747207,0.809524,0.190476,0.000000,0.000000
1708693818520799379,0.888889,0.055556,0.055556,0.000000
1708693818620915548,0.380952,0.142857,0.476190,0.000000
1708693818721021745,0.000000,0.000000,1.000000,0.000000
1708693818821086170,0.000000,0.000000,1.000000,0.000000
1708693818921131098,0.000000,0.000000,1.000000,0.000000
1708693819021533441,0.000000,0.052632,0.947368,0.000000
1708693819123141372,0.142857,0.047619,0.809524,0.000000
1708693819222677651,0.555556,0.333333,0.111111,0.000000
1708693819322811741,0.352941,0.352941,0.294118,0.000000
1708693819422864977,0.550000,0.400000,0.050000,0.000000
1708693819522946248,0.619048,0.380952,0.000000,0.000000
1708693819622997685,0.578947,0.368421,0.052632,0.000000
1708693819723072980,0.650000,0.300000,0.050000,0.000000
1708693819823197564,0.750000,0.200000,0.050000,0.000000
1708693819923301049,0.850000,0.150000,0.000000,0.000000
1708693820023408737,0.900000,0.100000,0.000000,0.000000
1708693820123514225,0.850000,0.150000,0.000000,0.000000
1708693820223619002,0.900000,0.100000,0.000000,0.000000
1708693820323723458,0.850000,0.150000,0.000000,0.000000
1708693820423837668,0.894737,0.105263,0.000000,0.000000
1708693820523860370,0.400000,0.100000,0.500000,0.000000
1708693820623949681,0.000000,0.055556,0.944444,0.000000
1708693820723995578,0.000000,0.000000,1.000000,0.000000
1708693820824086377,0.000000,0.000000,1.000000,0.000000
1708693820924139058,0.000000,0.050000,0.950000,0.000000
1708693821024191331,0.000000,0.000000,1.000000,0.000000
1708693821124284897,0.000000,0.000000,1.000000,0.000000
1708693821224369080,0.000000,0.000000,1.000000,0.000000
1708693821324437930,0.000000,0.000000,1.000000,0.000000
1708693821424513409,0.000000,0.000000,1.000000,0.000000
1708693821524527588,0.000000,0.000000,1.000000,0.000000
1708693821624593196,0.000000,0.000000,1.000000,0.000000
1708693821724684184,0.000000,0.000000,1.000000,0.000000
1708693821824759933,0.000000,0.000000,1.000000,0.000000
1708693821924832261,0.000000,0.000000,1.000000,0.000000
1708693822024851807,0.000000,0.000000,1.000000,0.000000
1708693822124947166,0.000000,0.000000,1.000000,0.000000
1708693822225004921,0.000000,0.000000,1.000000,0.000000
1708693822325084670,0.000000,0.000000,1.000000,0.000000
1708693822425157233,0.000000,0.000000,1.000000,0.000000
1708693822525193660,0.000000,0.000000,1.000000,0.000000
1708693822625287585,0.000000,0.000000,1.000000,0.000000
1708693822725326749,0.000000,0.000000,1.000000,0.000000
1708693822825415131,0.000000,0.000000,1.000000,0.000000
1708693822925467737,0.000000,0.000000,1.000000,0.000000
1708693823025544445,0.000000,0.000000,1.000000,0.000000
1708693823125625713,0.000000,0.000000,1.000000,0.000000
1708693823225702748,0.000000,0.000000,1.000000,0.000000
1708693823325775049,0.000000,0.000000,1.000000,0.000000
1708693823425848742,0.000000,0.000000,1.000000,0.000000
1708693823525862612,0.000000,0.000000,1.000000,0.000000
1708693823625941028,0.000000,0.050000,0.950000,0.000000
1708693823726024641,0.000000,0.000000,1.000000,0.000000
1708693823826086282,0.000000,0.000000,1.000000,0.000000
1708693823926167362,0.000000,0.000000,1.000000,0.000000
1708693824026213873,0.000000,0.000000,1.000000,0.000000
1708693824126273550,0.000000,0.000000,1.000000,0.000000
1708693824226357640,0.000000,0.000000,1.000000,0.000000
1708693824326415955,0.000000,0.000000,1.000000,0.000000
1708693824426494741,0.000000,0.000000,1.000000,0.000000
1708693824526564510,0.000000,0.000000,1.000000,0.000000
1708693824626669301,0.000000,0.000000,1.000000,0.000000
1708693824726726887,0.000000,0.000000,1.000000,0.000000
1708693824826790397,0.000000,0.000000,1.000000,0.000000
1708693824926872987,0.000000,0.000000,1.000000,0.000000
1708693825026920636,0.000000,0.000000,1.000000,0.000000
1708693825127004185,0.000000,0.000000,1.000000,0.000000
1708693825227078003,0.000000,0.000000,1.000000,0.000000
1708693825327156819,0.000000,0.000000,1.000000,0.000000
1708693825427229044,0.000000,0.000000,1.000000,0.000000
1708693825527303465,0.000000,0.000000,1.000000,0.000000
1708693825627307688,0.000000,0.000000,1.000000,0.000000
1708693825727412073,0.000000,0.000000,1.000000,0.000000
1708693825827455068,0.000000,0.000000,1.000000,0.000000
1708693825927544517,0.000000,0.000000,1.000000,0.000000
1708693826027589904,0.000000,0.000000,1.000000,0.000000
1708693826127678729,0.000000,0.000000,1.000000,0.000000
1708693826227723110,0.000000,0.000000,1.000000,0.000000
1708693826327793168,0.000000,0.000000,1.000000,0.000000
1708693826427876294,0.000000,0.000000,1.000000,0.000000
1708693826527930786,0.000000,0.000000,1.000000,0.000000
1708693826628019376,0.000000,0.000000,1.000000,0.000000
1708693826728100753,0.000000,0.000000,1.000000,0.000000
1708693826828173423,0.000000,0.000000,1.000000,0.000000
1708693826928247503,0.000000,0.000000,1.000000,0.000000
1708693827028255504,0.000000,0.000000,1.000000,0.000000
1708693827128352913,0.000000,0.000000,1.000000,0.000000
1708693827228417490,0.000000,0.050000,0.950000,0.000000
1708693827328461669,0.000000,0.000000,1.000000,0.000000
1708693827428552421,0.000000,0.000000,1.000000,0.000000
1708693827528590719,0.000000,0.000000,1.000000,0.000000
1708693827628684296,0.000000,0.000000,1.000000,0.000000
1708693827728741018,0.000000,0.000000,1.000000,0.000000
1708693827828821215,0.000000,0.000000,1.000000,0.000000
1708693827928847764,0.000000,0.000000,1.000000,0.000000
1708693828028938073,0.000000,0.000000,1.000000,0.000000
1708693828129009610,0.000000,0.000000,1.000000,0.000000
1708693828229083373,0.000000,0.000000,1.000000,0.000000
1708693828329156100,0.000000,0.000000,1.000000,0.000000
1708693828429216202,0.000000,0.000000,1.000000,0.000000
1708693828529294882,0.000000,0.000000,1.000000,0.000000
1708693828629366593,0.000000,0.000000,1.000000,0.000000
1708693828729439976,0.000000,0.000000,1.000000,0.000000
1708693828829462838,0.000000,0.000000,1.000000,0.000000
1708693828929554529,0.000000,0.000000,1.000000,0.000000
1708693829029594839,0.000000,0.000000,1.000000,0.000000
1708693829129681156,0.000000,0.000000,1.000000,0.000000
1708693829229754380,0.000000,0.000000,1.000000,0.000000
1708693829329830438,0.000000,0.000000,1.000000,0.000000
1708693829429880372,0.050000,0.000000,0.950000,0.000000
1708693829529950928,0.000000,0.000000,1.000000,0.000000
1708693829630010262,0.000000,0.000000,1.000000,0.000000
1708693829730091887,0.000000,0.000000,1.000000,0.000000
1708693829830124179,0.000000,0.000000,1.000000,0.000000
1708693829930217743,0.000000,0.000000,1.000000,0.000000
1708693830030274069,0.000000,0.000000,1.000000,0.000000
1708693830136714099,0.190476,0.000000,0.809524,0.000000
1708693830234705026,0.578947,0.105263,0.315789,0.000000
1708693830334833011,0.294118,0.529412,0.176471,0.000000
1708693830434910741,0.444444,0.333333,0.222222,0.000000
1708693830535020940,0.500000,0.450000,0.050000,0.000000
1708693830635136630,0.750000,0.250000,0.000000,0.000000
1708693830735229221,0.750000,0.250000,0.000000,0.000000
1708693830835345516,0.750000,0.200000,0.050000,0.000000
1708693830935469020,0.809524,0.190476,0.000000,0.000000
1708693831035571351,0.950000,0.050000,0.000000,0.000000
1708693831135684383,0.947368,0.052632,0.000000,0.000000
1708693831235802506,0.952381,0.047619,0.000000,0.000000
1708693831335912936,0.900000,0.100000,0.000000,0.000000
1708693831436027583,0.900000,0.100000,0.000000,0.000000
1708693831536132893,0.500000,0.111111,0.388889,0.000000
1708693831636207010,0.050000,0.050000,0.900000,0.000000
1708693831736299318,0.000000,0.000000,1.000000,0.000000
1708693831836383699,0.000000,0.000000,1.000000,0.000000
1708693831936465924,0.000000,0.055556,0.944444,0.000000
1708693832036724082,0.333333,0.055556,0.611111,0.000000
1708693832136763974,0.533333,0.400000,0.066667,0.000000
1708693832236888903,0.526316,0.368421,0.105263,0.000000
1708693832337004666,0.750000,0.250000,0.000000,0.000000
1708693832437124669,0.631579,0.368421,0.000000,0.000000
1708693832537244714,0.650000,0.350000,0.000000,0.000000
1708693832637361819,0.600000,0.400000,0.000000,0.000000
1708693832737478246,0.850000,0.150000,0.000000,0.000000
1708693832837579527,0.950000,0.050000,0.000000,0.000000
1708693832937701571,1.000000,0.000000,0.000000,0.000000
1708693833037828278,0.904762,0.095238,0.000000,0.000000
1708693833137947934,0.800000,0.200000,0.000000,0.000000
1708693833238064616,0.900000,0.100000,0.000000,0.000000
1708693833338180512,0.578947,0.157895,0.263158,0.000000
1708693833438219123,0.100000,0.100000,0.800000,0.000000
1708693833538308330,0.000000,0.000000,1.000000,0.000000
1708693833638383917,0.000000,0.000000,1.000000,0.000000
1708693833738406006,0.000000,0.000000,1.000000,0.000000
1708693833838476560,0.000000,0.000000,1.000000,0.000000
