Time,User,Kernel,Idle,IoWait
1708614723161715829,0.094637,0.028391,0.876972,0.000000
1708614723261828494,0.012618,0.006309,0.981073,0.000000
1708614723361943322,0.190031,0.037383,0.772586,0.000000
1708614723462042560,0.073955,0.080386,0.845659,0.000000
1708614723562188065,0.115132,0.171053,0.713816,0.000000
1708614723662307021,0.035831,0.074919,0.889251,0.000000
1708614723762423844,0.025397,0.057143,0.917460,0.000000
1708614723862546032,0.216981,0.169811,0.613208,0.000000
1708614723962711843,0.473354,0.319749,0.206897,0.000000
1708614724062884755,0.675000,0.303125,0.021875,0.000000
1708614724163050750,0.744479,0.233438,0.022082,0.000000
1708614724263228805,0.757862,0.229560,0.012579,0.000000
1708614724363385402,0.801282,0.157051,0.041667,0.000000
1708614724463563631,0.686469,0.168317,0.145215,0.000000
1708614724563709983,0.625000,0.100694,0.274306,0.000000
1708614724663777634,0.266055,0.091743,0.642202,0.000000
1708614724763889717,0.012384,0.037152,0.950464,0.000000
1708614724863994226,0.000000,0.000000,1.000000,0.000000
1708614724964065621,0.003125,0.000000,0.996875,0.000000
1708614725064154617,0.000000,0.003125,0.996875,0.000000
1708614725164246540,0.003125,0.003125,0.993750,0.000000
1708614725264338198,0.000000,0.009346,0.990654,0.000000
1708614725364427518,0.000000,0.003145,0.996855,0.000000
1708614725464516729,0.015674,0.015674,0.968652,0.000000
1708614725564620530,0.003155,0.015773,0.981073,0.000000
1708614725664758383,0.009434,0.012579,0.977987,0.000000
1708614725764859334,0.006231,0.018692,0.975078,0.000000
1708614725864984167,0.050314,0.050314,0.899371,0.000000
1708614725965130267,0.158879,0.105919,0.735202,0.000000
1708614726065332263,0.402556,0.073482,0.523962,0.000000
1708614726165509115,0.085627,0.036697,0.877676,0.000000
1708614726265626740,0.037500,0.021875,0.940625,0.000000
1708614726365754290,0.174603,0.076190,0.749206,0.000000
1708614726465885239,0.003165,0.000000,0.996835,0.000000
1708614726565972318,0.000000,0.003125,0.996875,0.000000
1708614726666061025,0.003106,0.003106,0.993789,0.000000
1708614726766140419,0.003115,0.003115,0.993769,0.000000
1708614726866227032,0.000000,0.006231,0.993769,0.000000
1708614726966321497,0.003115,0.003115,0.993769,0.000000
1708614727066381158,0.003106,0.006211,0.990683,0.000000
1708614727166484977,0.000000,0.000000,1.000000,0.000000
1708614727266556818,0.000000,0.000000,1.000000,0.000000
1708614727366633901,0.000000,0.000000,1.000000,0.000000
1708614727466708244,0.003115,0.003115,0.993769,0.000000
1708614727566793024,0.000000,0.000000,1.000000,0.000000
1708614727666878424,0.000000,0.003125,0.996875,0.000000
1708614727766949405,0.000000,0.000000,1.000000,0.000000
1708614727867027169,0.003125,0.003125,0.993750,0.000000
1708614727967120819,0.000000,0.003125,0.996875,0.000000
1708614728067210524,0.000000,0.000000,1.000000,0.000000
1708614728167286956,0.003125,0.000000,0.996875,0.000000
1708614728267366762,0.000000,0.000000,1.000000,0.000000
1708614728367442037,0.003125,0.000000,0.996875,0.000000
1708614728467520776,0.000000,0.000000,1.000000,0.000000
1708614728567596656,0.000000,0.000000,1.000000,0.000000
1708614728667674992,0.000000,0.000000,1.000000,0.000000
1708614728767751036,0.000000,0.000000,1.000000,0.000000
1708614728867827988,0.000000,0.000000,1.000000,0.000000
1708614728967904252,0.000000,0.000000,1.000000,0.000000
1708614729067980010,0.000000,0.000000,1.000000,0.000000
1708614729168056468,0.000000,0.000000,1.000000,0.000000
1708614729268132653,0.000000,0.000000,1.000000,0.000000
1708614729368208761,0.000000,0.000000,1.000000,0.000000
1708614729468286033,0.006250,0.009375,0.984375,0.000000
1708614729568373789,0.037500,0.018750,0.943750,0.000000
1708614729668504378,0.212121,0.063636,0.724242,0.000000
1708614729768609031,0.003067,0.027607,0.969325,0.000000
1708614729868689538,0.000000,0.000000,1.000000,0.000000
1708614729968762178,0.003125,0.000000,0.996875,0.000000
1708614730068837975,0.000000,0.000000,1.000000,0.000000
1708614730168915943,0.000000,0.000000,1.000000,0.000000
1708614730268992579,0.000000,0.000000,1.000000,0.000000
1708614730369071017,0.000000,0.000000,1.000000,0.000000
1708614730469148554,0.000000,0.000000,1.000000,0.000000
1708614730569227752,0.000000,0.000000,1.000000,0.000000
1708614730669305231,0.000000,0.000000,1.000000,0.000000
1708614730769382952,0.000000,0.000000,1.000000,0.000000
1708614730869460703,0.000000,0.000000,1.000000,0.000000
1708614730969537495,0.000000,0.000000,1.000000,0.000000
1708614731069614198,0.000000,0.000000,1.000000,0.000000
1708614731169690253,0.000000,0.000000,1.000000,0.000000
1708614731269766867,0.000000,0.000000,1.000000,0.000000
1708614731369843262,0.000000,0.003115,0.996885,0.000000
1708614731469920873,0.000000,0.000000,1.000000,0.000000
1708614731569998872,0.000000,0.003125,0.996875,0.000000
1708614731670076596,0.000000,0.000000,1.000000,0.000000
1708614731770153317,0.000000,0.000000,1.000000,0.000000
1708614731870231793,0.000000,0.000000,1.000000,0.000000
1708614731970307995,0.000000,0.000000,1.000000,0.000000
1708614732070384779,0.000000,0.000000,1.000000,0.000000
1708614732170460400,0.000000,0.000000,1.000000,0.000000
1708614732270537100,0.000000,0.003125,0.996875,0.000000
1708614732370613207,0.000000,0.000000,1.000000,0.000000
1708614732470689112,0.000000,0.000000,1.000000,0.000000
1708614732570766202,0.000000,0.000000,1.000000,0.000000
1708614732670844016,0.000000,0.000000,1.000000,0.000000
1708614732770920658,0.000000,0.000000,1.000000,0.000000
1708614732870997816,0.000000,0.003125,0.996875,0.000000
1708614732971079732,0.003115,0.003115,0.993769,0.000000
1708614733071153957,0.000000,0.000000,1.000000,0.000000
1708614733171230321,0.000000,0.003125,0.996875,0.000000
1708614733271306449,0.003115,0.003115,0.993769,0.000000
1708614733371383352,0.000000,0.006231,0.993769,0.000000
1708614733471462598,0.018809,0.012539,0.968652,0.000000
1708614733571584460,0.031348,0.021944,0.946708,0.000000
1708614733671695781,0.160883,0.069401,0.769716,0.000000
1708614733771818202,0.003145,0.003145,0.993711,0.000000
1708614733871906727,0.000000,0.000000,1.000000,0.000000
1708614733971976300,0.003115,0.003115,0.993769,0.000000
1708614734072051005,0.003115,0.003115,0.993769,0.000000
1708614734172127067,0.003115,0.003115,0.993769,0.000000
1708614734272203857,0.000000,0.003125,0.996875,0.000000
1708614734372285295,0.088050,0.034591,0.877358,0.000000
1708614734472411692,0.293548,0.048387,0.658065,0.000000
1708614734572532004,0.229682,0.240283,0.530035,0.000000
1708614734672693911,0.211073,0.249135,0.539792,0.000000
1708614734772867178,0.490323,0.293548,0.216129,0.000000
1708614734873054895,0.598131,0.364486,0.037383,0.000000
1708614734973254181,0.694969,0.292453,0.012579,0.000000
1708614735073457538,0.824451,0.163009,0.012539,0.000000
1708614735173672866,0.856250,0.140625,0.003125,0.000000
1708614735273871312,0.931034,0.068966,0.000000,0.000000
1708614735374070723,0.870871,0.123123,0.006006,0.000000
1708614735484136501,0.873112,0.108761,0.018127,0.000000
1708614735581008427,0.756173,0.101852,0.141975,0.000000
1708614735681126199,0.209677,0.077419,0.712903,0.000000
1708614735781228802,0.003145,0.000000,0.996855,0.000000
1708614735881309808,0.000000,0.003135,0.996865,0.000000
1708614735981396077,0.000000,0.003125,0.996875,0.000000
1708614736081480878,0.000000,0.012461,0.987539,0.000000
1708614736181570497,0.006231,0.006231,0.987539,0.000000
1708614736281655352,0.006250,0.003125,0.990625,0.000000
1708614736381743163,0.003096,0.015480,0.981424,0.000000
1708614736481822945,0.000000,0.009404,0.990596,0.000000
1708614736581910177,0.000000,0.006270,0.993730,0.000000
1708614736682006531,0.000000,0.006250,0.993750,0.000000
1708614736782087772,0.000000,0.003135,0.996865,0.000000
1708614736882169702,0.003106,0.012422,0.984472,0.000000
1708614736982253006,0.000000,0.003125,0.996875,0.000000
1708614737082334033,0.003096,0.009288,0.987616,0.000000
1708614737182411143,0.006192,0.006192,0.987616,0.000000
1708614737282488059,0.006192,0.006192,0.987616,0.000000
1708614737382564520,0.003115,0.003115,0.993769,0.000000
1708614737482641800,0.000000,0.003125,0.996875,0.000000
1708614737582720687,0.006192,0.006192,0.987616,0.000000
1708614737682799586,0.003106,0.006211,0.990683,0.000000
1708614737782878590,0.003115,0.003115,0.993769,0.000000
1708614737882956721,0.009288,0.003096,0.987616,0.000000
1708614737983035842,0.006192,0.006192,0.987616,0.000000
1708614738083114257,0.003115,0.000000,0.996885,0.000000
1708614738183190504,0.003106,0.006211,0.990683,0.000000
1708614738283268287,0.000000,0.000000,1.000000,0.000000
1708614738383345806,0.000000,0.000000,1.000000,0.000000
1708614738483420658,0.000000,0.003125,0.996875,0.000000
1708614738583501959,0.000000,0.003125,0.996875,0.000000
1708614738683553081,0.003106,0.006211,0.990683,0.000000
1708614738783669910,0.003115,0.003115,0.993769,0.000000
1708614738883738704,0.006192,0.006192,0.987616,0.000000
1708614738983814682,0.003106,0.006211,0.990683,0.000000
1708614739083891134,0.003086,0.009259,0.987654,0.000000
1708614739183967435,0.003115,0.003115,0.993769,0.000000
1708614739284044937,0.006192,0.006192,0.987616,0.000000
1708614739384121830,0.009288,0.003096,0.987616,0.000000
1708614739484199933,0.003125,0.000000,0.996875,0.000000
1708614739584277528,0.000000,0.003125,0.996875,0.000000
1708614739684356504,0.003106,0.006211,0.990683,0.000000
1708614739784435305,0.006211,0.003106,0.990683,0.000000
1708614739884513163,0.006211,0.003106,0.990683,0.000000
1708614739984588668,0.006211,0.003106,0.990683,0.000000
1708614740084665319,0.003106,0.003106,0.993789,0.000000
1708614740184742368,0.006211,0.003106,0.990683,0.000000
1708614740284820616,0.006231,0.000000,0.993769,0.000000
1708614740384902083,0.000000,0.003125,0.996875,0.000000
1708614740484977555,0.006231,0.000000,0.993769,0.000000
1708614740585053909,0.000000,0.003125,0.996875,0.000000
1708614740685132360,0.006231,0.000000,0.993769,0.000000
1708614740785210040,0.000000,0.003125,0.996875,0.000000
1708614740885287087,0.000000,0.000000,1.000000,0.000000
1708614740985363302,0.000000,0.000000,1.000000,0.000000
1708614741085440032,0.003125,0.000000,0.996875,0.000000
1708614741185516517,0.003125,0.000000,0.996875,0.000000
1708614741285593059,0.000000,0.000000,1.000000,0.000000
1708614741385669196,0.003115,0.003115,0.993769,0.000000
1708614741485745435,0.000000,0.000000,1.000000,0.000000
1708614741585822703,0.000000,0.000000,1.000000,0.000000
1708614741685899323,0.000000,0.000000,1.000000,0.000000
1708614741786006202,0.000000,0.000000,1.000000,0.000000
1708614741886073827,0.000000,0.000000,1.000000,0.000000
1708614741986149404,0.000000,0.000000,1.000000,0.000000
1708614742086226087,0.000000,0.000000,1.000000,0.000000
1708614742186302735,0.003125,0.000000,0.996875,0.000000
1708614742286379094,0.000000,0.003125,0.996875,0.000000
1708614742386455691,0.000000,0.000000,1.000000,0.000000
1708614742486531662,0.000000,0.000000,1.000000,0.000000
1708614742586608652,0.000000,0.000000,1.000000,0.000000
1708614742686685862,0.000000,0.000000,1.000000,0.000000
1708614742786764277,0.003125,0.000000,0.996875,0.000000
1708614742886840867,0.009288,0.003096,0.987616,0.000000
1708614742986917296,0.006231,0.000000,0.993769,0.000000
1708614743086994194,0.000000,0.000000,1.000000,0.000000
1708614743187071182,0.003125,0.000000,0.996875,0.000000
1708614743287147127,0.000000,0.003125,0.996875,0.000000
1708614743387224245,0.000000,0.003125,0.996875,0.000000
1708614743487301841,0.000000,0.000000,1.000000,0.000000
1708614743587379057,0.003106,0.003106,0.993789,0.000000
1708614743687456271,0.003115,0.003115,0.993769,0.000000
1708614743787535473,0.000000,0.009317,0.990683,0.000000
1708614743887612670,0.006173,0.009259,0.984568,0.000000
1708614743987688811,0.006192,0.006192,0.987616,0.000000
1708614744087765442,0.012308,0.006154,0.981538,0.000000
1708614744187841959,0.009317,0.000000,0.990683,0.000000
1708614744287918537,0.009202,0.012270,0.978528,0.000000
1708614744387995125,0.012346,0.003086,0.984568,0.000000
1708614744488071590,0.003096,0.009288,0.987616,0.000000
1708614744588147882,0.012384,0.000000,0.987616,0.000000
1708614744688225532,0.006154,0.009231,0.984615,0.000000
1708614744788303827,0.000000,0.003125,0.996875,0.000000
1708614744888380596,0.003125,0.000000,0.996875,0.000000
1708614744988456590,0.003115,0.003115,0.993769,0.000000
1708614745088539608,0.018809,0.003135,0.978056,0.000000
1708614745188649061,0.337580,0.070064,0.592357,0.000000
1708614745288872917,0.327273,0.207273,0.465455,0.000000
1708614745388983173,0.255319,0.258865,0.485816,0.000000
1708614745489143870,0.514196,0.375394,0.110410,0.000000
1708614745589355002,0.655172,0.338558,0.006270,0.000000
1708614745689547246,0.620690,0.366771,0.012539,0.000000
1708614745789777757,0.821317,0.175549,0.003135,0.000000
1708614745890015322,0.918675,0.078313,0.003012,0.000000
1708614745995897481,0.894260,0.102719,0.003021,0.000000
1708614746094152545,0.937500,0.059375,0.003125,0.000000
1708614746194322128,0.899687,0.084639,0.015674,0.000000
1708614746294496713,0.792763,0.078947,0.128289,0.000000
1708614746394598167,0.283439,0.070064,0.646497,0.000000
1708614746494700979,0.006349,0.006349,0.987302,0.000000
1708614746594797118,0.003125,0.003125,0.993750,0.000000
1708614746694876829,0.000000,0.003135,0.996865,0.000000
1708614746794974501,0.268519,0.064815,0.666667,0.000000
1708614746895127365,0.382143,0.203571,0.414286,0.000000
1708614746995267076,0.303571,0.253571,0.442857,0.000000
1708614747095410503,0.638365,0.273585,0.088050,0.000000
1708614747195613888,0.662461,0.312303,0.025237,0.000000
1708614747295803792,0.640379,0.350158,0.009464,0.000000
1708614747395997559,0.840625,0.146875,0.012500,0.000000
1708614747496196555,0.903125,0.093750,0.003125,0.000000
1708614747596401279,0.915625,0.081250,0.003125,0.000000
1708614747696613680,0.934169,0.056426,0.009404,0.000000
1708614747796911160,0.886792,0.094340,0.018868,0.000000
1708614747897054496,0.606349,0.149206,0.244444,0.000000
1708614747997220249,0.153125,0.053125,0.793750,0.000000
1708614748097311345,0.028302,0.028302,0.943396,0.000000
1708614748197432406,0.198718,0.012821,0.788462,0.000000
1708614748297539834,0.003145,0.003145,0.993711,0.000000
1708614748397637342,0.116719,0.041009,0.842271,0.000000
1708614748497770687,0.471947,0.138614,0.389439,0.000000
1708614748597935331,0.275735,0.238971,0.485294,0.000000
1708614748698202414,0.365449,0.318937,0.315615,0.000000
1708614748798415480,0.566038,0.411950,0.022013,0.000000
1708614748898566115,0.600000,0.390625,0.009375,0.000000
1708614749003397747,0.678125,0.315625,0.006250,0.000000
1708614749102052407,0.843373,0.153614,0.003012,0.000000
1708614749229285543,0.859838,0.134771,0.005391,0.000000
1708614749325858748,0.918919,0.081081,0.000000,0.000000
1708614749424234837,0.862069,0.115987,0.021944,0.000000
1708614749524420956,0.931464,0.059190,0.009346,0.000000
1708614749624582769,0.766355,0.127726,0.105919,0.000000
1708614749724677368,0.046012,0.104294,0.849693,0.000000
1708614749824785512,0.006270,0.006270,0.987461,0.000000
1708614749924886759,0.000000,0.003145,0.996855,0.000000
