Time,User,Kernel,Idle,IoWait
1707990980277320262,0.011628,0.007752,0.980620,0.000000
1707990980297601588,0.015564,0.003891,0.980545,0.000000
1707990980317927299,0.011765,0.011765,0.976471,0.000000
1707990980338238872,0.012000,0.020000,0.968000,0.000000
1707990980358589761,0.016064,0.020080,0.963855,0.000000
1707990980378977821,0.012048,0.028112,0.959839,0.000000
1707990980399400558,0.012048,0.028112,0.959839,0.000000
1707990980419856932,0.015936,0.043825,0.940239,0.000000
1707990980440265023,0.012000,0.060000,0.928000,0.000000
1707990980460311465,0.016529,0.053719,0.929752,0.000000
1707990980480521681,0.012552,0.062762,0.924686,0.000000
1707990980500717587,0.016598,0.058091,0.925311,0.000000
1707990980520978543,0.016194,0.068826,0.914980,0.000000
1707990980541232592,0.019455,0.058366,0.922179,0.000000
1707990980561594893,0.019231,0.092308,0.888462,0.000000
1707990980581996041,0.023529,0.070588,0.905882,0.000000
1707990980602284982,0.031250,0.046875,0.921875,0.000000
1707990980622672578,0.015504,0.019380,0.965116,0.000000
1707990980643096281,0.007576,0.015152,0.977273,0.000000
1707990980664470014,0.011450,0.019084,0.969466,0.000000
1707990980684192734,0.015504,0.027132,0.957364,0.000000
1707990980704384747,0.031373,0.031373,0.937255,0.000000
1707990980725986957,0.011070,0.051661,0.937269,0.000000
1707990980746340480,0.094697,0.079545,0.825758,0.000000
1707990980766773812,0.046154,0.030769,0.923077,0.000000
1707990980787164224,0.015504,0.015504,0.968992,0.000000
1707990980807761707,0.030418,0.022814,0.946768,0.000000
1707990980828323194,0.015326,0.072797,0.911877,0.000000
1707990980848357005,0.052000,0.044000,0.904000,0.000000
1707990980869907046,0.018868,0.075472,0.905660,0.000000
1707990980890168150,0.031496,0.070866,0.897638,0.000000
1707990980910477951,0.074803,0.062992,0.862205,0.000000
1707990980930887038,0.058140,0.034884,0.906977,0.000000
1707990980951601624,0.030888,0.042471,0.926641,0.000000
1707990980972152894,0.015385,0.038462,0.946154,0.000000
1707990980992315329,0.030769,0.038462,0.930769,0.000000
1707990981012498436,0.027237,0.058366,0.914397,0.000000
1707990981032764680,0.039216,0.047059,0.913725,0.000000
1707990981053080017,0.023715,0.035573,0.940711,0.000000
1707990981073695509,0.042802,0.054475,0.902724,0.000000
1707990981093915220,0.031496,0.051181,0.917323,0.000000
1707990981114277761,0.042471,0.046332,0.911197,0.003861
1707990981134697398,0.047244,0.051181,0.901575,0.003937
1707990981155149406,0.068966,0.065134,0.865900,0.000000
1707990981176080207,0.069498,0.073359,0.857143,0.000000
1707990981196449847,0.079848,0.091255,0.828897,0.000000
1707990981216967625,0.093750,0.078125,0.828125,0.000000
1707990981237104493,0.062016,0.178295,0.759690,0.000000
1707990981257543788,0.108527,0.205426,0.686047,0.000000
1707990981277900734,0.142292,0.071146,0.786561,0.000000
1707990981298487268,0.105469,0.082031,0.812500,0.000000
1707990981318987653,0.088000,0.112000,0.800000,0.000000
1707990981339413907,0.120690,0.344828,0.534483,0.000000
1707990981360005941,0.128906,0.179688,0.691406,0.000000
1707990981380213667,0.208029,0.288321,0.503650,0.000000
1707990981400437848,0.244361,0.278195,0.477444,0.000000
1707990981420773217,0.268000,0.240000,0.492000,0.000000
1707990981441108052,0.262548,0.258687,0.478764,0.000000
1707990981462803519,0.371747,0.237918,0.390335,0.000000
1707990981483354097,0.263158,0.441296,0.295547,0.000000
1707990981503822255,0.358491,0.188679,0.452830,0.000000
1707990981524300162,0.362712,0.210169,0.427119,0.000000
1707990981544514525,0.298387,0.185484,0.516129,0.000000
1707990981564874701,0.293893,0.202290,0.503817,0.000000
1707990981585242215,0.192771,0.449799,0.357430,0.000000
1707990981605683842,0.333333,0.182927,0.483740,0.000000
1707990981626091740,0.325397,0.202381,0.472222,0.003968
1707990981646702389,0.258824,0.203922,0.537255,0.000000
1707990981667261142,0.240343,0.429185,0.330472,0.000000
1707990981691856835,0.245614,0.368421,0.385965,0.000000
1707990981710991810,0.252788,0.405204,0.342007,0.000000
1707990981731547709,0.213115,0.286885,0.500000,0.000000
1707990981752149624,0.300813,0.256098,0.443089,0.000000
1707990981772437035,0.334416,0.314935,0.350649,0.000000
1707990981792813080,0.370518,0.239044,0.390438,0.000000
1707990981813385034,0.353175,0.257937,0.388889,0.000000
1707990981833719151,0.366667,0.216667,0.416667,0.000000
1707990981854218356,0.308000,0.320000,0.372000,0.000000
1707990981874709264,0.373585,0.241509,0.384906,0.000000
1707990981895299250,0.327801,0.315353,0.356846,0.000000
1707990981915930122,0.368421,0.228070,0.403509,0.000000
1707990981936270219,0.420074,0.204461,0.375465,0.000000
1707990981956523187,0.466431,0.229682,0.303887,0.000000
1707990981976914956,0.337963,0.157407,0.504630,0.000000
1707990981997358087,0.373494,0.204819,0.421687,0.000000
1707990982017706374,0.282051,0.256410,0.461538,0.000000
1707990982038228009,0.348361,0.196721,0.454918,0.000000
1707990982058648806,0.215686,0.180392,0.603922,0.000000
1707990982079210366,0.195489,0.240602,0.563910,0.000000
1707990982099709888,0.257511,0.274678,0.467811,0.000000
1707990982120343295,0.210884,0.357143,0.431973,0.000000
1707990982140555728,0.261603,0.232068,0.506329,0.000000
1707990982161038829,0.291498,0.315789,0.392713,0.000000
1707990982181331775,0.342520,0.236220,0.421260,0.000000
1707990982201782132,0.195349,0.186047,0.618605,0.000000
1707990982222268519,0.291188,0.318008,0.390805,0.000000
1707990982242711223,0.173228,0.240157,0.586614,0.000000
1707990982263264657,0.316964,0.169643,0.513393,0.000000
1707990982283838929,0.266010,0.078818,0.655172,0.000000
1707990982304299713,0.167300,0.281369,0.551331,0.000000
1707990982324481976,0.219828,0.163793,0.616379,0.000000
1707990982344788307,0.118774,0.279693,0.601533,0.000000
1707990982365165133,0.179389,0.206107,0.614504,0.000000
1707990982385488170,0.105485,0.139241,0.755274,0.000000
1707990982405891069,0.152344,0.199219,0.648438,0.000000
1707990982426349309,0.236000,0.076000,0.688000,0.000000
1707990982446844319,0.053191,0.482270,0.464539,0.000000
1707990982468017774,0.077821,0.221790,0.700389,0.000000
1707990982488310794,0.136531,0.199262,0.664207,0.000000
1707990982508445594,0.152941,0.141176,0.705882,0.000000
1707990982528698757,0.190476,0.071429,0.738095,0.000000
1707990982548991891,0.050388,0.069767,0.879845,0.000000
1707990982569294227,0.126354,0.306859,0.566787,0.000000
1707990982589739974,0.048583,0.048583,0.902834,0.000000
1707990982610656785,0.035573,0.047431,0.916996,0.000000
1707990982630903578,0.040000,0.120000,0.840000,0.000000
1707990982651374948,0.052830,0.124528,0.822642,0.000000
1707990982671890532,0.081395,0.062016,0.856589,0.000000
1707990982692253986,0.104167,0.191667,0.704167,0.000000
1707990982712452669,0.113281,0.042969,0.843750,0.000000
1707990982732744790,0.087542,0.292929,0.619529,0.000000
1707990982753090923,0.149502,0.408638,0.441860,0.000000
1707990982773480498,0.159836,0.168033,0.672131,0.000000
1707990982793906606,0.344000,0.124000,0.532000,0.000000
1707990982814357200,0.200000,0.030769,0.769231,0.000000
1707990982834821048,0.050584,0.132296,0.817121,0.000000
1707990982855351336,0.034884,0.038760,0.926357,0.000000
1707990982875737247,0.000000,0.142857,0.857143,0.000000
1707990982896261368,0.059524,0.416667,0.523810,0.000000
1707990982916440905,0.008403,0.029412,0.962185,0.000000
1707990982936938911,0.023715,0.039526,0.936759,0.000000
1707990982957398312,0.019011,0.129278,0.851711,0.000000
1707990982977611950,0.020747,0.020747,0.958506,0.000000
1707990982998437403,0.062500,0.058594,0.878906,0.000000
1707990983018780085,0.043478,0.015810,0.940711,0.000000
1707990983039507484,0.011858,0.035573,0.952569,0.000000
1707990983059865226,0.007905,0.011858,0.980237,0.000000
1707990983080361333,0.007692,0.015385,0.976923,0.000000
1707990983100703088,0.000000,0.007843,0.992157,0.000000
1707990983121130519,0.007692,0.011538,0.980769,0.000000
1707990983141328039,0.015504,0.007752,0.976744,0.000000
1707990983161667747,0.007812,0.011719,0.980469,0.000000
1707990983181979295,0.011628,0.015504,0.972868,0.000000
1707990983202368522,0.011858,0.031621,0.956522,0.000000
1707990983222727277,0.007634,0.049618,0.942748,0.000000
1707990983243113106,0.011538,0.023077,0.965385,0.000000
1707990983263212366,0.011811,0.015748,0.972441,0.000000
1707990983283368306,0.007812,0.015625,0.976562,0.000000
1707990983304305857,0.003846,0.030769,0.965385,0.000000
1707990983324227769,0.047619,0.175824,0.776557,0.000000
1707990983344406219,0.035714,0.039683,0.924603,0.000000
1707990983364565483,0.047101,0.097826,0.855072,0.000000
1707990983384828544,0.043478,0.101449,0.855072,0.000000
1707990983405102226,0.028226,0.016129,0.955645,0.000000
1707990983425247290,0.037313,0.093284,0.869403,0.000000
1707990983445468515,0.055172,0.120690,0.824138,0.000000
1707990983465689143,0.019608,0.011765,0.968627,0.000000
1707990983485875522,0.052434,0.022472,0.925094,0.000000
1707990983506056916,0.000000,0.011858,0.988142,0.000000
1707990983526281897,0.003922,0.007843,0.988235,0.000000
1707990983546735792,0.003906,0.007812,0.988281,0.000000
1707990983567035593,0.000000,0.049057,0.950943,0.000000
1707990983587205407,0.000000,0.016000,0.984000,0.000000
1707990983607395320,0.007752,0.015504,0.976744,0.000000
1707990983627588217,0.007874,0.011811,0.980315,0.000000
1707990983647742666,0.003906,0.015625,0.980469,0.000000
1707990983668006757,0.003861,0.015444,0.980695,0.000000
1707990983688443885,0.007722,0.000000,0.992278,0.000000
1707990983708536361,0.000000,0.015748,0.984252,0.000000
1707990983728800860,0.003876,0.015504,0.980620,0.000000
1707990983749033405,0.007722,0.015444,0.976834,0.000000
1707990983769232631,0.027132,0.015504,0.957364,0.000000
1707990983789742972,0.011673,0.007782,0.980545,0.000000
1707990983809938977,0.019305,0.023166,0.957529,0.000000
1707990983830422054,0.019231,0.023077,0.957692,0.000000
1707990983850461310,0.011719,0.023438,0.964844,0.000000
1707990983870690516,0.015564,0.023346,0.961089,0.000000
1707990983890841352,0.023256,0.023256,0.953488,0.000000
1707990983911039828,0.019455,0.038911,0.941634,0.000000
1707990983931305918,0.023529,0.023529,0.952941,0.000000
1707990983951687028,0.012048,0.048193,0.939759,0.000000
1707990983972870336,0.051661,0.099631,0.848708,0.000000
1707990983993241423,0.035433,0.035433,0.929134,0.000000
1707990984013216582,0.041199,0.067416,0.891386,0.000000
1707990984033668132,0.022901,0.080153,0.896947,0.000000
1707990984054037634,0.074906,0.059925,0.865169,0.000000
1707990984074131637,0.039062,0.050781,0.910156,0.000000
1707990984094302043,0.057692,0.050000,0.892308,0.000000
1707990984114693501,0.048000,0.032000,0.920000,0.000000
1707990984134798355,0.094697,0.071970,0.833333,0.000000
1707990984156038584,0.075000,0.064286,0.860714,0.000000
1707990984176907246,0.051587,0.047619,0.900794,0.000000
1707990984197080502,0.034884,0.038760,0.926357,0.000000
1707990984217313805,0.031250,0.039062,0.929688,0.000000
1707990984237675739,0.031621,0.067194,0.901186,0.000000
1707990984258257182,0.066406,0.046875,0.886719,0.000000
1707990984278643633,0.046154,0.053846,0.900000,0.000000
1707990984299166427,0.031873,0.059761,0.908367,0.000000
1707990984319302885,0.069498,0.054054,0.876448,0.000000
1707990984339549714,0.066148,0.054475,0.879377,0.000000
1707990984359734162,0.043825,0.091633,0.864542,0.000000
1707990984380235857,0.072243,0.178707,0.749049,0.000000
1707990984400315446,0.121019,0.308917,0.570064,0.000000
1707990984420541861,0.119403,0.085821,0.794776,0.000000
1707990984440753480,0.091270,0.055556,0.853175,0.000000
1707990984460987561,0.133333,0.133333,0.733333,0.000000
1707990984481229827,0.136882,0.083650,0.779468,0.000000
1707990984501430563,0.142857,0.300366,0.556777,0.000000
1707990984521762947,0.135036,0.127737,0.737226,0.000000
1707990984541946353,0.177165,0.090551,0.732283,0.000000
1707990984562231498,0.196787,0.140562,0.662651,0.000000
1707990984582643782,0.097276,0.097276,0.805447,0.000000
1707990984604726091,0.103203,0.096085,0.800712,0.000000
1707990984625173081,0.191638,0.229965,0.578397,0.000000
1707990984645099091,0.146939,0.220408,0.632653,0.000000
1707990984665420557,0.145985,0.368613,0.485401,0.000000
1707990984685733816,0.231618,0.213235,0.555147,0.000000
1707990984706052024,0.264286,0.228571,0.507143,0.000000
1707990984726261695,0.160584,0.474453,0.364964,0.000000
1707990984746470141,0.354331,0.169291,0.476378,0.000000
1707990984766815639,0.236220,0.185039,0.578740,0.000000
1707990984787096198,0.247934,0.148760,0.603306,0.000000
1707990984807329199,0.140741,0.133333,0.725926,0.000000
1707990984827545623,0.068000,0.072000,0.860000,0.000000
1707990984847820122,0.098182,0.243636,0.658182,0.000000
1707990984868028276,0.080000,0.052000,0.868000,0.000000
1707990984888689315,0.114068,0.155894,0.730038,0.000000
1707990984908738645,0.118959,0.282528,0.598513,0.000000
1707990984928980710,0.235507,0.246377,0.518116,0.000000
1707990984949195424,0.158491,0.203774,0.637736,0.000000
1707990984969406558,0.217391,0.166008,0.616601,0.000000
1707990984989643890,0.142857,0.111111,0.746032,0.000000
1707990985009913730,0.127907,0.344961,0.527132,0.000000
1707990985030141979,0.182109,0.322684,0.495208,0.000000
1707990985050372746,0.110672,0.114625,0.774704,0.000000
1707990985070620005,0.097959,0.118367,0.783673,0.000000
1707990985090901835,0.150794,0.333333,0.515873,0.000000
1707990985111185800,0.275000,0.258333,0.466667,0.000000
1707990985131488644,0.180077,0.333333,0.486590,0.000000
1707990985151810470,0.233108,0.408784,0.358108,0.000000
1707990985172117526,0.293233,0.244361,0.462406,0.000000
1707990985192340001,0.237354,0.194553,0.568093,0.000000
1707990985212674907,0.277372,0.259124,0.463504,0.000000
1707990985232990711,0.303502,0.276265,0.420233,0.000000
1707990985253253809,0.409639,0.152610,0.437751,0.000000
1707990985273500847,0.284000,0.312000,0.404000,0.000000
1707990985293820657,0.236842,0.473684,0.289474,0.000000
1707990985314283535,0.298113,0.233962,0.467925,0.000000
1707990985334551360,0.124000,0.296000,0.580000,0.000000
1707990985354813490,0.178571,0.250000,0.571429,0.000000
1707990985375093654,0.207843,0.333333,0.458824,0.000000
1707990985395367330,0.207843,0.215686,0.576471,0.000000
1707990985415645901,0.201521,0.266160,0.532319,0.000000
1707990985435952432,0.205426,0.391473,0.403101,0.000000
1707990985456235701,0.366300,0.249084,0.384615,0.000000
1707990985476608876,0.240506,0.210970,0.548523,0.000000
1707990985496849071,0.303965,0.140969,0.555066,0.000000
1707990985517078574,0.187726,0.202166,0.610108,0.000000
1707990985537308291,0.192171,0.092527,0.715302,0.000000
1707990985557547169,0.239700,0.198502,0.561798,0.000000
1707990985577826535,0.182510,0.136882,0.680608,0.000000
1707990985598081418,0.217712,0.180812,0.601476,0.000000
1707990985618365161,0.171756,0.076336,0.751908,0.000000
1707990985638570409,0.119522,0.091633,0.788845,0.000000
1707990985658766869,0.081633,0.053061,0.865306,0.000000
1707990985679296019,0.037175,0.096654,0.866171,0.000000
1707990985699383433,0.047619,0.206349,0.746032,0.000000
1707990985719552627,0.028571,0.267857,0.703571,0.000000
1707990985739783995,0.077160,0.475309,0.447531,0.000000
1707990985760117002,0.230469,0.144531,0.625000,0.000000
1707990985780348512,0.295833,0.091667,0.612500,0.000000
1707990985800561316,0.152482,0.067376,0.780142,0.000000
1707990985820784958,0.085034,0.190476,0.724490,0.000000
1707990985840982687,0.014545,0.145455,0.840000,0.000000
1707990985861203610,0.015209,0.110266,0.874525,0.000000
1707990985881415957,0.034221,0.091255,0.874525,0.000000
1707990985901958904,0.028340,0.016194,0.955466,0.000000
1707990985922057860,0.068441,0.068441,0.863118,0.000000
1707990985942305546,0.080460,0.045977,0.873563,0.000000
1707990985962691921,0.058140,0.054264,0.887597,0.000000
1707990985982787962,0.014184,0.117021,0.868794,0.000000
1707990986002956710,0.007812,0.019531,0.972656,0.000000
1707990986023146568,0.015748,0.007874,0.976378,0.000000
1707990986043326935,0.007874,0.015748,0.976378,0.000000
1707990986063506080,0.008032,0.012048,0.979920,0.000000
1707990986083700154,0.011628,0.019380,0.968992,0.000000
1707990986103929009,0.019531,0.027344,0.953125,0.000000
1707990986124103169,0.019841,0.011905,0.968254,0.000000
1707990986144293400,0.003717,0.070632,0.925651,0.000000
1707990986164476166,0.038462,0.126923,0.834615,0.000000
1707990986185238256,0.010345,0.196552,0.793103,0.000000
1707990986205577122,0.012448,0.033195,0.954357,0.000000
1707990986225719261,0.020833,0.177083,0.802083,0.000000
1707990986246219699,0.032000,0.020000,0.948000,0.000000
1707990986266308169,0.032389,0.044534,0.923077,0.000000
1707990986286540912,0.031373,0.054902,0.913725,0.000000
1707990986306773404,0.057471,0.057471,0.885057,0.000000
1707990986326950004,0.130742,0.067138,0.802120,0.000000
1707990986347153981,0.015686,0.019608,0.964706,0.000000
1707990986367545448,0.057348,0.189964,0.752688,0.000000
1707990986387669803,0.036697,0.272171,0.691131,0.000000
1707990986408087418,0.015385,0.053846,0.930769,0.000000
1707990986428203550,0.040293,0.073260,0.886447,0.000000
1707990986449348456,0.036232,0.086957,0.876812,0.000000
1707990986469809662,0.036101,0.079422,0.884477,0.000000
1707990986490674749,0.051793,0.039841,0.908367,0.000000
1707990986510619508,0.085603,0.031128,0.883268,0.000000
1707990986530840104,0.046763,0.100719,0.852518,0.000000
1707990986550980881,0.007812,0.027344,0.964844,0.000000
1707990986571197028,0.011719,0.019531,0.968750,0.000000
1707990986591362943,0.015444,0.023166,0.961390,0.000000
1707990986611507494,0.019685,0.015748,0.964567,0.000000
1707990986631675618,0.027132,0.027132,0.945736,0.000000
1707990986651838245,0.015504,0.038760,0.945736,0.000000
1707990986672140390,0.035294,0.023529,0.941176,0.000000
1707990986692482919,0.027668,0.035573,0.936759,0.000000
1707990986712569594,0.019380,0.042636,0.937984,0.000000
1707990986732833639,0.047809,0.107570,0.844622,0.000000
1707990986752974310,0.018382,0.095588,0.886029,0.000000
1707990986773371594,0.015504,0.034884,0.949612,0.000000
1707990986793460490,0.034749,0.027027,0.938224,0.000000
1707990986813764809,0.027132,0.042636,0.930233,0.000000
1707990986834194717,0.070370,0.059259,0.870370,0.000000
1707990986854273609,0.096899,0.027132,0.875969,0.000000
1707990986874487167,0.035433,0.031496,0.933071,0.000000
1707990986894724455,0.039370,0.023622,0.937008,0.000000
1707990986914968825,0.046693,0.019455,0.933852,0.000000
1707990986935204042,0.027451,0.015686,0.956863,0.000000
1707990986955455851,0.092937,0.018587,0.888476,0.000000
1707990986975758108,0.011673,0.015564,0.972763,0.000000
1707990986995911023,0.019305,0.030888,0.949807,0.000000
1707990987016074516,0.011719,0.019531,0.968750,0.000000
1707990987036231869,0.015504,0.089147,0.895349,0.000000
1707990987056453656,0.032028,0.149466,0.818505,0.000000
1707990987076643879,0.043478,0.115942,0.840580,0.000000
1707990987096899413,0.026022,0.126394,0.847584,0.000000
1707990987117241462,0.024000,0.044000,0.932000,0.000000
1707990987137604345,0.068592,0.097473,0.833935,0.000000
1707990987157750706,0.048780,0.032520,0.918699,0.000000
1707990987178248208,0.056604,0.083019,0.860377,0.000000
1707990987198370800,0.079365,0.039683,0.880952,0.000000
1707990987218836032,0.107692,0.038462,0.853846,0.000000
1707990987238996503,0.090566,0.033962,0.875472,0.000000
1707990987259224712,0.055777,0.362550,0.581673,0.000000
1707990987279501225,0.063380,0.345070,0.591549,0.000000
1707990987299680246,0.048689,0.131086,0.820225,0.000000
1707990987319954785,0.089552,0.100746,0.809701,0.000000
1707990987340175703,0.047059,0.086275,0.866667,0.000000
1707990987360393490,0.050193,0.235521,0.714286,0.000000
1707990987380678529,0.098901,0.468864,0.432234,0.000000
1707990987400923375,0.226766,0.315985,0.457249,0.000000
1707990987421274093,0.384615,0.161538,0.453846,0.000000
1707990987441543013,0.314516,0.052419,0.633065,0.000000
1707990987461780035,0.174721,0.130112,0.695167,0.000000
1707990987482078330,0.103806,0.249135,0.647059,0.000000
1707990987502241751,0.051181,0.035433,0.913386,0.000000
1707990987522411960,0.012146,0.056680,0.931174,0.000000
1707990987542565935,0.028000,0.028000,0.944000,0.000000
1707990987562739798,0.015564,0.058366,0.926070,0.000000
1707990987582893299,0.020270,0.236486,0.743243,0.000000
1707990987603074230,0.048148,0.137037,0.814815,0.000000
1707990987623293367,0.113636,0.056818,0.829545,0.000000
1707990987643559550,0.011765,0.015686,0.972549,0.000000
1707990987663984490,0.011905,0.019841,0.968254,0.000000
1707990987684328061,0.000000,0.007752,0.992248,0.000000
1707990987704622535,0.003774,0.101887,0.894340,0.000000
1707990987724704395,0.000000,0.100358,0.899642,0.000000
1707990987744883501,0.003906,0.011719,0.984375,0.000000
1707990987765073918,0.003922,0.007843,0.988235,0.000000
1707990987785255119,0.000000,0.003891,0.996109,0.000000
1707990987805689969,0.000000,0.000000,1.000000,0.000000
1707990987826052596,0.000000,0.000000,1.000000,0.000000
1707990987846370997,0.000000,0.003906,0.996094,0.000000
1707990987866495620,0.003922,0.003922,0.992157,0.000000
1707990987886940812,0.000000,0.007722,0.992278,0.000000
1707990987907304563,0.000000,0.003861,0.996139,0.000000
1707990987927657030,0.000000,0.000000,1.000000,0.000000
1707990987948005922,0.003846,0.000000,0.996154,0.000000
1707990987968075789,0.000000,0.000000,1.000000,0.000000
1707990987988237229,0.000000,0.000000,1.000000,0.000000
1707990988008677335,0.000000,0.000000,1.000000,0.000000
1707990988029025661,0.000000,0.000000,1.000000,0.000000
1707990988049374119,0.000000,0.000000,1.000000,0.000000
1707990988069723131,0.000000,0.000000,1.000000,0.000000
1707990988090044035,0.000000,0.000000,1.000000,0.000000
1707990988110135203,0.000000,0.000000,1.000000,0.000000
1707990988130572202,0.000000,0.000000,1.000000,0.000000
1707990988150905104,0.000000,0.000000,1.000000,0.000000
1707990988171005215,0.000000,0.000000,1.000000,0.000000
1707990988191438759,0.000000,0.000000,1.000000,0.000000
1707990988211786718,0.000000,0.000000,1.000000,0.000000
1707990988232130774,0.000000,0.003846,0.996154,0.000000
1707990988252196833,0.000000,0.000000,1.000000,0.000000
1707990988272640783,0.000000,0.000000,1.000000,0.000000
1707990988292989397,0.000000,0.000000,1.000000,0.000000
1707990988313335653,0.000000,0.000000,1.000000,0.000000
1707990988333431249,0.000000,0.000000,1.000000,0.000000
1707990988353865307,0.000000,0.000000,1.000000,0.000000
1707990988374212790,0.000000,0.000000,1.000000,0.000000
1707990988394309862,0.000000,0.000000,1.000000,0.000000
1707990988414741342,0.000000,0.000000,1.000000,0.000000
1707990988435089080,0.000000,0.000000,1.000000,0.000000
1707990988455438566,0.000000,0.000000,1.000000,0.000000
1707990988475770380,0.000000,0.000000,1.000000,0.000000
1707990988495889752,0.000000,0.000000,1.000000,0.000000
1707990988516302783,0.000000,0.000000,1.000000,0.000000
1707990988536655843,0.000000,0.000000,1.000000,0.000000
1707990988557002390,0.000000,0.000000,1.000000,0.000000
1707990988577350477,0.000000,0.000000,1.000000,0.000000
1707990988597699456,0.000000,0.000000,1.000000,0.000000
1707990988618076443,0.000000,0.000000,1.000000,0.000000
1707990988638416478,0.000000,0.000000,1.000000,0.000000
1707990988658765849,0.000000,0.000000,1.000000,0.000000
1707990988679114534,0.000000,0.000000,1.000000,0.000000
1707990988699463927,0.000000,0.000000,1.000000,0.000000
1707990988719813087,0.000000,0.000000,1.000000,0.000000
1707990988740197117,0.000000,0.000000,1.000000,0.000000
1707990988760254822,0.000000,0.000000,1.000000,0.000000
1707990988780696361,0.000000,0.000000,1.000000,0.000000
1707990988801031489,0.000000,0.000000,1.000000,0.000000
1707990988821130969,0.000000,0.000000,1.000000,0.000000
1707990988841563842,0.000000,0.000000,1.000000,0.000000
1707990988861913831,0.000000,0.000000,1.000000,0.000000
1707990988882285926,0.000000,0.000000,1.000000,0.000000
1707990988902373378,0.000000,0.000000,1.000000,0.000000
1707990988922805323,0.000000,0.000000,1.000000,0.000000
1707990988943156208,0.000000,0.000000,1.000000,0.000000
1707990988963503950,0.000000,0.000000,1.000000,0.000000
1707990988983853005,0.000000,0.003831,0.996169,0.000000
1707990989004234912,0.000000,0.000000,1.000000,0.000000
1707990989024572155,0.000000,0.000000,1.000000,0.000000
1707990989044920607,0.000000,0.000000,1.000000,0.000000
1707990989065272599,0.000000,0.000000,1.000000,0.000000
1707990989085620235,0.000000,0.000000,1.000000,0.000000
1707990989106003532,0.000000,0.000000,1.000000,0.000000
1707990989126339903,0.000000,0.000000,1.000000,0.000000
1707990989146688630,0.000000,0.000000,1.000000,0.000000
1707990989167036352,0.000000,0.000000,1.000000,0.000000
1707990989187385535,0.000000,0.000000,1.000000,0.000000
1707990989207733550,0.000000,0.000000,1.000000,0.000000
1707990989228115549,0.000000,0.000000,1.000000,0.000000
1707990989248452622,0.000000,0.000000,1.000000,0.000000
1707990989268800026,0.000000,0.000000,1.000000,0.000000
1707990989289133448,0.000000,0.000000,1.000000,0.000000
1707990989309233095,0.000000,0.000000,1.000000,0.000000
1707990989329666719,0.000000,0.003831,0.996169,0.000000
1707990989349999016,0.000000,0.000000,1.000000,0.000000
1707990989370355478,0.000000,0.000000,1.000000,0.000000
1707990989390702953,0.000000,0.000000,1.000000,0.000000
1707990989411052124,0.000000,0.000000,1.000000,0.000000
1707990989431399528,0.000000,0.000000,1.000000,0.000000
1707990989451746469,0.000000,0.000000,1.000000,0.000000
1707990989472129318,0.000000,0.000000,1.000000,0.000000
1707990989492465330,0.000000,0.000000,1.000000,0.000000
1707990989512815574,0.000000,0.000000,1.000000,0.000000
1707990989533162390,0.000000,0.000000,1.000000,0.000000
1707990989553510770,0.000000,0.000000,1.000000,0.000000
1707990989573843096,0.000000,0.000000,1.000000,0.000000
1707990989593918782,0.000000,0.000000,1.000000,0.000000
1707990989614094205,0.000000,0.000000,1.000000,0.000000
1707990989634531290,0.000000,0.000000,1.000000,0.000000
1707990989654878608,0.000000,0.000000,1.000000,0.000000
1707990989675228844,0.000000,0.000000,1.000000,0.000000
1707990989695576895,0.000000,0.000000,1.000000,0.000000
1707990989715960758,0.000000,0.000000,1.000000,0.000000
1707990989736228823,0.000000,0.000000,1.000000,0.000000
1707990989756599645,0.000000,0.003831,0.996169,0.000000
1707990989776932294,0.000000,0.000000,1.000000,0.000000
1707990989797033490,0.000000,0.000000,1.000000,0.000000
1707990989817465898,0.000000,0.000000,1.000000,0.000000
1707990989837814042,0.000000,0.000000,1.000000,0.000000
1707990989858149409,0.000000,0.000000,1.000000,0.000000
1707990989878192048,0.000000,0.000000,1.000000,0.000000
1707990989898390803,0.000000,0.000000,1.000000,0.000000
1707990989918822205,0.000000,0.000000,1.000000,0.000000
1707990989939171913,0.000000,0.000000,1.000000,0.000000
1707990989959520288,0.000000,0.000000,1.000000,0.000000
1707990989979867903,0.000000,0.000000,1.000000,0.000000
1707990990000247205,0.000000,0.000000,1.000000,0.000000
1707990990020584441,0.000000,0.000000,1.000000,0.000000
1707990990040917915,0.000000,0.000000,1.000000,0.000000
1707990990061018409,0.000000,0.000000,1.000000,0.000000
1707990990081449551,0.000000,0.000000,1.000000,0.000000
1707990990101797572,0.000000,0.000000,1.000000,0.000000
1707990990122131975,0.000000,0.000000,1.000000,0.000000
1707990990142231156,0.000000,0.000000,1.000000,0.000000
1707990990162665172,0.000000,0.000000,1.000000,0.000000
1707990990182995176,0.000000,0.000000,1.000000,0.000000
1707990990203095881,0.000000,0.000000,1.000000,0.000000
1707990990223528948,0.000000,0.000000,1.000000,0.000000
1707990990243877218,0.000000,0.000000,1.000000,0.000000
1707990990263983170,0.000000,0.000000,1.000000,0.000000
1707990990284130281,0.000000,0.000000,1.000000,0.000000
1707990990304289832,0.000000,0.000000,1.000000,0.000000
1707990990324732339,0.000000,0.000000,1.000000,0.000000
1707990990345080356,0.000000,0.000000,1.000000,0.000000
1707990990365426934,0.000000,0.000000,1.000000,0.000000
1707990990385762023,0.000000,0.000000,1.000000,0.000000
1707990990405885375,0.000000,0.000000,1.000000,0.000000
1707990990426311799,0.000000,0.000000,1.000000,0.000000
1707990990446659381,0.000000,0.000000,1.000000,0.000000
1707990990467008580,0.000000,0.000000,1.000000,0.000000
1707990990487356520,0.000000,0.000000,1.000000,0.000000
1707990990507704904,0.000000,0.000000,1.000000,0.000000
1707990990528087145,0.000000,0.000000,1.000000,0.000000
1707990990548165103,0.000000,0.000000,1.000000,0.000000
1707990990568596973,0.000000,0.000000,1.000000,0.000000
1707990990588929842,0.000000,0.000000,1.000000,0.000000
1707990990609033358,0.000000,0.000000,1.000000,0.000000
1707990990629464480,0.000000,0.000000,1.000000,0.000000
1707990990649811739,0.000000,0.000000,1.000000,0.000000
1707990990670194890,0.000000,0.000000,1.000000,0.000000
1707990990690592318,0.000000,0.000000,1.000000,0.000000
1707990990710920072,0.000000,0.000000,1.000000,0.000000
1707990990731268833,0.000000,0.000000,1.000000,0.000000
1707990990751616281,0.000000,0.000000,1.000000,0.000000
1707990990771930664,0.000000,0.000000,1.000000,0.000000
1707990990791967576,0.000000,0.000000,1.000000,0.000000
1707990990812138054,0.000000,0.000000,1.000000,0.000000
1707990990832582786,0.000000,0.000000,1.000000,0.000000
1707990990852929444,0.000000,0.000000,1.000000,0.000000
1707990990873278971,0.000000,0.000000,1.000000,0.000000
1707990990893625728,0.000000,0.000000,1.000000,0.000000
1707990990914004154,0.000000,0.000000,1.000000,0.000000
1707990990934050593,0.000000,0.000000,1.000000,0.000000
1707990990954184715,0.000000,0.000000,1.000000,0.000000
1707990990974811551,0.000000,0.000000,1.000000,0.000000
1707990990995101129,0.000000,0.000000,1.000000,0.000000
1707990991015449403,0.000000,0.000000,1.000000,0.000000
1707990991035797956,0.000000,0.000000,1.000000,0.000000
1707990991056179152,0.000000,0.003831,0.996169,0.000000
1707990991076236290,0.000000,0.000000,1.000000,0.000000
1707990991096677161,0.000000,0.000000,1.000000,0.000000
1707990991117010601,0.000000,0.000000,1.000000,0.000000
1707990991137109364,0.000000,0.000000,1.000000,0.000000
1707990991157540278,0.000000,0.000000,1.000000,0.000000
1707990991177887747,0.000000,0.000000,1.000000,0.000000
1707990991198277033,0.000000,0.000000,1.000000,0.000000
1707990991218611598,0.000000,0.000000,1.000000,0.000000
1707990991238944658,0.000000,0.000000,1.000000,0.000000
1707990991259044707,0.000000,0.000000,1.000000,0.000000
1707990991279478033,0.000000,0.000000,1.000000,0.000000
1707990991299825341,0.000000,0.000000,1.000000,0.000000
1707990991320168962,0.000000,0.003846,0.996154,0.000000
1707990991340233735,0.000000,0.000000,1.000000,0.000000
1707990991360675711,0.000000,0.000000,1.000000,0.000000
1707990991381023401,0.000000,0.000000,1.000000,0.000000
1707990991401371404,0.000000,0.000000,1.000000,0.000000
1707990991421720786,0.000000,0.000000,1.000000,0.000000
1707990991442043701,0.000000,0.000000,1.000000,0.000000
1707990991462089058,0.000000,0.000000,1.000000,0.000000
1707990991482287146,0.000000,0.000000,1.000000,0.000000
1707990991502718437,0.000000,0.000000,1.000000,0.000000
1707990991523066938,0.000000,0.000000,1.000000,0.000000
1707990991543414872,0.000000,0.000000,1.000000,0.000000
1707990991563762968,0.000000,0.000000,1.000000,0.000000
1707990991584144802,0.000000,0.000000,1.000000,0.000000
1707990991604200988,0.000000,0.000000,1.000000,0.000000
1707990991624641919,0.000000,0.000000,1.000000,0.000000
1707990991644988960,0.000000,0.000000,1.000000,0.000000
1707990991665337699,0.000000,0.000000,1.000000,0.000000
1707990991685684610,0.000000,0.000000,1.000000,0.000000
1707990991706052188,0.000000,0.000000,1.000000,0.000000
1707990991726392313,0.000000,0.000000,1.000000,0.000000
1707990991746740379,0.000000,0.000000,1.000000,0.000000
1707990991767089767,0.000000,0.000000,1.000000,0.000000
1707990991787437775,0.000000,0.000000,1.000000,0.000000
1707990991807786273,0.000000,0.000000,1.000000,0.000000
1707990991828169079,0.000000,0.003831,0.996169,0.000000
1707990991848505290,0.000000,0.000000,1.000000,0.000000
1707990991868853827,0.000000,0.000000,1.000000,0.000000
1707990991889200519,0.000000,0.000000,1.000000,0.000000
1707990991909549728,0.000000,0.000000,1.000000,0.000000
1707990991929896463,0.000000,0.000000,1.000000,0.000000
1707990991950285860,0.000000,0.000000,1.000000,0.000000
1707990991970620220,0.000000,0.000000,1.000000,0.000000
1707990991990969011,0.000000,0.000000,1.000000,0.000000
1707990992011315896,0.000000,0.000000,1.000000,0.000000
1707990992031663099,0.000000,0.000000,1.000000,0.000000
1707990992052043421,0.000000,0.000000,1.000000,0.000000
1707990992072347410,0.000000,0.000000,1.000000,0.000000
1707990992092710081,0.000000,0.000000,1.000000,0.000000
1707990992113055787,0.000000,0.000000,1.000000,0.000000
1707990992133403233,0.000000,0.000000,1.000000,0.000000
1707990992153749750,0.000000,0.000000,1.000000,0.000000
1707990992174079618,0.000000,0.000000,1.000000,0.000000
1707990992194123833,0.000000,0.000000,1.000000,0.000000
1707990992214321088,0.000000,0.000000,1.000000,0.000000
1707990992234754747,0.000000,0.000000,1.000000,0.000000
1707990992255104068,0.000000,0.000000,1.000000,0.000000
1707990992275450472,0.000000,0.000000,1.000000,0.000000
1707990992295797814,0.003831,0.000000,0.996169,0.000000
1707990992316179042,0.000000,0.003831,0.996169,0.000000
1707990992336244867,0.000000,0.000000,1.000000,0.000000
1707990992356681024,0.000000,0.000000,1.000000,0.000000
1707990992377025823,0.000000,0.000000,1.000000,0.000000
1707990992397373269,0.000000,0.000000,1.000000,0.000000
1707990992417721297,0.000000,0.000000,1.000000,0.000000
1707990992438094786,0.000000,0.000000,1.000000,0.000000
1707990992458434941,0.000000,0.000000,1.000000,0.000000
1707990992478781027,0.000000,0.000000,1.000000,0.000000
1707990992499128140,0.000000,0.000000,1.000000,0.000000
1707990992519475209,0.000000,0.000000,1.000000,0.000000
1707990992539822903,0.000000,0.000000,1.000000,0.000000
1707990992560164573,0.000000,0.000000,1.000000,0.000000
1707990992580229669,0.000000,0.000000,1.000000,0.000000
1707990992600672049,0.000000,0.000000,1.000000,0.000000
1707990992621019928,0.000000,0.000000,1.000000,0.000000
1707990992641368293,0.000000,0.000000,1.000000,0.000000
1707990992661714065,0.000000,0.000000,1.000000,0.000000
1707990992682099555,0.000000,0.000000,1.000000,0.000000
1707990992702434337,0.000000,0.003831,0.996169,0.000000
1707990992722782292,0.000000,0.000000,1.000000,0.000000
1707990992743131414,0.003846,0.003846,0.992308,0.000000
1707990992763478352,0.007692,0.003846,0.988462,0.000000
1707990992783829347,0.007634,0.007634,0.984733,0.000000
1707990992804210859,0.007722,0.003861,0.988417,0.000000
1707990992824549559,0.011494,0.007663,0.980843,0.000000
1707990992844899663,0.003846,0.003846,0.992308,0.000000
1707990992865248712,0.011538,0.003846,0.984615,0.000000
1707990992885598281,0.011450,0.007634,0.980916,0.000000
1707990992905885510,0.003846,0.065385,0.930769,0.000000
1707990992926002170,0.022222,0.348148,0.629630,0.000000
1707990992946176238,0.040146,0.098540,0.861314,0.000000
1707990992966344353,0.021978,0.109890,0.868132,0.000000
1707990992987034837,0.012146,0.024291,0.963563,0.000000
1707990993007023927,0.031873,0.023904,0.944223,0.000000
1707990993027697780,0.051903,0.107266,0.840830,0.000000
1707990993048007190,0.031373,0.019608,0.949020,0.000000
1707990993068117138,0.049618,0.003817,0.946565,0.000000
1707990993088309850,0.007937,0.015873,0.976190,0.000000
1707990993108759673,0.003876,0.000000,0.996124,0.000000
1707990993129089871,0.000000,0.000000,1.000000,0.000000
1707990993149189409,0.000000,0.003861,0.996139,0.000000
1707990993169622519,0.000000,0.000000,1.000000,0.000000
1707990993189989817,0.000000,0.000000,1.000000,0.000000
1707990993210331244,0.000000,0.000000,1.000000,0.000000
1707990993230622795,0.007491,0.086142,0.906367,0.000000
1707990993250684893,0.000000,0.003984,0.996016,0.000000
1707990993270840409,0.000000,0.007812,0.992188,0.000000
1707990993291058554,0.000000,0.000000,1.000000,0.000000
1707990993311488423,0.000000,0.000000,1.000000,0.000000
1707990993331823729,0.000000,0.000000,1.000000,0.000000
1707990993351928161,0.000000,0.003876,0.996124,0.000000
1707990993372293397,0.003876,0.000000,0.996124,0.000000
1707990993392416536,0.007692,0.011538,0.980769,0.000000
1707990993412637793,0.011583,0.003861,0.984556,0.000000
1707990993433010600,0.007722,0.007722,0.984556,0.000000
1707990993453156974,0.007752,0.019380,0.972868,0.000000
1707990993473287410,0.011765,0.019608,0.968627,0.000000
1707990993493485870,0.011673,0.019455,0.968872,0.000000
1707990993513648655,0.007722,0.023166,0.969112,0.000000
1707990993533851351,0.011673,0.019455,0.968872,0.000000
1707990993553991195,0.011719,0.023438,0.964844,0.000000
1707990993574249459,0.057034,0.034221,0.908745,0.000000
1707990993594528780,0.011450,0.022901,0.965649,0.000000
1707990993615362529,0.034351,0.038168,0.927481,0.000000
1707990993635623415,0.023346,0.038911,0.937743,0.000000
1707990993655951299,0.049808,0.042146,0.908046,0.000000
1707990993676079497,0.019685,0.039370,0.940945,0.000000
1707990993696260778,0.035156,0.050781,0.914062,0.000000
1707990993716426749,0.046875,0.054688,0.898438,0.000000
1707990993736810450,0.031496,0.039370,0.929134,0.000000
1707990993757014265,0.039216,0.035294,0.925490,0.000000
1707990993777428849,0.038911,0.062257,0.898833,0.000000
1707990993797758789,0.089844,0.062500,0.847656,0.000000
1707990993817894514,0.069767,0.073643,0.856589,0.000000
1707990993838141199,0.062257,0.062257,0.875486,0.000000
1707990993858319360,0.055336,0.083004,0.861660,0.000000
1707990993878880154,0.081712,0.089494,0.828794,0.000000
1707990993898964083,0.104839,0.129032,0.766129,0.000000
1707990993919388245,0.071429,0.067460,0.861111,0.000000
1707990993939549253,0.084034,0.096639,0.819328,0.000000
1707990993959821684,0.117886,0.142276,0.739837,0.000000
1707990993982415191,0.174797,0.154472,0.670732,0.000000
1707990994001971398,0.136546,0.148594,0.714859,0.000000
1707990994022153991,0.221344,0.150198,0.628458,0.000000
1707990994042384776,0.240000,0.208000,0.552000,0.000000
1707990994062655890,0.282869,0.171315,0.545817,0.000000
1707990994082881021,0.164659,0.309237,0.526104,0.000000
1707990994103142733,0.195489,0.248120,0.556391,0.000000
1707990994123369394,0.247059,0.141176,0.611765,0.000000
1707990994143594465,0.285714,0.181467,0.532819,0.000000
1707990994164089132,0.235507,0.242754,0.521739,0.000000
1707990994184574163,0.216216,0.131274,0.652510,0.000000
1707990994205074944,0.267717,0.082677,0.649606,0.000000
1707990994225201029,0.154717,0.237736,0.607547,0.000000
1707990994245496206,0.150198,0.426877,0.422925,0.000000
1707990994265696232,0.119658,0.128205,0.752137,0.000000
1707990994285955118,0.142276,0.325203,0.532520,0.000000
1707990994306264991,0.158798,0.343348,0.497854,0.000000
1707990994326519870,0.247899,0.310924,0.441176,0.000000
1707990994346839306,0.424603,0.194444,0.380952,0.000000
1707990994367105024,0.291667,0.308333,0.400000,0.000000
1707990994387441123,0.338843,0.202479,0.458678,0.000000
1707990994407760478,0.402214,0.206642,0.391144,0.000000
1707990994428106094,0.312281,0.168421,0.519298,0.000000
1707990994448329080,0.276978,0.165468,0.557554,0.000000
1707990994468616252,0.096386,0.309237,0.594378,0.000000
1707990994488828918,0.109756,0.658537,0.231707,0.000000
1707990994509026264,0.144068,0.283898,0.572034,0.000000
1707990994529255905,0.250000,0.216912,0.533088,0.000000
1707990994549545340,0.312281,0.200000,0.487719,0.000000
1707990994569763960,0.265233,0.293907,0.440860,0.000000
1707990994590692759,0.134387,0.584980,0.280632,0.000000
1707990994610683889,0.101449,0.500000,0.398551,0.000000
1707990994630900192,0.180212,0.310954,0.508834,0.000000
1707990994651218681,0.239544,0.277567,0.482890,0.000000
1707990994671546484,0.262931,0.107759,0.629310,0.000000
1707990994691755661,0.334495,0.160279,0.505226,0.000000
1707990994712019664,0.134752,0.251773,0.613475,0.000000
1707990994732257329,0.109434,0.388679,0.501887,0.000000
1707990994752474394,0.276680,0.130435,0.592885,0.000000
