Time,User,Kernel,Idle,IoWait
1707464035410506134,0.210526,0.105263,0.684211,0.000000
1707464035510608501,0.000000,0.000000,1.000000,0.000000
1707464035610709476,0.300000,0.050000,0.650000,0.000000
1707464035710855844,0.000000,0.263158,0.736842,0.000000
1707464035810999650,0.187500,0.000000,0.812500,0.000000
1707464035911109237,0.055556,0.111111,0.833333,0.000000
1707464036011209154,0.052632,0.052632,0.894737,0.000000
1707464036111330587,0.000000,0.055556,0.944444,0.000000
1707464036211593751,0.142857,0.142857,0.714286,0.000000
1707464036311711296,0.550000,0.300000,0.150000,0.000000
1707464036411866702,0.842105,0.157895,0.000000,0.000000
1707464036511954535,0.619048,0.380952,0.000000,0.000000
1707464036612119792,0.800000,0.200000,0.000000,0.000000
1707464036712221069,0.850000,0.150000,0.000000,0.000000
1707464036812371836,0.850000,0.150000,0.000000,0.000000
1707464036912512779,1.000000,0.000000,0.000000,0.000000
1707464037012655903,0.952381,0.047619,0.000000,0.000000
1707464037112796989,0.950000,0.050000,0.000000,0.000000
1707464037212943318,1.000000,0.000000,0.000000,0.000000
1707464037312962774,0.380952,0.190476,0.428571,0.000000
1707464037413100433,0.095238,0.000000,0.904762,0.000000
1707464037513229228,0.000000,0.000000,1.000000,0.000000
1707464037613332970,0.000000,0.000000,1.000000,0.000000
1707464037713384765,0.000000,0.000000,1.000000,0.000000
1707464037813455426,0.000000,0.000000,1.000000,0.000000
1707464037913565844,0.000000,0.000000,1.000000,0.000000
1707464038013623529,0.000000,0.000000,1.000000,0.000000
1707464038113694974,0.000000,0.000000,1.000000,0.000000
1707464038213785339,0.333333,0.000000,0.666667,0.000000
1707464038313928253,0.363636,0.045455,0.590909,0.000000
1707464038414679041,0.125000,0.187500,0.687500,0.000000
1707464038514570608,0.200000,0.300000,0.500000,0.000000
1707464038614643641,0.105263,0.157895,0.736842,0.000000
1707464038714732394,0.500000,0.350000,0.150000,0.000000
1707464038814829105,0.650000,0.350000,0.000000,0.000000
1707464038914914135,0.700000,0.300000,0.000000,0.000000
1707464039014998370,0.650000,0.350000,0.000000,0.000000
1707464039115170618,0.900000,0.100000,0.000000,0.000000
1707464039215318222,0.947368,0.052632,0.000000,0.000000
1707464039315475871,0.950000,0.050000,0.000000,0.000000
1707464039415639586,0.950000,0.050000,0.000000,0.000000
1707464039515791782,0.952381,0.047619,0.000000,0.000000
1707464039615948330,1.000000,0.000000,0.000000,0.000000
1707464039715958516,0.750000,0.100000,0.150000,0.000000
1707464039816087732,0.050000,0.100000,0.850000,0.000000
1707464039916184255,0.047619,0.142857,0.809524,0.000000
1707464040016304932,0.000000,0.000000,1.000000,0.000000
1707464040116357871,0.000000,0.000000,1.000000,0.000000
1707464040216435355,0.000000,0.000000,1.000000,0.000000
1707464040316523224,0.285714,0.095238,0.619048,0.000000
1707464040416660796,0.176471,0.058824,0.764706,0.000000
1707464040516782271,0.411765,0.352941,0.235294,0.000000
1707464040616895555,0.166667,0.055556,0.777778,0.000000
1707464040717022768,0.315789,0.263158,0.421053,0.000000
1707464040817159517,0.523810,0.380952,0.095238,0.000000
1707464040917311562,0.700000,0.300000,0.000000,0.000000
1707464041017438750,0.631579,0.368421,0.000000,0.000000
1707464041117588356,0.950000,0.050000,0.000000,0.000000
1707464041217732490,0.809524,0.190476,0.000000,0.000000
1707464041317858668,0.800000,0.200000,0.000000,0.000000
1707464041417993927,0.950000,0.050000,0.000000,0.000000
1707464041518536563,0.950000,0.050000,0.000000,0.000000
1707464041618523180,0.950000,0.050000,0.000000,0.000000
1707464041718653421,0.789474,0.210526,0.000000,0.000000
1707464041818782166,0.100000,0.050000,0.850000,0.000000
1707464041918904858,0.050000,0.050000,0.900000,0.000000
1707464042019000030,0.000000,0.000000,1.000000,0.000000
1707464042119062192,0.000000,0.000000,1.000000,0.000000
1707464042219193873,0.000000,0.000000,1.000000,0.000000
1707464042319304500,0.000000,0.000000,1.000000,0.000000
1707464042419391004,0.210526,0.105263,0.684211,0.000000
1707464042519668330,0.470588,0.000000,0.529412,0.000000
1707464042619668289,0.312500,0.625000,0.062500,0.000000
1707464042719938076,0.100000,0.050000,0.850000,0.000000
1707464042820056084,0.571429,0.238095,0.190476,0.000000
1707464042920197964,0.736842,0.263158,0.000000,0.000000
1707464043020487792,0.666667,0.333333,0.000000,0.000000
1707464043120500143,0.631579,0.368421,0.000000,0.000000
1707464043220652744,0.900000,0.100000,0.000000,0.000000
1707464043320816330,0.714286,0.285714,0.000000,0.000000
1707464043420945983,0.947368,0.052632,0.000000,0.000000
1707464043521104452,0.950000,0.050000,0.000000,0.000000
1707464043621247122,0.950000,0.050000,0.000000,0.000000
1707464043721390575,1.000000,0.000000,0.000000,0.000000
1707464043821412587,0.800000,0.050000,0.150000,0.000000
1707464043921564412,0.100000,0.050000,0.850000,0.000000
1707464044021657024,0.000000,0.000000,1.000000,0.000000
1707464044121768487,0.000000,0.000000,1.000000,0.000000
1707464044221863346,0.047619,0.000000,0.952381,0.000000
1707464044321979878,0.050000,0.100000,0.850000,0.000000
1707464044422091096,0.000000,0.000000,1.000000,0.000000
1707464044522147622,0.000000,0.000000,1.000000,0.000000
1707464044622218228,0.000000,0.000000,1.000000,0.000000
1707464044722311884,0.105263,0.052632,0.842105,0.000000
1707464044827359520,0.400000,0.050000,0.550000,0.000000
1707464044925819164,0.333333,0.466667,0.200000,0.000000
1707464045025963536,0.277778,0.444444,0.277778,0.000000
1707464045128954894,0.809524,0.190476,0.000000,0.000000
1707464045228142470,0.750000,0.250000,0.000000,0.000000
1707464045328265091,0.789474,0.210526,0.000000,0.000000
1707464045428385376,0.761905,0.190476,0.047619,0.000000
1707464045528522893,0.900000,0.100000,0.000000,0.000000
1707464045628641609,0.894737,0.105263,0.000000,0.000000
1707464045728780943,0.950000,0.050000,0.000000,0.000000
1707464045828906260,0.904762,0.095238,0.000000,0.000000
1707464045929032219,0.900000,0.100000,0.000000,0.000000
1707464046029160805,0.947368,0.052632,0.000000,0.000000
1707464046129950586,0.400000,0.050000,0.550000,0.000000
1707464046229817655,0.100000,0.150000,0.750000,0.000000
1707464046329885507,0.000000,0.000000,1.000000,0.000000
1707464046429959704,0.000000,0.000000,1.000000,0.000000
1707464046530034589,0.000000,0.000000,1.000000,0.000000
1707464046630115762,0.157895,0.052632,0.789474,0.000000
1707464046730237862,0.428571,0.047619,0.523810,0.000000
1707464046830437268,0.500000,0.428571,0.071429,0.000000
1707464046930556016,0.350000,0.400000,0.250000,0.000000
1707464047030677475,0.650000,0.350000,0.000000,0.000000
1707464047130807610,0.631579,0.368421,0.000000,0.000000
1707464047230917644,0.571429,0.380952,0.047619,0.000000
1707464047331041627,0.842105,0.157895,0.000000,0.000000
1707464047431160075,0.809524,0.190476,0.000000,0.000000
1707464047531279223,0.950000,0.050000,0.000000,0.000000
1707464047631402815,1.000000,0.000000,0.000000,0.000000
1707464047731513311,0.950000,0.050000,0.000000,0.000000
1707464047831640967,1.000000,0.000000,0.000000,0.000000
1707464047931744494,0.900000,0.100000,0.000000,0.000000
1707464048031867338,0.421053,0.105263,0.473684,0.000000
1707464048131923472,0.050000,0.100000,0.850000,0.000000
1707464048232005790,0.050000,0.050000,0.900000,0.000000
1707464048332028430,0.000000,0.000000,1.000000,0.000000
1707464048432121151,0.000000,0.000000,1.000000,0.357143
1707464048532217065,0.142857,0.000000,0.857143,0.000000
1707464048632328916,0.117647,0.117647,0.764706,0.000000
1707464048732448990,0.444444,0.388889,0.166667,0.000000
1707464048832612568,0.400000,0.450000,0.150000,0.000000
1707464048932711340,0.631579,0.315789,0.052632,0.000000
1707464049032848475,0.550000,0.450000,0.000000,0.000000
1707464049132978061,0.600000,0.400000,0.000000,0.000000
1707464049233103377,0.700000,0.300000,0.000000,0.000000
1707464049333216589,0.800000,0.200000,0.000000,0.000000
1707464049433315368,0.900000,0.100000,0.000000,0.000000
1707464049533436531,1.000000,0.000000,0.000000,0.000000
1707464049633561548,0.800000,0.200000,0.000000,0.000000
1707464049733667891,0.950000,0.050000,0.000000,0.000000
1707464049833798959,0.904762,0.095238,0.000000,0.000000
1707464049933883977,0.421053,0.000000,0.578947,0.000000
1707464050033947024,0.100000,0.150000,0.750000,0.000000
1707464050134023607,0.000000,0.000000,1.000000,0.000000
1707464050234097528,0.000000,0.000000,1.000000,0.000000
1707464050334169153,0.000000,0.000000,1.000000,0.000000
1707464050434232076,0.000000,0.000000,1.000000,0.000000
1707464050534299434,0.000000,0.000000,1.000000,0.000000
1707464050634385849,0.190476,0.047619,0.761905,0.000000
1707464050734494257,0.222222,0.055556,0.722222,0.000000
1707464050834622452,0.333333,0.266667,0.400000,0.000000
1707464050934781689,0.300000,0.500000,0.200000,0.000000
1707464051034865195,0.684211,0.315789,0.000000,0.000000
1707464051134968931,0.650000,0.350000,0.000000,0.000000
1707464051235068595,0.736842,0.263158,0.000000,0.000000
1707464051335177740,0.650000,0.350000,0.000000,0.000000
1707464051435285206,0.750000,0.250000,0.000000,0.000000
1707464051535385101,0.900000,0.100000,0.000000,0.000000
1707464051635484773,0.900000,0.100000,0.000000,0.000000
1707464051735591534,0.950000,0.050000,0.000000,0.000000
1707464051835690648,0.950000,0.050000,0.000000,0.000000
1707464051935800347,0.950000,0.050000,0.000000,0.000000
1707464052035904212,0.400000,0.100000,0.500000,0.000000
1707464052135979616,0.100000,0.200000,0.700000,0.000000
1707464052236049781,0.000000,0.000000,1.000000,0.000000
1707464052336119429,0.000000,0.000000,1.000000,0.000000
1707464052436179435,0.000000,0.000000,1.000000,0.000000
1707464052536243941,0.000000,0.000000,1.000000,0.000000
1707464052636315940,0.333333,0.000000,0.666667,0.000000
1707464052736438035,0.368421,0.105263,0.526316,0.000000
1707464052836547965,0.333333,0.600000,0.066667,0.000000
1707464052936663981,0.277778,0.222222,0.500000,0.000000
1707464053036771139,0.650000,0.350000,0.000000,0.000000
1707464053136886181,0.550000,0.450000,0.000000,0.000000
1707464053236997547,0.600000,0.400000,0.000000,0.000000
1707464053337105189,0.750000,0.250000,0.000000,0.000000
1707464053437220991,0.894737,0.105263,0.000000,0.000000
1707464053537332356,0.809524,0.190476,0.000000,0.000000
1707464053637434348,0.950000,0.050000,0.000000,0.000000
1707464053737542382,1.000000,0.000000,0.000000,0.000000
1707464053837646528,0.952381,0.047619,0.000000,0.000000
1707464053937721714,0.900000,0.100000,0.000000,0.000000
1707464054037889243,0.400000,0.050000,0.550000,0.000000
1707464054138020445,0.100000,0.100000,0.800000,0.000000
1707464054238056128,0.000000,0.000000,1.000000,0.000000
1707464054338175358,0.000000,0.000000,1.000000,0.000000
1707464054438269362,0.000000,0.000000,1.000000,0.000000
1707464054538340522,0.000000,0.000000,1.000000,0.000000
1707464054638430333,0.050000,0.050000,0.900000,0.000000
1707464054743347473,0.272727,0.090909,0.636364,0.000000
1707464054841950842,0.375000,0.250000,0.375000,0.000000
1707464054942310270,0.263158,0.421053,0.315789,0.000000
1707464055042346668,0.500000,0.350000,0.150000,0.000000
1707464055142484612,0.714286,0.285714,0.000000,0.000000
1707464055242594388,0.736842,0.263158,0.000000,0.000000
1707464055342724784,0.750000,0.250000,0.000000,0.000000
1707464055442846277,0.850000,0.150000,0.000000,0.000000
1707464055542965654,0.950000,0.050000,0.000000,0.000000
1707464055643093061,0.950000,0.050000,0.000000,0.000000
1707464055743214846,0.950000,0.050000,0.000000,0.000000
1707464055843334698,0.950000,0.050000,0.000000,0.000000
1707464055943464849,1.000000,0.000000,0.000000,0.000000
1707464056043588371,0.700000,0.000000,0.300000,0.000000
1707464056143921350,0.105263,0.052632,0.842105,0.000000
1707464056243934787,0.090909,0.227273,0.681818,0.000000
1707464056343954016,0.157895,0.052632,0.789474,0.000000
1707464056444095578,0.000000,0.000000,1.000000,0.000000
1707464056544208970,0.052632,0.000000,0.947368,0.000000
1707464056644330914,0.000000,0.000000,1.000000,0.000000
1707464056744410043,0.000000,0.050000,0.950000,0.000000
1707464056844518135,0.000000,0.000000,1.000000,0.000000
1707464056944576207,0.000000,0.000000,1.000000,0.000000
1707464057044644377,0.000000,0.000000,1.000000,0.000000
1707464057144711937,0.000000,0.000000,1.000000,0.000000
1707464057244781210,0.000000,0.000000,1.000000,0.000000
1707464057344846582,0.000000,0.000000,1.000000,0.000000
1707464057444914662,0.000000,0.000000,1.000000,0.000000
1707464057544986256,0.000000,0.000000,1.000000,0.000000
1707464057645069468,0.000000,0.000000,1.000000,0.000000
1707464057745137261,0.000000,0.000000,1.000000,0.000000
1707464057845212734,0.000000,0.000000,1.000000,0.052632
1707464057945340124,0.000000,0.000000,1.000000,1.000000
1707464058045405873,0.000000,0.000000,1.000000,1.000000
1707464058145485645,0.000000,0.000000,1.000000,0.666667
1707464058245617480,0.000000,0.000000,1.000000,0.818182
1707464058345711134,0.000000,0.000000,1.000000,0.500000
1707464058445825672,0.000000,0.000000,1.000000,0.000000
1707464058545903783,0.000000,0.000000,1.000000,0.000000
1707464058645973149,0.000000,0.000000,1.000000,0.000000
1707464058746070165,0.000000,0.000000,1.000000,0.000000
1707464058846139320,0.000000,0.000000,1.000000,0.000000
1707464058946218745,0.000000,0.000000,1.000000,0.000000
1707464059046324430,0.000000,0.000000,1.000000,0.000000
1707464059146387051,0.000000,0.000000,1.000000,0.000000
1707464059246456089,0.000000,0.000000,1.000000,0.000000
1707464059346523193,0.000000,0.000000,1.000000,0.000000
1707464059446592025,0.000000,0.000000,1.000000,0.000000
1707464059546660282,0.000000,0.000000,1.000000,0.000000
1707464059646725416,0.000000,0.000000,1.000000,0.000000
1707464059746790573,0.000000,0.000000,1.000000,0.000000
1707464059846863617,0.000000,0.000000,1.000000,0.000000
1707464059946937339,0.000000,0.000000,1.000000,0.000000
1707464060047012586,0.000000,0.000000,1.000000,0.000000
1707464060147091042,0.000000,0.000000,1.000000,0.000000
1707464060247163064,0.000000,0.000000,1.000000,0.000000
1707464060347235965,0.000000,0.000000,1.000000,0.000000
1707464060447312981,0.000000,0.000000,1.000000,0.000000
1707464060547383246,0.000000,0.000000,1.000000,0.000000
1707464060647452104,0.000000,0.000000,1.000000,0.000000
1707464060747520356,0.000000,0.000000,1.000000,0.000000
1707464060847589322,0.000000,0.000000,1.000000,0.000000
1707464060947666463,0.000000,0.000000,1.000000,0.000000
1707464061047769530,0.000000,0.000000,1.000000,0.000000
1707464061147842770,0.000000,0.000000,1.000000,0.000000
1707464061247910662,0.000000,0.000000,1.000000,0.000000
1707464061347988771,0.000000,0.000000,1.000000,0.000000
1707464061448057169,0.000000,0.000000,1.000000,0.000000
1707464061548126819,0.000000,0.000000,1.000000,0.000000
1707464061648194850,0.000000,0.000000,1.000000,0.000000
1707464061748259773,0.000000,0.000000,1.000000,0.000000
1707464061848327631,0.000000,0.000000,1.000000,0.000000
1707464061948399936,0.000000,0.000000,1.000000,0.000000
1707464062048463183,0.000000,0.000000,1.000000,0.000000
1707464062148529863,0.000000,0.000000,1.000000,0.000000
1707464062248598875,0.000000,0.000000,1.000000,0.000000
1707464062348711866,0.047619,0.000000,0.952381,0.000000
1707464062448836819,0.000000,0.000000,1.000000,0.000000
1707464062548949068,0.000000,0.000000,1.000000,0.000000
1707464062649007438,0.000000,0.000000,1.000000,0.000000
1707464062749080544,0.000000,0.000000,1.000000,0.000000
1707464062849155013,0.000000,0.000000,1.000000,0.000000
1707464062949230400,0.000000,0.000000,1.000000,0.000000
1707464063049306200,0.000000,0.000000,1.000000,0.000000
1707464063149381559,0.000000,0.000000,1.000000,0.000000
1707464063249462267,0.000000,0.000000,1.000000,0.000000
1707464063349534928,0.000000,0.000000,1.000000,0.000000
1707464063449644295,0.000000,0.000000,1.000000,0.000000
1707464063549701206,0.000000,0.000000,1.000000,0.727273
1707464063649825027,0.000000,0.000000,1.000000,1.000000
1707464063749931272,0.000000,0.083333,0.916667,0.750000
1707464063850035182,0.000000,0.000000,1.000000,0.818182
1707464063950100508,0.000000,0.000000,1.000000,1.000000
1707464064050193715,0.000000,0.000000,1.000000,0.818182
1707464064150313688,0.000000,0.000000,1.000000,0.428571
1707464064250408171,0.000000,0.000000,1.000000,0.000000
1707464064350467771,0.000000,0.000000,1.000000,0.000000
1707464064450534603,0.000000,0.000000,1.000000,0.000000
1707464064550607774,0.000000,0.000000,1.000000,0.000000
1707464064650674537,0.000000,0.000000,1.000000,0.000000
1707464064750754371,0.000000,0.000000,1.000000,0.000000
1707464064850823793,0.000000,0.000000,1.000000,0.000000
1707464064950888038,0.000000,0.000000,1.000000,0.000000
1707464065050959849,0.000000,0.000000,1.000000,0.000000
1707464065151025377,0.000000,0.000000,1.000000,0.000000
1707464065251090400,0.000000,0.000000,1.000000,0.000000
1707464065351156551,0.000000,0.000000,1.000000,0.000000
1707464065451228419,0.000000,0.000000,1.000000,0.000000
1707464065551301626,0.000000,0.000000,1.000000,0.000000
1707464065651386632,0.000000,0.000000,1.000000,0.000000
1707464065751459298,0.000000,0.000000,1.000000,0.000000
1707464065851533670,0.000000,0.000000,1.000000,0.000000
1707464065951608424,0.000000,0.000000,1.000000,0.000000
1707464066051681499,0.000000,0.000000,1.000000,0.000000
1707464066151755359,0.000000,0.000000,1.000000,0.000000
1707464066251830120,0.000000,0.000000,1.000000,0.000000
1707464066351903213,0.000000,0.000000,1.000000,0.000000
1707464066451976280,0.000000,0.000000,1.000000,0.000000
1707464066552046928,0.000000,0.000000,1.000000,0.000000
1707464066652120412,0.000000,0.000000,1.000000,0.000000
1707464066752191040,0.000000,0.000000,1.000000,0.000000
1707464066852261524,0.000000,0.000000,1.000000,0.000000
1707464066952331472,0.000000,0.000000,1.000000,0.000000
1707464067052398907,0.000000,0.000000,1.000000,0.000000
1707464067152462858,0.000000,0.000000,1.000000,0.000000
1707464067252498275,0.000000,0.000000,1.000000,0.000000
1707464067352584644,0.000000,0.000000,1.000000,0.000000
1707464067452653733,0.000000,0.000000,1.000000,0.000000
1707464067552722048,0.000000,0.000000,1.000000,0.000000
1707464067652791522,0.000000,0.000000,1.000000,0.000000
1707464067752872810,0.000000,0.000000,1.000000,0.000000
1707464067852944045,0.000000,0.000000,1.000000,0.000000
1707464067953020111,0.000000,0.000000,1.000000,0.000000
1707464068053094034,0.000000,0.000000,1.000000,0.000000
1707464068153168163,0.000000,0.000000,1.000000,0.000000
1707464068253242094,0.000000,0.000000,1.000000,0.000000
1707464068353318467,0.000000,0.000000,1.000000,0.000000
1707464068453390255,0.000000,0.000000,1.000000,0.000000
1707464068553487918,0.000000,0.000000,1.000000,0.000000
