Time,User,Kernel,Idle,IoWait
1707474076533010217,0.222222,0.111111,0.666667,0.000000
1707474076633131194,0.454545,0.227273,0.318182,0.000000
1707474076733392386,0.375000,0.500000,0.125000,0.000000
1707474076833430433,0.500000,0.400000,0.100000,0.000000
1707474076933582578,0.684211,0.315789,0.000000,0.000000
1707474077033719082,0.736842,0.263158,0.000000,0.000000
1707474077133865684,0.578947,0.421053,0.000000,0.000000
1707474077234009487,0.857143,0.142857,0.000000,0.000000
1707474077334148446,0.750000,0.250000,0.000000,0.000000
1707474077434283433,1.000000,0.000000,0.000000,0.000000
1707474077534418012,1.000000,0.000000,0.000000,0.000000
1707474077634556832,1.000000,0.000000,0.000000,0.000000
1707474077734673180,0.904762,0.047619,0.047619,0.000000
1707474077834701929,0.600000,0.150000,0.250000,0.000000
1707474077934897930,0.050000,0.000000,0.950000,0.000000
1707474078034909587,0.000000,0.100000,0.900000,0.000000
1707474078135012444,0.000000,0.000000,1.000000,0.000000
1707474078235075969,0.000000,0.000000,1.000000,0.000000
1707474078335143717,0.000000,0.000000,1.000000,0.000000
1707474078435215008,0.000000,0.000000,1.000000,0.000000
1707474078535297841,0.300000,0.050000,0.650000,0.000000
1707474078635410252,0.444444,0.166667,0.388889,0.000000
1707474078735535820,0.368421,0.526316,0.105263,0.000000
1707474078835724849,0.761905,0.190476,0.047619,0.000000
1707474078941638822,0.700000,0.300000,0.000000,0.000000
1707474079039792547,0.800000,0.200000,0.000000,0.000000
1707474079139898180,0.650000,0.350000,0.000000,0.000000
1707474079240002568,0.700000,0.300000,0.000000,0.000000
1707474079340106091,0.950000,0.050000,0.000000,0.000000
1707474079440222249,1.000000,0.000000,0.000000,0.000000
1707474079540328938,0.950000,0.050000,0.000000,0.000000
1707474079640441364,0.950000,0.050000,0.000000,0.000000
1707474079740544073,1.000000,0.000000,0.000000,0.000000
1707474079840656224,0.400000,0.050000,0.550000,0.000000
1707474079940715868,0.105263,0.157895,0.736842,0.000000
1707474080040797670,0.000000,0.000000,1.000000,0.000000
1707474080140865038,0.000000,0.000000,1.000000,0.000000
1707474080240925263,0.000000,0.000000,1.000000,0.000000
1707474080340989382,0.000000,0.000000,1.000000,0.000000
1707474080441061369,0.263158,0.052632,0.684211,0.000000
1707474080541155730,0.421053,0.157895,0.421053,0.000000
1707474080641258366,0.277778,0.444444,0.277778,0.000000
1707474080741342553,0.055556,0.055556,0.888889,0.000000
1707474080841442653,0.550000,0.250000,0.200000,0.000000
1707474080941547310,0.578947,0.263158,0.157895,0.000000
1707474081041645621,0.650000,0.350000,0.000000,0.000000
1707474081141748697,0.900000,0.100000,0.000000,0.000000
1707474081241843300,0.800000,0.200000,0.000000,0.000000
1707474081342934025,0.809524,0.190476,0.000000,0.000000
1707474081442715653,0.789474,0.210526,0.000000,0.000000
1707474081542825015,0.800000,0.200000,0.000000,0.000000
1707474081642934396,1.000000,0.000000,0.000000,0.000000
1707474081743034410,0.850000,0.150000,0.000000,0.000000
1707474081843117003,0.714286,0.047619,0.238095,0.000000
1707474081943178936,0.000000,0.000000,1.000000,0.000000
1707474082043253405,0.050000,0.000000,0.950000,0.000000
1707474082143343811,0.166667,0.055556,0.777778,0.000000
1707474082243409906,0.000000,0.000000,1.000000,0.000000
1707474082343474613,0.047619,0.047619,0.904762,0.000000
1707474082443545643,0.095238,0.000000,0.904762,0.000000
1707474082543630191,0.263158,0.052632,0.684211,0.000000
1707474082643669770,0.368421,0.052632,0.578947,0.000000
1707474082749697685,0.388889,0.555556,0.055556,0.000000
1707474082847842354,0.500000,0.300000,0.200000,0.000000
1707474082947952312,0.736842,0.263158,0.000000,0.000000
1707474083048069787,0.750000,0.250000,0.000000,0.000000
1707474083148175783,0.714286,0.285714,0.000000,0.000000
1707474083248288071,0.850000,0.150000,0.000000,0.000000
1707474083348405889,0.900000,0.100000,0.000000,0.000000
1707474083448521216,1.000000,0.000000,0.000000,0.000000
1707474083548628534,1.000000,0.000000,0.000000,0.000000
1707474083648739131,0.950000,0.050000,0.000000,0.000000
1707474083748850948,0.900000,0.050000,0.050000,0.000000
1707474083848954159,0.300000,0.000000,0.700000,0.000000
1707474083949017080,0.100000,0.100000,0.800000,0.000000
1707474084049093726,0.050000,0.050000,0.900000,0.000000
1707474084149173989,0.000000,0.000000,1.000000,0.000000
1707474084249241465,0.000000,0.000000,1.000000,0.000000
1707474084349304925,0.000000,0.000000,1.000000,0.000000
1707474084449370796,0.000000,0.000000,1.000000,0.000000
1707474084549445320,0.263158,0.052632,0.684211,0.000000
1707474084649535770,0.473684,0.263158,0.263158,0.000000
1707474084749670758,0.277778,0.500000,0.222222,0.000000
1707474084849777122,0.571429,0.380952,0.047619,0.000000
1707474084951467626,0.684211,0.315789,0.000000,0.000000
1707474085051050035,0.800000,0.200000,0.000000,0.000000
1707474085151168166,0.473684,0.526316,0.000000,0.000000
1707474085251285001,0.850000,0.150000,0.000000,0.000000
1707474085351391999,0.761905,0.238095,0.000000,0.000000
1707474085451503287,1.000000,0.000000,0.000000,0.000000
1707474085551619741,1.000000,0.000000,0.000000,0.000000
1707474085651681869,1.000000,0.000000,0.000000,0.000000
1707474085751804018,0.900000,0.100000,0.000000,0.000000
1707474085851901952,0.400000,0.050000,0.550000,0.000000
1707474085951994638,0.105263,0.052632,0.842105,0.000000
1707474086052080627,0.000000,0.050000,0.950000,0.000000
1707474086152143565,0.000000,0.000000,1.000000,0.000000
1707474086252206771,0.000000,0.000000,1.000000,0.000000
1707474086352270518,0.000000,0.000000,1.000000,0.000000
1707474086452345332,0.200000,0.000000,0.800000,0.000000
1707474086552444904,0.315789,0.052632,0.631579,0.000000
1707474086652526217,0.333333,0.333333,0.333333,0.000000
1707474086752647309,0.333333,0.277778,0.388889,0.000000
1707474086852752657,0.636364,0.272727,0.090909,0.000000
1707474086952856072,0.578947,0.421053,0.000000,0.000000
1707474087052974082,0.600000,0.400000,0.000000,0.000000
1707474087153084334,0.700000,0.300000,0.000000,0.000000
1707474087253190808,0.700000,0.300000,0.000000,0.000000
1707474087353298333,0.947368,0.052632,0.000000,0.000000
1707474087453409440,0.952381,0.047619,0.000000,0.000000
1707474087553514088,0.950000,0.050000,0.000000,0.000000
1707474087653628936,1.000000,0.000000,0.000000,0.000000
1707474087753742771,0.950000,0.050000,0.000000,0.000000
1707474087853845088,0.476190,0.047619,0.476190,0.000000
1707474087953901566,0.150000,0.050000,0.800000,0.000000
1707474088053978077,0.050000,0.050000,0.900000,0.000000
1707474088154044542,0.000000,0.000000,1.000000,0.000000
1707474088254106949,0.000000,0.000000,1.000000,0.000000
1707474088354170550,0.000000,0.000000,1.000000,0.000000
1707474088454251417,0.150000,0.050000,0.800000,0.000000
1707474088554503371,0.315789,0.052632,0.631579,0.000000
1707474088654549329,0.333333,0.500000,0.166667,0.000000
1707474088754658679,0.333333,0.333333,0.333333,0.000000
1707474088854763370,0.684211,0.315789,0.000000,0.000000
1707474088954880955,0.650000,0.350000,0.000000,0.000000
1707474089054988065,0.600000,0.400000,0.000000,0.000000
1707474089155094227,0.650000,0.350000,0.000000,0.000000
1707474089255201557,0.750000,0.250000,0.000000,0.000000
1707474089355313211,0.950000,0.050000,0.000000,0.000000
1707474089455420033,0.950000,0.050000,0.000000,0.000000
1707474089555517935,0.900000,0.100000,0.000000,0.000000
1707474089655632593,1.000000,0.000000,0.000000,0.000000
1707474089755671822,0.904762,0.000000,0.095238,0.000000
1707474089855782761,0.300000,0.100000,0.600000,0.000000
1707474089955845396,0.050000,0.100000,0.850000,0.000000
1707474090055918385,0.000000,0.000000,1.000000,0.000000
1707474090155986514,0.000000,0.000000,1.000000,0.000000
1707474090256047855,0.000000,0.000000,1.000000,0.000000
1707474090356112041,0.000000,0.000000,1.000000,0.000000
1707474090456185227,0.263158,0.052632,0.684211,0.000000
1707474090556286880,0.500000,0.166667,0.333333,0.000000
1707474090656395845,0.250000,0.562500,0.187500,0.000000
1707474090756501773,0.631579,0.368421,0.000000,0.000000
1707474090856617653,0.571429,0.428571,0.000000,0.000000
1707474090956722187,0.750000,0.250000,0.000000,0.000000
1707474091056844212,0.789474,0.210526,0.000000,0.000000
1707474091156953397,0.850000,0.150000,0.000000,0.000000
1707474091257061412,1.000000,0.000000,0.000000,0.000000
1707474091357162399,0.950000,0.050000,0.000000,0.000000
1707474091457266986,1.000000,0.000000,0.000000,0.000000
1707474091557371096,1.000000,0.000000,0.000000,0.000000
1707474091657460191,0.904762,0.047619,0.047619,0.000000
1707474091757558685,0.157895,0.000000,0.842105,0.000000
1707474091857648642,0.100000,0.150000,0.750000,0.000000
1707474091957713509,0.000000,0.000000,1.000000,0.000000
1707474092057781097,0.200000,0.000000,0.800000,0.000000
1707474092157865705,0.000000,0.000000,1.000000,0.000000
1707474092257937976,0.095238,0.047619,0.857143,0.000000
1707474092358008033,0.000000,0.000000,1.000000,0.000000
1707474092458081585,0.285714,0.095238,0.619048,0.000000
1707474092558174211,0.470588,0.117647,0.411765,0.000000
1707474092658294578,0.312500,0.437500,0.250000,0.000000
1707474092758389848,0.619048,0.285714,0.095238,0.000000
1707474092858501964,0.684211,0.315789,0.000000,0.000000
1707474092958613031,0.650000,0.350000,0.000000,0.000000
1707474093058721527,0.600000,0.400000,0.000000,0.000000
1707474093158817857,0.750000,0.250000,0.000000,0.000000
1707474093258917864,0.950000,0.050000,0.000000,0.000000
1707474093359021456,1.000000,0.000000,0.000000,0.000000
1707474093459130172,1.000000,0.000000,0.000000,0.000000
1707474093559231268,0.950000,0.050000,0.000000,0.000000
1707474093659333324,1.000000,0.000000,0.000000,0.000000
1707474093759409550,0.450000,0.050000,0.500000,0.000000
1707474093859499230,0.095238,0.095238,0.809524,0.000000
1707474093959572022,0.000000,0.052632,0.947368,0.000000
1707474094059639773,0.000000,0.000000,1.000000,0.000000
1707474094159651190,0.000000,0.000000,1.000000,0.000000
1707474094259734374,0.000000,0.000000,1.000000,0.000000
1707474094359796947,0.000000,0.000000,1.000000,0.000000
1707474094459872316,0.238095,0.047619,0.714286,0.000000
1707474094559940798,0.333333,0.095238,0.571429,0.000000
1707474094660083174,0.470588,0.352941,0.176471,0.000000
1707474094760203243,0.350000,0.300000,0.350000,0.000000
1707474094860295102,0.523810,0.380952,0.095238,0.000000
1707474094960420643,0.578947,0.421053,0.000000,0.000000
1707474095060520393,0.684211,0.315789,0.000000,0.000000
1707474095161748750,0.809524,0.190476,0.000000,0.000000
1707474095261471968,0.950000,0.050000,0.000000,0.000000
1707474095361573782,0.850000,0.150000,0.000000,0.000000
1707474095461677825,1.000000,0.000000,0.000000,0.000000
1707474095561776467,0.950000,0.050000,0.000000,0.000000
1707474095661871229,0.950000,0.050000,0.000000,0.000000
1707474095761972686,0.900000,0.050000,0.050000,0.000000
1707474095862065818,0.200000,0.100000,0.700000,0.000000
1707474095962132645,0.052632,0.052632,0.894737,0.000000
1707474096062204471,0.000000,0.000000,1.000000,0.000000
1707474096162271544,0.000000,0.047619,0.952381,0.000000
1707474096262335233,0.000000,0.000000,1.000000,0.000000
1707474096362400016,0.000000,0.000000,1.000000,0.000000
1707474096462466003,0.000000,0.000000,1.000000,0.000000
1707474096562530410,0.000000,0.000000,1.000000,0.000000
1707474096662595714,0.000000,0.000000,1.000000,0.000000
1707474096762660057,0.000000,0.000000,1.000000,0.000000
1707474096862673656,0.000000,0.000000,1.000000,0.000000
1707474096962756891,0.000000,0.000000,1.000000,0.000000
1707474097062818549,0.000000,0.000000,1.000000,0.000000
1707474097162881611,0.000000,0.000000,1.000000,0.000000
1707474097262952529,0.000000,0.000000,1.000000,0.000000
1707474097363024335,0.000000,0.000000,1.000000,0.000000
1707474097463095725,0.000000,0.000000,1.000000,0.000000
1707474097563164512,0.000000,0.000000,1.000000,0.000000
1707474097663229871,0.000000,0.000000,1.000000,0.000000
1707474097763303596,0.000000,0.000000,1.000000,0.000000
1707474097863366583,0.000000,0.000000,1.000000,0.000000
1707474097963428476,0.000000,0.000000,1.000000,0.000000
1707474098063491770,0.000000,0.000000,1.000000,0.000000
1707474098163555022,0.000000,0.000000,1.000000,0.000000
1707474098263618034,0.000000,0.000000,1.000000,0.000000
1707474098363659337,0.000000,0.000000,1.000000,0.000000
1707474098463732246,0.000000,0.000000,1.000000,0.000000
1707474098563794808,0.000000,0.000000,1.000000,0.000000
1707474098663858516,0.000000,0.000000,1.000000,0.000000
1707474098763921914,0.000000,0.000000,1.000000,0.000000
1707474098863985445,0.000000,0.000000,1.000000,0.000000
1707474098964048520,0.000000,0.000000,1.000000,0.000000
1707474099064111940,0.000000,0.000000,1.000000,0.000000
1707474099164175217,0.000000,0.000000,1.000000,0.000000
1707474099264238348,0.000000,0.000000,1.000000,0.000000
1707474099364301795,0.000000,0.000000,1.000000,0.000000
1707474099464365723,0.000000,0.000000,1.000000,0.000000
1707474099564431544,0.000000,0.000000,1.000000,0.000000
1707474099664498893,0.000000,0.000000,1.000000,0.000000
1707474099764560545,0.000000,0.000000,1.000000,0.000000
1707474099864623795,0.000000,0.000000,1.000000,0.000000
1707474099964686941,0.000000,0.000000,1.000000,0.000000
1707474100064750083,0.000000,0.000000,1.000000,0.000000
1707474100164813096,0.000000,0.000000,1.000000,0.000000
1707474100264875725,0.000000,0.000000,1.000000,0.000000
1707474100364938387,0.000000,0.000000,1.000000,0.000000
1707474100465001266,0.000000,0.000000,1.000000,0.000000
1707474100565064321,0.000000,0.000000,1.000000,0.000000
1707474100665127250,0.000000,0.000000,1.000000,0.000000
1707474100765190060,0.000000,0.000000,1.000000,0.000000
1707474100865252926,0.000000,0.000000,1.000000,0.000000
1707474100965315701,0.000000,0.000000,1.000000,0.000000
1707474101065378776,0.000000,0.000000,1.000000,0.000000
1707474101165441373,0.000000,0.000000,1.000000,0.000000
1707474101265503859,0.000000,0.000000,1.000000,0.000000
1707474101365566156,0.000000,0.000000,1.000000,0.000000
1707474101465629392,0.000000,0.000000,1.000000,0.000000
1707474101565692113,0.000000,0.000000,1.000000,0.000000
1707474101665755167,0.000000,0.000000,1.000000,0.000000
1707474101765818198,0.000000,0.000000,1.000000,0.000000
1707474101865880908,0.000000,0.000000,1.000000,0.000000
1707474101965943515,0.000000,0.000000,1.000000,0.000000
1707474102066006130,0.000000,0.000000,1.000000,0.000000
1707474102166079393,0.000000,0.000000,1.000000,0.000000
1707474102266141412,0.000000,0.000000,1.000000,0.000000
1707474102366202794,0.000000,0.000000,1.000000,0.000000
1707474102466266079,0.000000,0.000000,1.000000,0.000000
1707474102566329502,0.000000,0.000000,1.000000,0.000000
1707474102666392477,0.000000,0.000000,1.000000,0.000000
1707474102766455337,0.000000,0.000000,1.000000,0.000000
1707474102866518353,0.000000,0.000000,1.000000,0.000000
1707474102966580837,0.000000,0.000000,1.000000,0.000000
1707474103066642956,0.000000,0.000000,1.000000,0.000000
1707474103166705906,0.000000,0.000000,1.000000,0.000000
1707474103266770622,0.000000,0.000000,1.000000,0.000000
1707474103366832711,0.000000,0.000000,1.000000,0.000000
1707474103466895374,0.000000,0.000000,1.000000,0.000000
1707474103566958122,0.000000,0.000000,1.000000,0.000000
1707474103667020772,0.000000,0.000000,1.000000,0.000000
1707474103767083007,0.000000,0.000000,1.000000,0.000000
1707474103867145956,0.000000,0.000000,1.000000,0.000000
1707474103967208782,0.000000,0.000000,1.000000,0.000000
1707474104067270318,0.000000,0.000000,1.000000,0.000000
1707474104167333525,0.000000,0.000000,1.000000,0.000000
1707474104267396253,0.000000,0.000000,1.000000,0.000000
1707474104367459029,0.000000,0.000000,1.000000,0.000000
1707474104467522228,0.000000,0.000000,1.000000,0.000000
1707474104567586678,0.000000,0.000000,1.000000,0.000000
1707474104667649400,0.000000,0.000000,1.000000,0.000000
1707474104767734407,0.000000,0.000000,1.000000,0.117647
1707474104867792550,0.000000,0.000000,1.000000,0.000000
1707474104967855745,0.000000,0.000000,1.000000,0.000000
1707474105067918478,0.000000,0.000000,1.000000,0.000000
1707474105167981892,0.000000,0.000000,1.000000,0.000000
