Time,User,Kernel,Idle,IoWait
1708693814712566065,0.150000,0.050000,0.800000,0.000000
1708693814812644436,0.111111,0.000000,0.888889,0.000000
1708693814912730558,0.157895,0.052632,0.789474,0.000000
1708693815012767512,0.166667,0.111111,0.722222,0.000000
1708693815112949133,0.111111,0.222222,0.666667,0.000000
1708693815213069812,0.187500,0.125000,0.687500,0.000000
1708693815313134083,0.052632,0.157895,0.789474,0.000000
1708693815413246057,0.157895,0.157895,0.684211,0.000000
1708693815513291195,0.500000,0.500000,0.000000,0.000000
1708693815613420455,0.500000,0.400000,0.100000,0.000000
1708693815713549719,0.450000,0.500000,0.050000,0.000000
1708693815813664499,0.578947,0.315789,0.105263,0.000000
1708693815913794321,0.684211,0.315789,0.000000,0.000000
1708693816013921276,0.850000,0.150000,0.000000,0.000000
1708693816114040422,0.950000,0.050000,0.000000,0.000000
1708693816214149872,1.000000,0.000000,0.000000,0.000000
1708693816314280796,0.904762,0.095238,0.000000,0.000000
1708693816414344248,0.904762,0.095238,0.000000,0.000000
1708693816514486370,0.950000,0.050000,0.000000,0.000000
1708693816614603385,0.578947,0.052632,0.368421,0.000000
1708693816714712201,0.052632,0.105263,0.842105,0.000000
1708693816814754416,0.000000,0.000000,1.000000,0.000000
1708693816914899076,0.000000,0.000000,1.000000,0.000000
1708693817015035006,0.000000,0.052632,0.947368,0.000000
1708693817115141405,0.000000,0.000000,1.000000,0.000000
1708693817215198094,0.250000,0.250000,0.500000,0.000000
1708693817315329559,0.350000,0.200000,0.450000,0.000000
1708693817415411889,0.352941,0.647059,0.000000,0.000000
1708693817515577175,0.157895,0.210526,0.631579,0.000000
1708693817615712330,0.526316,0.368421,0.105263,0.000000
1708693817715862872,0.600000,0.400000,0.000000,0.000000
1708693817815931931,0.600000,0.350000,0.050000,0.000000
1708693817916092039,0.631579,0.210526,0.157895,0.000000
1708693818016215474,0.850000,0.150000,0.000000,0.000000
1708693818116323663,0.714286,0.285714,0.000000,0.000000
1708693818216465210,0.947368,0.052632,0.000000,0.000000
1708693818316600724,0.857143,0.142857,0.000000,0.000000
1708693818416669131,0.950000,0.050000,0.000000,0.000000
1708693818516824209,0.900000,0.100000,0.000000,0.000000
1708693818616920376,0.894737,0.105263,0.000000,0.000000
1708693818717082223,0.650000,0.100000,0.250000,0.000000
1708693818817190930,0.000000,0.055556,0.944444,0.000000
1708693818917238287,0.000000,0.000000,1.000000,0.000000
1708693819017372088,0.000000,0.052632,0.947368,0.000000
1708693819117471598,0.315789,0.263158,0.421053,0.000000
1708693819217593706,0.421053,0.263158,0.315789,0.000000
1708693819317828451,0.466667,0.533333,0.000000,0.000000
1708693819417951542,0.500000,0.277778,0.222222,0.000000
1708693819518087909,0.619048,0.333333,0.047619,0.000000
1708693819618221768,0.600000,0.300000,0.100000,0.000000
1708693819718391262,0.700000,0.300000,0.000000,0.000000
1708693819818507645,0.650000,0.300000,0.050000,0.000000
1708693819918640923,0.900000,0.100000,0.000000,0.000000
1708693820018776837,1.000000,0.000000,0.000000,0.000000
1708693820118912768,1.000000,0.000000,0.000000,0.000000
1708693820218977732,0.950000,0.050000,0.000000,0.000000
1708693820319140547,0.950000,0.050000,0.000000,0.000000
1708693820419291494,0.850000,0.150000,0.000000,0.000000
1708693820519411106,0.833333,0.000000,0.166667,0.000000
1708693820619512519,0.100000,0.050000,0.850000,0.000000
1708693820719636535,0.000000,0.000000,1.000000,0.000000
1708693820819751680,0.000000,0.000000,1.000000,0.000000
1708693820919853329,0.000000,0.052632,0.947368,0.000000
1708693821019982818,0.000000,0.000000,1.000000,0.000000
1708693821120098976,0.047619,0.047619,0.904762,0.000000
1708693821220161800,0.000000,0.000000,1.000000,0.000000
1708693821320287167,0.000000,0.000000,1.000000,0.000000
1708693821420358376,0.000000,0.000000,1.000000,0.000000
1708693821520449503,0.000000,0.000000,1.000000,0.000000
1708693821620562083,0.000000,0.000000,1.000000,0.000000
1708693821720622509,0.000000,0.000000,1.000000,0.000000
1708693821820687893,0.000000,0.000000,1.000000,0.000000
1708693821920834982,0.000000,0.000000,1.000000,0.000000
1708693822020883595,0.000000,0.000000,1.000000,0.000000
1708693822121021546,0.000000,0.000000,1.000000,0.000000
1708693822221121521,0.000000,0.000000,1.000000,0.000000
1708693822321228225,0.000000,0.000000,1.000000,0.000000
1708693822421286061,0.000000,0.000000,1.000000,0.000000
1708693822521399067,0.000000,0.000000,1.000000,0.000000
1708693822621514444,0.000000,0.000000,1.000000,0.000000
1708693822721553300,0.000000,0.000000,1.000000,0.000000
1708693822821679975,0.000000,0.000000,1.000000,0.000000
1708693822921783258,0.000000,0.000000,1.000000,0.000000
1708693823021877211,0.000000,0.000000,1.000000,0.000000
1708693823121993149,0.000000,0.000000,1.000000,0.000000
1708693823222040301,0.000000,0.000000,1.000000,0.000000
1708693823322159361,0.000000,0.000000,1.000000,0.000000
1708693823422245029,0.000000,0.000000,1.000000,0.000000
1708693823522346067,0.000000,0.000000,1.000000,0.000000
1708693823622414159,0.000000,0.000000,1.000000,0.000000
1708693823722478761,0.000000,0.000000,1.000000,0.000000
1708693823822540391,0.000000,0.000000,1.000000,0.000000
1708693823922622291,0.000000,0.000000,1.000000,0.000000
1708693824022672036,0.000000,0.000000,1.000000,0.000000
1708693824122737896,0.000000,0.000000,1.000000,0.000000
1708693824222815701,0.000000,0.000000,1.000000,0.000000
1708693824322921835,0.000000,0.000000,1.000000,0.000000
1708693824423030420,0.000000,0.000000,1.000000,0.000000
1708693824523071393,0.000000,0.000000,1.000000,0.000000
1708693824623156815,0.000000,0.000000,1.000000,0.000000
1708693824723280072,0.000000,0.000000,1.000000,0.000000
1708693824823382710,0.000000,0.000000,1.000000,0.000000
1708693824923483611,0.000000,0.000000,1.000000,0.000000
1708693825023590036,0.000000,0.000000,1.000000,0.000000
1708693825123702512,0.000000,0.000000,1.000000,0.000000
1708693825223748483,0.050000,0.000000,0.950000,0.000000
1708693825323825219,0.000000,0.000000,1.000000,0.000000
1708693825423928364,0.000000,0.000000,1.000000,0.000000
1708693825524042869,0.000000,0.000000,1.000000,0.000000
1708693825624161923,0.000000,0.000000,1.000000,0.000000
1708693825724261908,0.000000,0.000000,1.000000,0.000000
1708693825824368335,0.000000,0.000000,1.000000,0.000000
1708693825924467574,0.000000,0.000000,1.000000,0.000000
1708693826024569239,0.000000,0.000000,1.000000,0.000000
1708693826124659338,0.000000,0.000000,1.000000,0.000000
1708693826224771836,0.000000,0.000000,1.000000,0.000000
1708693826324819155,0.000000,0.000000,1.000000,0.000000
1708693826424938250,0.000000,0.000000,1.000000,0.000000
1708693826525028565,0.000000,0.000000,1.000000,0.000000
1708693826625138526,0.000000,0.000000,1.000000,0.000000
1708693826725253734,0.000000,0.000000,1.000000,0.000000
1708693826825346077,0.000000,0.050000,0.950000,0.000000
1708693826925453823,0.000000,0.000000,1.000000,0.000000
1708693827025512377,0.000000,0.000000,1.000000,0.000000
1708693827125633166,0.000000,0.000000,1.000000,0.000000
1708693827225739709,0.000000,0.000000,1.000000,0.000000
1708693827325834374,0.000000,0.000000,1.000000,0.000000
1708693827425936183,0.000000,0.000000,1.000000,0.000000
1708693827526056794,0.000000,0.050000,0.950000,0.000000
1708693827626157455,0.000000,0.050000,0.950000,0.000000
1708693827726236669,0.000000,0.000000,1.000000,0.000000
1708693827826353332,0.000000,0.000000,1.000000,0.000000
1708693827926430724,0.000000,0.000000,1.000000,0.000000
1708693828026507358,0.000000,0.000000,1.000000,0.000000
1708693828126623147,0.000000,0.050000,0.950000,0.000000
1708693828226717492,0.000000,0.000000,1.000000,0.000000
1708693828326825426,0.000000,0.000000,1.000000,0.000000
1708693828426883494,0.000000,0.000000,1.000000,0.000000
1708693828526996736,0.000000,0.000000,1.000000,0.000000
1708693828627108976,0.000000,0.050000,0.950000,0.000000
1708693828727136336,0.000000,0.000000,1.000000,0.000000
1708693828827259076,0.000000,0.000000,1.000000,0.000000
1708693828927364851,0.000000,0.000000,1.000000,0.000000
1708693829027457119,0.050000,0.000000,0.950000,0.000000
1708693829127575478,0.000000,0.000000,1.000000,0.000000
1708693829227612112,0.000000,0.000000,1.000000,0.000000
1708693829327675053,0.000000,0.000000,1.000000,0.000000
1708693829427783790,0.000000,0.000000,1.000000,0.000000
1708693829527898480,0.000000,0.052632,0.947368,0.000000
1708693829628058729,0.000000,0.000000,1.000000,0.000000
1708693829728093094,0.000000,0.000000,1.000000,0.000000
1708693829828161188,0.000000,0.050000,0.950000,0.000000
1708693829928213220,0.000000,0.000000,1.000000,0.000000
1708693830028331344,0.000000,0.000000,1.000000,0.055556
1708693830128919403,0.150000,0.000000,0.850000,0.000000
1708693830228939668,0.444444,0.555556,0.000000,0.000000
1708693830329359312,0.470588,0.470588,0.058824,0.000000
1708693830429368695,0.300000,0.700000,0.000000,0.000000
1708693830529502541,0.550000,0.450000,0.000000,0.000000
1708693830629589108,0.650000,0.350000,0.000000,0.000000
1708693830729693978,0.700000,0.300000,0.000000,0.000000
1708693830829823643,0.650000,0.350000,0.000000,0.000000
1708693830929967578,0.684211,0.315789,0.000000,0.000000
1708693831030099172,0.900000,0.100000,0.000000,0.000000
1708693831130221503,0.600000,0.400000,0.000000,0.000000
1708693831230284797,0.900000,0.100000,0.000000,0.000000
1708693831330437596,0.904762,0.095238,0.000000,0.000000
1708693831430581335,1.000000,0.000000,0.000000,0.000000
1708693831530724868,0.904762,0.095238,0.000000,0.000000
1708693831630863341,1.000000,0.000000,0.000000,0.000000
1708693831730988833,0.684211,0.105263,0.210526,0.000000
1708693831831088740,0.050000,0.050000,0.900000,0.000000
1708693831931192433,0.055556,0.000000,0.944444,0.000000
1708693832031296824,0.190476,0.095238,0.714286,0.000000
1708693832131412437,0.600000,0.266667,0.133333,0.000000
1708693832231552783,0.388889,0.500000,0.111111,0.000000
1708693832331648109,0.800000,0.200000,0.000000,0.000000
1708693832431791358,0.600000,0.400000,0.000000,0.000000
1708693832531932028,0.684211,0.315789,0.000000,0.000000
1708693832632067264,0.800000,0.200000,0.000000,0.000000
1708693832732200989,0.809524,0.190476,0.000000,0.000000
1708693832832259457,0.842105,0.157895,0.000000,0.000000
1708693832932389713,0.850000,0.150000,0.000000,0.000000
1708693833032535964,0.850000,0.150000,0.000000,0.000000
1708693833132663842,0.900000,0.100000,0.000000,0.000000
1708693833232790747,0.809524,0.142857,0.047619,0.000000
1708693833333408644,0.684211,0.210526,0.105263,0.000000
1708693833433373814,0.368421,0.052632,0.578947,0.000000
1708693833533510032,0.000000,0.052632,0.947368,0.000000
1708693833633556600,0.000000,0.000000,1.000000,0.000000
1708693833733649604,0.000000,0.000000,1.000000,0.000000
1708693833833787670,0.000000,0.050000,0.950000,0.000000
