Time,User,Kernel,Idle,IoWait
1708693814712521230,0.105263,0.000000,0.894737,0.000000
1708693814812707992,0.111111,0.055556,0.833333,0.000000
1708693814912789380,0.210526,0.000000,0.789474,0.000000
1708693815013015336,0.222222,0.111111,0.666667,0.000000
1708693815113037616,0.300000,0.350000,0.350000,0.000000
1708693815213181540,0.000000,0.000000,1.000000,0.000000
1708693815313209807,0.052632,0.105263,0.842105,0.000000
1708693815413351339,0.277778,0.333333,0.388889,0.000000
1708693815513461416,0.700000,0.250000,0.050000,0.000000
1708693815613557209,0.631579,0.368421,0.000000,0.000000
1708693815713679728,0.666667,0.333333,0.000000,0.000000
1708693815813796073,0.650000,0.350000,0.000000,0.000000
1708693815913882841,0.800000,0.200000,0.000000,0.000000
1708693816014001090,0.850000,0.150000,0.000000,0.000000
1708693816114119435,0.900000,0.100000,0.000000,0.000000
1708693816214214625,0.900000,0.100000,0.000000,0.000000
1708693816314340145,0.947368,0.052632,0.000000,0.000000
1708693816414467977,0.900000,0.100000,0.000000,0.000000
1708693816514579751,0.700000,0.200000,0.100000,0.000000
1708693816614667067,0.095238,0.095238,0.809524,0.000000
1708693816714739847,0.000000,0.000000,1.000000,0.000000
1708693816814819715,0.000000,0.000000,1.000000,0.000000
1708693816914953237,0.000000,0.000000,1.000000,0.000000
1708693817015066183,0.000000,0.000000,1.000000,0.000000
1708693817115136561,0.000000,0.000000,1.000000,0.000000
1708693817215266634,0.090909,0.136364,0.772727,0.000000
1708693817315407187,0.375000,0.187500,0.437500,0.000000
1708693817415544428,0.375000,0.437500,0.187500,0.000000
1708693817515703083,0.125000,0.125000,0.750000,0.000000
1708693817615797327,0.300000,0.250000,0.450000,0.000000
1708693817715920474,0.600000,0.400000,0.000000,0.000000
1708693817816040283,0.619048,0.380952,0.000000,0.000000
1708693817916156812,0.736842,0.263158,0.000000,0.000000
1708693818016285057,0.700000,0.300000,0.000000,0.000000
1708693818116408499,0.850000,0.150000,0.000000,0.000000
1708693818216536904,0.857143,0.142857,0.000000,0.000000
1708693818316663059,0.947368,0.052632,0.000000,0.000000
1708693818416787015,0.800000,0.200000,0.000000,0.000000
1708693818516907900,0.900000,0.100000,0.000000,0.000000
1708693818617032240,0.809524,0.190476,0.000000,0.000000
1708693818717148396,0.800000,0.100000,0.100000,0.000000
1708693818817275210,0.150000,0.050000,0.800000,0.000000
1708693818917365170,0.000000,0.000000,1.000000,0.000000
1708693819017440269,0.000000,0.000000,1.000000,0.000000
1708693819117587450,0.166667,0.055556,0.777778,0.000000
1708693819217707341,0.500000,0.312500,0.187500,0.000000
1708693819317844741,0.588235,0.294118,0.117647,0.000000
1708693819417965975,0.550000,0.400000,0.050000,0.000000
1708693819518013017,0.476190,0.476190,0.047619,0.000000
1708693819618105097,0.650000,0.250000,0.100000,0.000000
1708693819718239242,0.684211,0.263158,0.052632,0.000000
1708693819818372653,0.809524,0.190476,0.000000,0.000000
1708693819918435912,0.800000,0.200000,0.000000,0.000000
1708693820018581166,0.842105,0.157895,0.000000,0.000000
1708693820118694613,0.904762,0.095238,0.000000,0.000000
1708693820218814092,0.850000,0.150000,0.000000,0.000000
1708693820318930116,0.900000,0.100000,0.000000,0.000000
1708693820419023732,0.842105,0.105263,0.052632,0.000000
1708693820519118370,0.200000,0.050000,0.750000,0.000000
1708693820619232362,0.050000,0.050000,0.900000,0.000000
1708693820719383430,0.000000,0.000000,1.000000,0.000000
1708693820819419604,0.000000,0.000000,1.000000,0.000000
1708693820919547438,0.000000,0.000000,1.000000,0.000000
1708693821019649834,0.000000,0.000000,1.000000,0.000000
1708693821119752014,0.000000,0.000000,1.000000,0.000000
1708693821219837814,0.000000,0.050000,0.950000,0.000000
1708693821319945619,0.000000,0.000000,1.000000,0.000000
1708693821420045729,0.000000,0.000000,1.000000,0.000000
1708693821520106646,0.000000,0.000000,1.000000,0.000000
1708693821620244676,0.000000,0.000000,1.000000,0.000000
1708693821720342115,0.000000,0.000000,1.000000,0.000000
1708693821820457563,0.000000,0.000000,1.000000,0.000000
1708693821920487129,0.000000,0.000000,1.000000,0.000000
1708693822020577623,0.000000,0.000000,1.000000,0.000000
1708693822120626370,0.000000,0.000000,1.000000,0.000000
1708693822220709687,0.000000,0.000000,1.000000,0.000000
1708693822320814164,0.000000,0.000000,1.000000,0.055556
1708693822420941326,0.000000,0.000000,1.000000,0.000000
1708693822521044137,0.000000,0.000000,1.000000,0.000000
1708693822621113584,0.000000,0.000000,1.000000,0.000000
1708693822721248225,0.000000,0.000000,1.000000,0.000000
1708693822821317475,0.000000,0.000000,1.000000,0.000000
1708693822921471694,0.000000,0.000000,1.000000,0.000000
1708693823021556495,0.000000,0.000000,1.000000,0.000000
1708693823121639698,0.050000,0.000000,0.950000,0.000000
1708693823221737440,0.000000,0.000000,1.000000,0.000000
1708693823321835553,0.000000,0.000000,1.000000,0.000000
1708693823421915844,0.000000,0.000000,1.000000,0.000000
1708693823522049718,0.000000,0.000000,1.000000,0.000000
1708693823622122495,0.000000,0.000000,1.000000,0.000000
1708693823722283476,0.000000,0.000000,1.000000,0.000000
1708693823822364909,0.000000,0.000000,1.000000,0.000000
1708693823922465319,0.000000,0.000000,1.000000,0.000000
1708693824022492982,0.000000,0.000000,1.000000,0.000000
1708693824122572618,0.000000,0.000000,1.000000,0.000000
1708693824222688675,0.000000,0.000000,1.000000,0.000000
1708693824322788301,0.000000,0.000000,1.000000,0.000000
1708693824422885876,0.000000,0.000000,1.000000,0.000000
1708693824522985232,0.000000,0.000000,1.000000,0.000000
1708693824623082260,0.000000,0.000000,1.000000,0.000000
1708693824723143867,0.000000,0.050000,0.950000,0.000000
1708693824823304174,0.000000,0.000000,1.000000,0.000000
1708693824923371771,0.000000,0.000000,1.000000,0.000000
1708693825023523066,0.000000,0.000000,1.000000,0.000000
1708693825123612074,0.000000,0.000000,1.000000,0.000000
1708693825223790488,0.000000,0.000000,1.000000,0.000000
1708693825323841265,0.000000,0.000000,1.000000,0.000000
1708693825423877419,0.000000,0.000000,1.000000,0.000000
1708693825523973257,0.000000,0.000000,1.000000,0.000000
1708693825624111349,0.050000,0.000000,0.950000,0.000000
1708693825724171078,0.000000,0.000000,1.000000,0.000000
1708693825824245947,0.000000,0.000000,1.000000,0.000000
1708693825924366284,0.000000,0.000000,1.000000,0.000000
1708693826024445185,0.000000,0.000000,1.000000,0.000000
1708693826124582072,0.000000,0.000000,1.000000,0.000000
1708693826224625898,0.000000,0.000000,1.000000,0.000000
1708693826324758261,0.000000,0.000000,1.000000,0.000000
1708693826424858026,0.000000,0.000000,1.000000,0.000000
1708693826524954742,0.000000,0.000000,1.000000,0.000000
1708693826625055762,0.000000,0.000000,1.000000,0.000000
1708693826725162974,0.000000,0.000000,1.000000,0.000000
1708693826825268540,0.000000,0.000000,1.000000,0.000000
1708693826925376016,0.000000,0.000000,1.000000,0.000000
1708693827025428179,0.000000,0.000000,1.000000,0.000000
1708693827125511896,0.000000,0.000000,1.000000,0.000000
1708693827225634582,0.000000,0.000000,1.000000,0.000000
1708693827325817938,0.000000,0.050000,0.950000,0.000000
1708693827425832246,0.000000,0.000000,1.000000,0.000000
1708693827525921693,0.000000,0.000000,1.000000,0.000000
1708693827626153591,0.000000,0.000000,1.000000,0.000000
1708693827726160258,0.000000,0.000000,1.000000,0.000000
1708693827826279823,0.000000,0.000000,1.000000,0.000000
1708693827926449143,0.000000,0.000000,1.000000,0.000000
1708693828026491253,0.000000,0.000000,1.000000,0.000000
1708693828126570127,0.000000,0.000000,1.000000,0.000000
1708693828226635557,0.000000,0.000000,1.000000,0.000000
1708693828326728814,0.000000,0.000000,1.000000,0.000000
1708693828426955534,0.000000,0.000000,1.000000,0.000000
1708693828526960896,0.000000,0.000000,1.000000,0.000000
1708693828627045939,0.000000,0.000000,1.000000,0.000000
1708693828727217573,0.000000,0.000000,1.000000,0.000000
1708693828827302131,0.000000,0.000000,1.000000,0.000000
1708693828927374886,0.000000,0.000000,1.000000,0.000000
1708693829027416910,0.000000,0.000000,1.000000,0.000000
1708693829127499232,0.000000,0.000000,1.000000,0.000000
1708693829227553631,0.000000,0.000000,1.000000,0.000000
1708693829327640224,0.000000,0.000000,1.000000,0.000000
1708693829427741622,0.000000,0.000000,1.000000,0.000000
1708693829527851847,0.000000,0.000000,1.000000,0.000000
1708693829627951847,0.000000,0.050000,0.950000,0.000000
1708693829728063206,0.000000,0.000000,1.000000,0.000000
1708693829828165859,0.000000,0.000000,1.000000,0.000000
1708693829928268102,0.000000,0.000000,1.000000,0.000000
1708693830028288718,0.000000,0.000000,1.000000,0.000000
1708693830128441355,0.157895,0.000000,0.842105,0.000000
1708693830228770218,0.533333,0.266667,0.200000,0.000000
1708693830328862737,0.470588,0.411765,0.117647,0.000000
1708693830428953418,0.571429,0.380952,0.047619,0.000000
1708693830529084922,0.555556,0.444444,0.000000,0.000000
1708693830629209591,0.700000,0.300000,0.000000,0.000000
1708693830729348762,0.600000,0.400000,0.000000,0.000000
1708693830829470896,0.750000,0.250000,0.000000,0.000000
1708693830929596378,0.900000,0.100000,0.000000,0.000000
1708693831029725430,1.000000,0.000000,0.000000,0.000000
1708693831129849615,0.866667,0.133333,0.000000,0.000000
1708693831229979020,0.900000,0.100000,0.000000,0.000000
1708693831330114906,0.900000,0.100000,0.000000,0.000000
1708693831430218568,0.904762,0.047619,0.047619,0.000000
1708693831530345845,0.315789,0.105263,0.578947,0.000000
1708693831630459208,0.000000,0.105263,0.894737,0.000000
1708693831730605931,0.000000,0.000000,1.000000,0.000000
1708693831830655709,0.000000,0.000000,1.000000,0.000000
1708693831930786737,0.105263,0.000000,0.894737,0.000000
1708693832030853735,0.444444,0.000000,0.555556,0.000000
1708693832130986993,0.466667,0.400000,0.133333,0.000000
1708693832231113482,0.473684,0.263158,0.263158,0.000000
1708693832331229099,0.550000,0.450000,0.000000,0.000000
1708693832431284705,0.714286,0.285714,0.000000,0.000000
1708693832531419852,0.684211,0.315789,0.000000,0.000000
1708693832631529782,0.714286,0.285714,0.000000,0.000000
1708693832731633780,0.947368,0.052632,0.000000,0.000000
1708693832831762931,0.900000,0.100000,0.000000,0.000000
1708693832931889089,0.850000,0.150000,0.000000,0.000000
1708693833032011297,0.850000,0.150000,0.000000,0.000000
1708693833132132136,0.900000,0.100000,0.000000,0.000000
1708693833232260810,0.857143,0.142857,0.000000,0.000000
1708693833332373680,0.666667,0.222222,0.111111,0.000000
1708693833432439131,0.050000,0.100000,0.850000,0.000000
1708693833532516929,0.000000,0.000000,1.000000,0.000000
1708693833632632096,0.000000,0.000000,1.000000,0.000000
1708693833732738893,0.000000,0.000000,1.000000,0.000000
1708693833832851600,0.000000,0.000000,1.000000,0.000000
