Time,User,Kernel,Idle,IoWait
1708693814717307387,0.157895,0.000000,0.842105,0.000000
1708693814817373430,0.263158,0.052632,0.684211,0.000000
1708693814917447653,0.055556,0.000000,0.944444,0.000000
1708693815017579761,0.176471,0.294118,0.529412,0.000000
1708693815117705055,0.200000,0.200000,0.600000,0.000000
1708693815217799243,0.062500,0.125000,0.812500,0.000000
1708693815317900076,0.428571,0.380952,0.190476,0.000000
1708693815417985850,0.631579,0.368421,0.000000,0.000000
1708693815518126697,0.650000,0.250000,0.100000,0.000000
1708693815618242666,0.750000,0.250000,0.000000,0.000000
1708693815718354744,0.800000,0.200000,0.000000,0.000000
1708693815818446910,0.842105,0.157895,0.000000,0.000000
1708693815918559517,0.857143,0.142857,0.000000,0.000000
1708693816022124636,0.857143,0.142857,0.000000,0.000000
1708693816121067286,0.894737,0.105263,0.000000,0.000000
1708693816221167715,0.809524,0.190476,0.000000,0.000000
1708693816321273622,0.631579,0.105263,0.263158,0.000000
1708693816421363084,0.294118,0.000000,0.705882,0.000000
1708693816521430176,0.000000,0.052632,0.947368,0.000000
1708693816621499875,0.000000,0.000000,1.000000,0.000000
1708693816721577241,0.000000,0.000000,1.000000,0.000000
1708693816821618762,0.000000,0.000000,1.000000,0.000000
1708693816921703433,0.052632,0.000000,0.947368,0.000000
1708693817021746543,0.000000,0.095238,0.904762,0.000000
1708693817121826794,0.000000,0.000000,1.000000,0.000000
1708693817221892585,0.333333,0.277778,0.388889,0.000000
1708693817321985490,0.444444,0.444444,0.111111,0.000000
1708693817422107963,0.294118,0.647059,0.058824,0.000000
1708693817522199931,0.450000,0.550000,0.000000,0.000000
1708693817622229628,0.500000,0.500000,0.000000,0.000000
1708693817722304321,0.526316,0.473684,0.000000,0.000000
1708693817822419367,0.650000,0.350000,0.000000,0.000000
1708693817922522224,0.894737,0.105263,0.000000,0.000000
1708693818022673222,0.809524,0.190476,0.000000,0.000000
1708693818122796691,0.684211,0.315789,0.000000,0.000000
1708693818222944690,0.700000,0.300000,0.000000,0.000000
1708693818323071589,0.750000,0.250000,0.000000,0.000000
1708693818423177201,0.857143,0.142857,0.000000,0.000000
1708693818523283594,0.736842,0.105263,0.157895,0.000000
1708693818623399417,0.850000,0.150000,0.000000,0.000000
1708693818723449514,0.380952,0.095238,0.523810,0.000000
1708693818823587322,0.000000,0.052632,0.947368,0.000000
1708693818923685680,0.000000,0.000000,1.000000,0.000000
1708693819023804702,0.000000,0.000000,1.000000,0.000000
1708693819123895339,0.157895,0.052632,0.789474,0.000000
1708693819224077682,0.470588,0.294118,0.235294,0.000000
1708693819324851682,0.411765,0.352941,0.235294,0.000000
1708693819424786602,0.650000,0.300000,0.050000,0.000000
1708693819524894286,0.631579,0.368421,0.000000,0.000000
1708693819625062616,0.761905,0.238095,0.000000,0.000000
1708693819725184588,0.650000,0.350000,0.000000,0.000000
1708693819825321881,0.750000,0.250000,0.000000,0.000000
1708693819925450056,0.800000,0.200000,0.000000,0.000000
1708693820025581742,0.800000,0.200000,0.000000,0.000000
1708693820125714876,0.800000,0.200000,0.000000,0.000000
1708693820225836851,0.900000,0.100000,0.000000,0.000000
1708693820325968859,0.900000,0.100000,0.000000,0.000000
1708693820426089105,0.789474,0.157895,0.052632,0.000000
1708693820526116814,0.055556,0.111111,0.833333,0.000000
1708693820626245311,0.000000,0.050000,0.950000,0.000000
1708693820726312729,0.000000,0.000000,1.000000,0.000000
1708693820826360951,0.000000,0.000000,1.000000,0.000000
1708693820926419840,0.000000,0.000000,1.000000,0.000000
1708693821026512265,0.000000,0.000000,1.000000,0.000000
1708693821126588882,0.000000,0.000000,1.000000,0.000000
1708693821226664179,0.000000,0.000000,1.000000,0.000000
1708693821326670857,0.000000,0.000000,1.000000,0.000000
1708693821426774832,0.000000,0.000000,1.000000,0.000000
1708693821526853531,0.000000,0.050000,0.950000,0.000000
1708693821626934591,0.000000,0.000000,1.000000,0.000000
1708693821726959383,0.000000,0.000000,1.000000,0.000000
1708693821827025709,0.000000,0.000000,1.000000,0.000000
1708693821927101804,0.000000,0.000000,1.000000,0.000000
1708693822027216221,0.000000,0.000000,1.000000,0.000000
1708693822127223793,0.000000,0.000000,1.000000,0.000000
1708693822227316375,0.000000,0.000000,1.000000,0.000000
1708693822327387417,0.000000,0.000000,1.000000,0.000000
1708693822427460613,0.000000,0.000000,1.000000,0.000000
1708693822527528794,0.000000,0.000000,1.000000,0.000000
1708693822627551942,0.000000,0.000000,1.000000,0.000000
1708693822727662294,0.000000,0.000000,1.000000,0.000000
1708693822827733380,0.000000,0.000000,1.000000,0.000000
1708693822927762257,0.000000,0.000000,1.000000,0.000000
1708693823027840562,0.000000,0.050000,0.950000,0.000000
1708693823127924849,0.000000,0.000000,1.000000,0.000000
1708693823227964056,0.000000,0.000000,1.000000,0.000000
1708693823328082613,0.000000,0.000000,1.000000,0.000000
1708693823428123097,0.000000,0.000000,1.000000,0.000000
1708693823528158611,0.000000,0.000000,1.000000,0.000000
1708693823628256432,0.000000,0.000000,1.000000,0.000000
1708693823728331923,0.050000,0.000000,0.950000,0.000000
1708693823828404037,0.000000,0.000000,1.000000,0.000000
1708693823928475176,0.000000,0.000000,1.000000,0.000000
1708693824028513853,0.000000,0.000000,1.000000,0.000000
1708693824128563263,0.000000,0.000000,1.000000,0.000000
1708693824228643944,0.000000,0.000000,1.000000,0.000000
1708693824328712793,0.000000,0.000000,1.000000,0.000000
1708693824428767704,0.000000,0.000000,1.000000,0.000000
1708693824528865423,0.000000,0.000000,1.000000,0.000000
1708693824628906036,0.050000,0.000000,0.950000,0.000000
1708693824729033391,0.000000,0.000000,1.000000,0.000000
1708693824829098480,0.000000,0.000000,1.000000,0.000000
1708693824929143255,0.000000,0.000000,1.000000,0.000000
1708693825029230777,0.000000,0.000000,1.000000,0.000000
1708693825129289263,0.000000,0.000000,1.000000,0.000000
1708693825229369432,0.000000,0.000000,1.000000,0.000000
1708693825329416362,0.000000,0.000000,1.000000,0.000000
1708693825429503651,0.000000,0.000000,1.000000,0.000000
1708693825529558045,0.000000,0.000000,1.000000,0.000000
1708693825629626440,0.000000,0.000000,1.000000,0.000000
1708693825729683080,0.000000,0.000000,1.000000,0.000000
1708693825829762368,0.000000,0.000000,1.000000,0.000000
1708693825929820229,0.000000,0.000000,1.000000,0.000000
1708693826029896685,0.000000,0.000000,1.000000,0.000000
1708693826129951678,0.000000,0.000000,1.000000,0.000000
1708693826230029614,0.000000,0.000000,1.000000,0.000000
1708693826330086413,0.000000,0.000000,1.000000,0.000000
1708693826430165376,0.000000,0.000000,1.000000,0.000000
1708693826530232541,0.000000,0.000000,1.000000,0.000000
1708693826630326108,0.000000,0.000000,1.000000,0.000000
1708693826730388965,0.000000,0.000000,1.000000,0.000000
1708693826830408295,0.000000,0.000000,1.000000,0.000000
1708693826930494543,0.000000,0.000000,1.000000,0.000000
1708693827030583609,0.000000,0.000000,1.000000,0.000000
1708693827130622478,0.000000,0.000000,1.000000,0.000000
1708693827230716193,0.000000,0.000000,1.000000,0.000000
1708693827330752821,0.000000,0.000000,1.000000,0.000000
1708693827430837432,0.000000,0.000000,1.000000,0.000000
1708693827530913112,0.000000,0.000000,1.000000,0.000000
1708693827630995021,0.000000,0.000000,1.000000,0.000000
1708693827731061602,0.000000,0.000000,1.000000,0.000000
1708693827831088229,0.000000,0.000000,1.000000,0.000000
1708693827931171397,0.000000,0.000000,1.000000,0.000000
1708693828031251241,0.000000,0.000000,1.000000,0.000000
1708693828131296570,0.000000,0.000000,1.000000,0.000000
1708693828231367467,0.000000,0.000000,1.000000,0.000000
1708693828331441839,0.000000,0.000000,1.000000,0.000000
1708693828431497106,0.000000,0.000000,1.000000,0.000000
1708693828531573528,0.000000,0.000000,1.000000,0.000000
1708693828631632422,0.050000,0.000000,0.950000,0.000000
1708693828731712582,0.000000,0.000000,1.000000,0.000000
1708693828831764860,0.000000,0.000000,1.000000,0.000000
1708693828931836747,0.000000,0.000000,1.000000,0.000000
1708693829031912111,0.000000,0.000000,1.000000,0.000000
1708693829131987613,0.000000,0.000000,1.000000,0.000000
1708693829232061668,0.000000,0.000000,1.000000,0.000000
1708693829332093995,0.000000,0.000000,1.000000,0.000000
1708693829432185105,0.000000,0.000000,1.000000,0.000000
1708693829532257963,0.000000,0.000000,1.000000,0.000000
1708693829632296174,0.000000,0.000000,1.000000,0.000000
1708693829732400326,0.000000,0.000000,1.000000,0.000000
1708693829832464154,0.000000,0.000000,1.000000,0.000000
1708693829932535814,0.000000,0.000000,1.000000,0.000000
1708693830032559280,0.000000,0.050000,0.950000,0.000000
1708693830132641123,0.052632,0.052632,0.894737,0.000000
1708693830232752641,0.500000,0.250000,0.250000,0.000000
1708693830332840549,0.500000,0.333333,0.166667,0.000000
1708693830432973207,0.523810,0.476190,0.000000,0.000000
1708693830533085251,0.700000,0.300000,0.000000,0.000000
1708693830633170892,0.750000,0.250000,0.000000,0.000000
1708693830734400778,0.650000,0.350000,0.000000,0.000000
1708693830834159546,0.600000,0.400000,0.000000,0.000000
1708693830934253305,0.900000,0.100000,0.000000,0.000000
1708693831034352937,0.850000,0.150000,0.000000,0.000000
1708693831134462466,0.850000,0.150000,0.000000,0.000000
1708693831234562027,0.800000,0.200000,0.000000,0.000000
1708693831338127527,0.857143,0.142857,0.000000,0.000000
1708693831437020382,0.894737,0.052632,0.052632,0.000000
1708693831537061144,0.142857,0.095238,0.761905,0.000000
1708693831637158739,0.000000,0.052632,0.947368,0.000000
1708693831737217351,0.000000,0.000000,1.000000,0.000000
1708693831837294206,0.000000,0.000000,1.000000,0.000000
1708693831937362479,0.100000,0.050000,0.850000,0.000000
1708693832037458361,0.352941,0.411765,0.235294,0.000000
1708693832137557483,0.352941,0.647059,0.000000,0.000000
1708693832237670593,0.444444,0.444444,0.111111,0.000000
1708693832337718748,0.571429,0.428571,0.000000,0.000000
1708693832437816027,0.550000,0.450000,0.000000,0.000000
1708693832537840334,0.700000,0.300000,0.000000,0.000000
1708693832637954222,0.500000,0.500000,0.000000,0.000000
1708693832737976048,0.650000,0.350000,0.000000,0.000000
1708693832838083506,0.450000,0.550000,0.000000,0.000000
1708693832938165244,0.750000,0.250000,0.000000,0.000000
1708693833038331147,0.850000,0.150000,0.000000,0.000000
1708693833138477012,0.900000,0.100000,0.000000,0.000000
1708693833238565830,0.850000,0.150000,0.000000,0.000000
1708693833338655252,0.842105,0.157895,0.000000,0.000000
1708693833438824397,0.809524,0.190476,0.000000,0.000000
1708693833538839571,0.444444,0.111111,0.444444,0.000000
1708693833638981787,0.050000,0.150000,0.800000,0.000000
1708693833739059782,0.000000,0.000000,1.000000,0.000000
1708693833839094304,0.000000,0.000000,1.000000,0.000000
