Time,User,Kernel,Idle,IoWait
1708693814717686230,0.105263,0.052632,0.842105,0.000000
1708693814817783939,0.350000,0.050000,0.600000,0.000000
1708693814917987961,0.052632,0.000000,0.947368,0.000000
1708693815017991061,0.200000,0.466667,0.333333,0.000000
1708693815118126548,0.125000,0.125000,0.750000,0.000000
1708693815218208445,0.052632,0.105263,0.842105,0.000000
1708693815318271807,0.263158,0.421053,0.315789,0.000000
1708693815418428218,0.550000,0.450000,0.000000,0.000000
1708693815518489628,0.578947,0.263158,0.157895,0.000000
1708693815618644437,0.700000,0.300000,0.000000,0.000000
1708693815718769733,0.666667,0.285714,0.047619,0.000000
1708693815818907059,0.736842,0.210526,0.052632,0.000000
1708693815919036431,0.900000,0.100000,0.000000,0.000000
1708693816019094137,0.950000,0.050000,0.000000,0.000000
1708693816119251556,0.857143,0.142857,0.000000,0.000000
1708693816219350282,0.894737,0.105263,0.000000,0.000000
1708693816319482401,0.904762,0.095238,0.000000,0.000000
1708693816419568251,0.789474,0.210526,0.000000,0.000000
1708693816519672025,0.105263,0.052632,0.842105,0.000000
1708693816619785583,0.000000,0.000000,1.000000,0.000000
1708693816719900412,0.000000,0.000000,1.000000,0.000000
1708693816820004279,0.000000,0.052632,0.947368,0.000000
1708693816920112672,0.000000,0.000000,1.000000,0.000000
1708693817020222410,0.000000,0.050000,0.950000,0.000000
1708693817120322514,0.000000,0.000000,1.000000,0.000000
1708693817220425657,0.250000,0.050000,0.700000,0.000000
1708693817320531037,0.444444,0.111111,0.444444,0.000000
1708693817420600070,0.222222,0.500000,0.277778,0.000000
1708693817520726544,0.263158,0.263158,0.473684,0.000000
1708693817620826330,0.550000,0.300000,0.150000,0.000000
1708693817720967074,0.578947,0.368421,0.052632,0.000000
1708693817821084766,0.631579,0.263158,0.105263,0.000000
1708693817921182967,0.523810,0.476190,0.000000,0.000000
1708693818021510785,0.526316,0.473684,0.000000,0.000000
1708693818121560455,0.750000,0.250000,0.000000,0.000000
1708693818221682345,0.850000,0.150000,0.000000,0.000000
1708693818321818211,0.950000,0.050000,0.000000,0.000000
1708693818421965773,0.904762,0.095238,0.000000,0.000000
1708693818522101322,0.900000,0.100000,0.000000,0.000000
1708693818622249039,0.800000,0.200000,0.000000,0.000000
1708693818722378255,0.684211,0.052632,0.263158,0.000000
1708693818822450918,0.000000,0.000000,1.000000,0.000000
1708693818922569004,0.000000,0.055556,0.944444,0.000000
1708693819022679163,0.000000,0.050000,0.950000,0.000000
1708693819122775615,0.055556,0.000000,0.944444,0.000000
1708693819222893990,0.222222,0.277778,0.500000,0.000000
1708693819322992067,0.062500,0.062500,0.875000,0.000000
1708693819423107383,0.428571,0.238095,0.333333,0.000000
1708693819523235693,0.578947,0.368421,0.052632,0.000000
1708693819623295917,0.571429,0.333333,0.095238,0.000000
1708693819723450511,1.000000,0.000000,0.000000,0.000000
1708693819823573766,0.900000,0.100000,0.000000,0.000000
1708693819923693001,0.750000,0.150000,0.100000,0.000000
1708693820023807794,0.100000,0.050000,0.850000,0.000000
1708693820123883760,0.000000,0.050000,0.950000,0.000000
1708693820223958058,0.000000,0.000000,1.000000,0.000000
1708693820324095849,0.000000,0.000000,1.000000,0.000000
1708693820424194628,0.000000,0.000000,1.000000,0.000000
1708693820524295172,0.000000,0.000000,1.000000,0.000000
1708693820624397067,0.000000,0.000000,1.000000,0.000000
1708693820724490187,0.000000,0.000000,1.000000,0.000000
1708693820824593869,0.000000,0.000000,1.000000,0.000000
1708693820924688221,0.000000,0.000000,1.000000,0.000000
1708693821024760960,0.000000,0.000000,1.000000,0.000000
1708693821124873299,0.000000,0.000000,1.000000,0.000000
1708693821224984503,0.000000,0.000000,1.000000,0.000000
1708693821325087326,0.000000,0.000000,1.000000,0.000000
1708693821425192752,0.000000,0.000000,1.000000,0.000000
1708693821525290956,0.000000,0.000000,1.000000,0.000000
1708693821625355988,0.000000,0.000000,1.000000,0.000000
1708693821725486225,0.000000,0.000000,1.000000,0.000000
1708693821825586133,0.000000,0.000000,1.000000,0.000000
1708693821925690720,0.000000,0.000000,1.000000,0.000000
1708693822025796443,0.000000,0.000000,1.000000,0.000000
1708693822125894664,0.000000,0.000000,1.000000,0.000000
1708693822226024112,0.000000,0.050000,0.950000,0.000000
1708693822326074459,0.000000,0.000000,1.000000,0.000000
1708693822426138596,0.000000,0.000000,1.000000,0.000000
1708693822526203103,0.000000,0.000000,1.000000,0.000000
1708693822626265746,0.000000,0.000000,1.000000,0.000000
1708693822726384051,0.000000,0.000000,1.000000,0.000000
1708693822826487955,0.000000,0.000000,1.000000,0.000000
1708693822926534007,0.000000,0.000000,1.000000,0.000000
1708693823026616540,0.000000,0.000000,1.000000,0.000000
1708693823126659685,0.000000,0.000000,1.000000,0.000000
1708693823226753169,0.000000,0.000000,1.000000,0.000000
1708693823326854301,0.000000,0.000000,1.000000,0.000000
1708693823426958123,0.000000,0.000000,1.000000,0.000000
1708693823526999023,0.000000,0.000000,1.000000,0.000000
1708693823627090399,0.000000,0.000000,1.000000,0.000000
1708693823727198433,0.000000,0.000000,1.000000,0.000000
1708693823827293491,0.000000,0.000000,1.000000,0.000000
1708693823927392691,0.000000,0.000000,1.000000,0.000000
1708693824027502355,0.000000,0.000000,1.000000,0.000000
1708693824127606185,0.000000,0.000000,1.000000,0.000000
1708693824227682971,0.000000,0.000000,1.000000,0.000000
1708693824327786176,0.000000,0.000000,1.000000,0.000000
1708693824427901048,0.000000,0.000000,1.000000,0.000000
1708693824527994208,0.000000,0.000000,1.000000,0.000000
1708693824628091035,0.000000,0.000000,1.000000,0.000000
1708693824728185306,0.000000,0.000000,1.000000,0.000000
1708693824828300086,0.000000,0.000000,1.000000,0.000000
1708693824928339366,0.000000,0.000000,1.000000,0.000000
1708693825028453938,0.000000,0.000000,1.000000,0.000000
1708693825128562408,0.000000,0.000000,1.000000,0.000000
1708693825228664568,0.000000,0.000000,1.000000,0.000000
1708693825328766429,0.000000,0.000000,1.000000,0.000000
1708693825428854805,0.000000,0.050000,0.950000,0.000000
1708693825528956522,0.000000,0.000000,1.000000,0.000000
1708693825629047179,0.000000,0.000000,1.000000,0.000000
1708693825729151249,0.000000,0.000000,1.000000,0.000000
1708693825829265239,0.000000,0.000000,1.000000,0.000000
1708693825929373264,0.000000,0.000000,1.000000,0.000000
1708693826029405624,0.000000,0.000000,1.000000,0.000000
1708693826129482154,0.000000,0.000000,1.000000,0.000000
1708693826229701270,0.000000,0.050000,0.950000,0.000000
1708693826329774488,0.000000,0.000000,1.000000,0.000000
1708693826429881118,0.000000,0.000000,1.000000,0.000000
1708693826530022444,0.050000,0.000000,0.950000,0.000000
1708693826630076198,0.000000,0.000000,1.000000,0.000000
1708693826730187099,0.000000,0.000000,1.000000,0.000000
1708693826830298374,0.000000,0.000000,1.000000,0.000000
1708693826930395377,0.000000,0.000000,1.000000,0.000000
1708693827030502380,0.000000,0.000000,1.000000,0.000000
1708693827130611207,0.000000,0.000000,1.000000,0.000000
1708693827230690093,0.000000,0.000000,1.000000,0.000000
1708693827330730032,0.000000,0.050000,0.950000,0.000000
1708693827430816234,0.000000,0.000000,1.000000,0.000000
1708693827530942803,0.000000,0.000000,1.000000,0.000000
1708693827631026549,0.000000,0.000000,1.000000,0.000000
1708693827731067315,0.000000,0.000000,1.000000,0.000000
1708693827831137584,0.000000,0.000000,1.000000,0.000000
1708693827931218357,0.000000,0.000000,1.000000,0.000000
1708693828031267828,0.000000,0.000000,1.000000,0.000000
1708693828131392329,0.000000,0.000000,1.000000,0.000000
1708693828231496701,0.000000,0.000000,1.000000,0.000000
1708693828331535148,0.000000,0.000000,1.000000,0.000000
1708693828431620744,0.000000,0.000000,1.000000,0.000000
1708693828531666584,0.000000,0.000000,1.000000,0.000000
1708693828631744124,0.000000,0.000000,1.000000,0.000000
1708693828731861168,0.000000,0.000000,1.000000,0.000000
1708693828831957161,0.000000,0.000000,1.000000,0.000000
1708693828932004236,0.000000,0.000000,1.000000,0.000000
1708693829032089920,0.000000,0.000000,1.000000,0.000000
1708693829132204236,0.200000,0.100000,0.700000,0.000000
1708693829232325687,0.222222,0.277778,0.500000,0.000000
1708693829332359917,0.368421,0.210526,0.421053,0.000000
1708693829432514388,0.571429,0.333333,0.095238,0.000000
1708693829532642664,0.526316,0.315789,0.157895,0.000000
1708693829632763643,1.000000,0.000000,0.000000,0.000000
1708693829732891256,0.850000,0.150000,0.000000,0.000000
1708693829833016855,0.842105,0.105263,0.052632,0.000000
1708693829933136244,0.200000,0.050000,0.750000,0.000000
1708693830033225986,0.052632,0.000000,0.947368,0.000000
1708693830133369030,0.058824,0.117647,0.823529,0.000000
1708693830233426533,0.473684,0.473684,0.052632,0.000000
1708693830333568469,0.538462,0.461538,0.000000,0.000000
1708693830433683611,0.800000,0.150000,0.050000,0.000000
1708693830533810382,0.750000,0.250000,0.000000,0.000000
1708693830633882824,0.700000,0.300000,0.000000,0.000000
1708693830734049487,0.600000,0.300000,0.100000,0.000000
1708693830834167885,0.700000,0.300000,0.000000,0.000000
1708693830934300398,0.850000,0.150000,0.000000,0.000000
1708693831034418591,0.850000,0.150000,0.000000,0.000000
1708693831134540382,0.950000,0.050000,0.000000,0.000000
1708693831234661115,0.900000,0.100000,0.000000,0.000000
1708693831334789011,0.900000,0.100000,0.000000,0.000000
1708693831434903215,0.800000,0.200000,0.000000,0.000000
1708693831535005229,0.263158,0.000000,0.736842,0.000000
1708693831635078989,0.052632,0.105263,0.842105,0.000000
1708693831735150668,0.000000,0.000000,1.000000,0.000000
1708693831835211758,0.000000,0.050000,0.950000,0.000000
1708693831935339670,0.105263,0.000000,0.894737,0.000000
1708693832035621685,0.333333,0.222222,0.444444,0.000000
1708693832135649321,0.642857,0.285714,0.071429,0.000000
1708693832235783461,0.650000,0.350000,0.000000,0.000000
1708693832335917114,0.650000,0.350000,0.000000,0.000000
1708693832439351986,0.714286,0.285714,0.000000,0.000000
1708693832538361151,0.631579,0.315789,0.052632,0.000000
1708693832638502223,0.571429,0.238095,0.190476,0.000000
1708693832738626185,0.800000,0.200000,0.000000,0.000000
1708693832838694462,0.850000,0.150000,0.000000,0.000000
1708693832938851560,0.900000,0.100000,0.000000,0.000000
1708693833038972710,0.894737,0.105263,0.000000,0.000000
1708693833139102879,0.800000,0.200000,0.000000,0.000000
1708693833239196014,0.761905,0.238095,0.000000,0.000000
1708693833339281123,0.473684,0.052632,0.473684,0.000000
1708693833439391063,0.052632,0.105263,0.842105,0.000000
1708693833539490023,0.000000,0.000000,1.000000,0.000000
1708693833639538008,0.000000,0.000000,1.000000,0.000000
1708693833739683733,0.000000,0.000000,1.000000,0.000000
1708693833839851159,0.000000,0.050000,0.950000,0.000000
