Time,User,Kernel,Idle,IoWait
1708693814722856917,0.157895,0.000000,0.842105,0.000000
1708693814822866391,0.157895,0.052632,0.789474,0.000000
1708693814922997044,0.157895,0.000000,0.842105,0.000000
1708693815023096171,0.176471,0.352941,0.470588,0.000000
1708693815123237314,0.062500,0.125000,0.812500,0.000000
1708693815223297760,0.142857,0.142857,0.714286,0.000000
1708693815323357623,0.000000,0.000000,1.000000,0.000000
1708693815423479043,0.315789,0.105263,0.578947,0.000000
1708693815523565672,0.684211,0.315789,0.000000,0.000000
1708693815623711083,0.666667,0.333333,0.000000,0.000000
1708693815723780356,0.736842,0.263158,0.000000,0.000000
1708693815823904045,0.700000,0.300000,0.000000,0.000000
1708693815924029585,0.750000,0.250000,0.000000,0.000000
1708693816024161381,0.700000,0.300000,0.000000,0.000000
1708693816124286291,0.850000,0.150000,0.000000,0.000000
1708693816224416108,0.950000,0.050000,0.000000,0.000000
1708693816324550372,0.800000,0.200000,0.000000,0.000000
1708693816424693680,0.750000,0.150000,0.100000,0.000000
1708693816524745072,0.761905,0.142857,0.095238,0.000000
1708693816624898097,0.055556,0.000000,0.944444,0.000000
1708693816724949853,0.052632,0.052632,0.894737,0.000000
1708693816825021767,0.000000,0.000000,1.000000,0.000000
1708693816925143711,0.000000,0.000000,1.000000,0.000000
1708693817025250218,0.000000,0.000000,1.000000,0.000000
1708693817125357199,0.000000,0.000000,1.000000,0.000000
1708693817225465007,0.235294,0.117647,0.647059,0.000000
1708693817325531078,0.444444,0.500000,0.055556,0.000000
1708693817425655449,0.294118,0.647059,0.058824,0.000000
1708693817525722074,0.421053,0.315789,0.263158,0.000000
1708693817625850471,0.500000,0.350000,0.150000,0.000000
1708693817725943945,0.500000,0.350000,0.150000,0.000000
1708693817826050629,0.578947,0.368421,0.052632,0.000000
1708693817926194374,0.650000,0.350000,0.000000,0.000000
1708693818026250341,0.850000,0.150000,0.000000,0.000000
1708693818126390718,0.950000,0.050000,0.000000,0.000000
1708693818226524988,0.850000,0.150000,0.000000,0.000000
1708693818326664137,0.900000,0.100000,0.000000,0.000000
1708693818426786003,0.850000,0.150000,0.000000,0.000000
1708693818526854641,0.894737,0.105263,0.000000,0.000000
1708693818626968967,0.666667,0.190476,0.142857,0.000000
1708693818727058862,0.000000,0.052632,0.947368,0.000000
1708693818827184816,0.000000,0.000000,1.000000,0.000000
1708693818927225042,0.000000,0.000000,1.000000,0.000000
1708693819029322395,0.100000,0.000000,0.900000,0.000000
1708693819128766999,0.000000,0.055556,0.944444,0.000000
1708693819228845621,0.588235,0.117647,0.294118,0.000000
1708693819328971101,0.375000,0.375000,0.250000,0.000000
1708693819429067452,0.400000,0.200000,0.400000,0.000000
1708693819529172764,0.526316,0.315789,0.157895,0.000000
1708693819629311365,0.700000,0.300000,0.000000,0.000000
1708693819729425857,0.700000,0.300000,0.000000,0.000000
1708693819829547825,0.650000,0.350000,0.000000,0.000000
1708693819930463545,0.750000,0.250000,0.000000,0.000000
1708693820030310657,0.950000,0.050000,0.000000,0.000000
1708693820131758102,0.850000,0.150000,0.000000,0.000000
1708693820233175308,0.857143,0.142857,0.000000,0.000000
1708693820332992990,0.850000,0.150000,0.000000,0.000000
1708693820434000165,0.750000,0.200000,0.050000,0.000000
1708693820533793948,0.578947,0.105263,0.315789,0.000000
1708693820633898551,0.050000,0.100000,0.850000,0.000000
1708693820733983983,0.000000,0.000000,1.000000,0.000000
1708693820834013747,0.000000,0.000000,1.000000,0.000000
1708693820934090930,0.000000,0.000000,1.000000,0.000000
1708693821034166418,0.000000,0.000000,1.000000,0.000000
1708693821134253758,0.000000,0.000000,1.000000,0.000000
1708693821234381112,0.000000,0.000000,1.000000,0.000000
1708693821334433628,0.000000,0.000000,1.000000,0.000000
1708693821434540027,0.000000,0.000000,1.000000,0.000000
1708693821534646950,0.000000,0.050000,0.950000,0.000000
1708693821634745571,0.000000,0.000000,1.000000,0.000000
1708693821734843510,0.000000,0.000000,1.000000,0.000000
1708693821834945277,0.000000,0.000000,1.000000,0.000000
1708693821935031705,0.000000,0.000000,1.000000,0.000000
1708693822035132881,0.000000,0.000000,1.000000,0.000000
1708693822135245943,0.000000,0.000000,1.000000,0.000000
1708693822235334949,0.000000,0.000000,1.000000,0.000000
1708693822335414825,0.000000,0.000000,1.000000,0.000000
1708693822435512550,0.000000,0.000000,1.000000,0.000000
1708693822535558405,0.000000,0.000000,1.000000,0.000000
1708693822635664596,0.000000,0.000000,1.000000,0.000000
1708693822735746452,0.000000,0.000000,1.000000,0.000000
1708693822835853180,0.000000,0.000000,1.000000,0.000000
1708693822935893619,0.000000,0.000000,1.000000,0.000000
1708693823036006354,0.000000,0.000000,1.000000,0.000000
1708693823136081956,0.000000,0.000000,1.000000,0.000000
1708693823236184193,0.000000,0.000000,1.000000,0.000000
1708693823336269218,0.000000,0.000000,1.000000,0.000000
1708693823436294044,0.000000,0.000000,1.000000,0.000000
1708693823536409798,0.000000,0.000000,1.000000,0.000000
1708693823636513189,0.000000,0.000000,1.000000,0.000000
1708693823736616773,0.000000,0.000000,1.000000,0.000000
1708693823836678970,0.000000,0.000000,1.000000,0.000000
1708693823936759747,0.000000,0.000000,1.000000,0.000000
1708693824036855317,0.000000,0.000000,1.000000,0.000000
1708693824136969044,0.000000,0.000000,1.000000,0.000000
1708693824237007997,0.000000,0.000000,1.000000,0.000000
1708693824337092465,0.000000,0.000000,1.000000,0.000000
1708693824437194520,0.000000,0.000000,1.000000,0.000000
1708693824537298062,0.000000,0.000000,1.000000,0.000000
1708693824637340043,0.000000,0.050000,0.950000,0.000000
1708693824737461307,0.000000,0.000000,1.000000,0.000000
1708693824837552335,0.000000,0.000000,1.000000,0.000000
1708693824937608747,0.000000,0.000000,1.000000,0.000000
1708693825037695915,0.000000,0.000000,1.000000,0.000000
1708693825137756190,0.000000,0.000000,1.000000,0.000000
1708693825237835103,0.000000,0.000000,1.000000,0.000000
1708693825337883314,0.000000,0.000000,1.000000,0.000000
1708693825437986106,0.000000,0.000000,1.000000,0.000000
1708693825538047834,0.000000,0.000000,1.000000,0.000000
1708693825638142995,0.000000,0.000000,1.000000,0.000000
1708693825738250764,0.000000,0.000000,1.000000,0.000000
1708693825838333149,0.000000,0.000000,1.000000,0.000000
1708693825938428170,0.000000,0.000000,1.000000,0.000000
1708693826038506024,0.000000,0.000000,1.000000,0.000000
1708693826138550413,0.000000,0.000000,1.000000,0.000000
1708693826238657361,0.000000,0.000000,1.000000,0.000000
1708693826338679951,0.000000,0.000000,1.000000,0.000000
1708693826438763807,0.000000,0.000000,1.000000,0.000000
1708693826538846366,0.000000,0.000000,1.000000,0.000000
1708693826638899818,0.000000,0.000000,1.000000,0.000000
1708693826738963688,0.000000,0.050000,0.950000,0.000000
1708693826839067196,0.000000,0.000000,1.000000,0.000000
1708693826939168306,0.000000,0.000000,1.000000,0.000000
1708693827039217502,0.000000,0.000000,1.000000,0.000000
1708693827139324246,0.000000,0.000000,1.000000,0.000000
1708693827239427027,0.000000,0.000000,1.000000,0.000000
1708693827339522498,0.000000,0.000000,1.000000,0.000000
1708693827439597237,0.000000,0.000000,1.000000,0.000000
1708693827539689153,0.000000,0.000000,1.000000,0.000000
1708693827639786307,0.000000,0.000000,1.000000,0.000000
1708693827739827703,0.000000,0.000000,1.000000,0.000000
1708693827839939446,0.000000,0.000000,1.000000,0.000000
1708693827940036267,0.000000,0.000000,1.000000,0.000000
1708693828040123826,0.000000,0.000000,1.000000,0.000000
1708693828140224193,0.000000,0.050000,0.950000,0.000000
1708693828240324851,0.000000,0.000000,1.000000,0.000000
1708693828340365752,0.000000,0.000000,1.000000,0.000000
1708693828440438288,0.000000,0.000000,1.000000,0.000000
1708693828540487309,0.000000,0.000000,1.000000,0.000000
1708693828640623699,0.000000,0.000000,1.000000,0.000000
1708693828740683960,0.000000,0.000000,1.000000,0.000000
1708693828840785907,0.000000,0.000000,1.000000,0.000000
1708693828940879223,0.000000,0.000000,1.000000,0.000000
1708693829040949026,0.000000,0.000000,1.000000,0.000000
1708693829141023869,0.000000,0.050000,0.950000,0.000000
1708693829241072406,0.000000,0.000000,1.000000,0.000000
1708693829341162259,0.000000,0.000000,1.000000,0.000000
1708693829441206760,0.000000,0.000000,1.000000,0.000000
1708693829541316235,0.000000,0.000000,1.000000,0.000000
1708693829641341132,0.000000,0.000000,1.000000,0.000000
1708693829741411183,0.000000,0.000000,1.000000,0.000000
1708693829841484663,0.000000,0.000000,1.000000,0.000000
1708693829941545219,0.000000,0.000000,1.000000,0.000000
1708693830041620227,0.000000,0.000000,1.000000,0.000000
1708693830146060020,0.250000,0.000000,0.750000,0.000000
1708693830244816915,0.470588,0.294118,0.235294,0.000000
1708693830344819524,0.375000,0.437500,0.187500,0.000000
1708693830444954607,0.650000,0.250000,0.100000,0.000000
1708693830545032829,0.631579,0.368421,0.000000,0.000000
1708693830645177283,0.600000,0.400000,0.000000,0.000000
1708693830745429970,0.600000,0.300000,0.100000,0.000000
1708693830845462600,0.761905,0.238095,0.000000,0.000000
1708693830945552930,0.888889,0.111111,0.000000,0.000000
1708693831045640872,0.857143,0.142857,0.000000,0.000000
1708693831145742352,0.800000,0.200000,0.000000,0.000000
1708693831245837017,0.842105,0.157895,0.000000,0.000000
1708693831345960590,0.714286,0.285714,0.000000,0.000000
1708693831446070642,0.750000,0.200000,0.050000,0.000000
1708693831546163439,0.222222,0.000000,0.777778,0.000000
1708693831646213762,0.050000,0.100000,0.850000,0.000000
1708693831746355798,0.000000,0.000000,1.000000,0.000000
1708693831846459878,0.000000,0.000000,1.000000,0.000000
1708693831946565877,0.055556,0.000000,0.944444,0.000000
1708693832046621808,0.388889,0.000000,0.611111,0.000000
1708693832146740574,0.411765,0.352941,0.235294,0.000000
1708693832255502926,0.571429,0.285714,0.142857,0.000000
1708693832352709369,0.631579,0.315789,0.052632,0.000000
1708693832452829767,0.500000,0.400000,0.100000,0.000000
1708693832552884295,0.750000,0.250000,0.000000,0.000000
1708693832652944963,0.700000,0.300000,0.000000,0.000000
1708693832753076018,0.750000,0.250000,0.000000,0.000000
1708693832853176161,0.850000,0.150000,0.000000,0.000000
1708693832953267516,0.850000,0.150000,0.000000,0.000000
1708693833053367906,0.850000,0.150000,0.000000,0.000000
1708693833153479905,0.900000,0.100000,0.000000,0.000000
1708693833253576432,0.789474,0.157895,0.052632,0.000000
1708693833353669458,0.700000,0.150000,0.150000,0.000000
1708693833453756650,0.052632,0.052632,0.894737,0.000000
1708693833553819542,0.000000,0.000000,1.000000,0.000000
1708693833653900770,0.000000,0.000000,1.000000,0.000000
1708693833753957356,0.000000,0.050000,0.950000,0.000000
