Time,User,Kernel,Idle,IoWait
1708693814721089382,0.100000,0.100000,0.800000,0.000000
1708693814821199519,0.111111,0.000000,0.888889,0.000000
1708693814921294099,0.222222,0.000000,0.777778,0.000000
1708693815021356749,0.187500,0.375000,0.437500,0.000000
1708693815121474483,0.062500,0.125000,0.812500,0.000000
1708693815221599641,0.111111,0.000000,0.888889,0.000000
1708693815321706831,0.315789,0.157895,0.526316,0.000000
1708693815421815515,0.666667,0.333333,0.000000,0.000000
1708693815521896076,0.750000,0.250000,0.000000,0.000000
1708693815622036754,0.631579,0.368421,0.000000,0.000000
1708693815722133141,0.650000,0.350000,0.000000,0.000000
1708693815822250520,0.666667,0.333333,0.000000,0.000000
1708693815922357292,0.800000,0.200000,0.000000,0.000000
1708693816022465033,0.857143,0.142857,0.000000,0.000000
1708693816122576165,0.800000,0.200000,0.000000,0.000000
1708693816222660382,0.850000,0.150000,0.000000,0.000000
1708693816322724054,0.894737,0.105263,0.000000,0.000000
1708693816422800800,0.761905,0.095238,0.142857,0.000000
1708693816522914446,0.055556,0.000000,0.944444,0.000000
1708693816623037312,0.000000,0.000000,1.000000,0.000000
1708693816723063453,0.000000,0.050000,0.950000,0.000000
1708693816823130059,0.000000,0.000000,1.000000,0.000000
1708693816923183718,0.000000,0.000000,1.000000,0.000000
1708693817023244774,0.000000,0.000000,1.000000,0.000000
1708693817123343420,0.000000,0.050000,0.950000,0.000000
1708693817223454187,0.333333,0.000000,0.666667,0.000000
1708693817323472726,0.526316,0.263158,0.210526,0.000000
1708693817423612267,0.222222,0.388889,0.388889,0.000000
1708693817523721322,0.368421,0.210526,0.421053,0.000000
1708693817623832358,0.650000,0.350000,0.000000,0.000000
1708693817723975147,0.550000,0.450000,0.000000,0.000000
1708693817824035817,0.700000,0.300000,0.000000,0.000000
1708693817924184685,0.800000,0.200000,0.000000,0.000000
1708693818024303139,0.700000,0.300000,0.000000,0.000000
1708693818124422064,0.750000,0.250000,0.000000,0.000000
1708693818224543036,0.800000,0.200000,0.000000,0.000000
1708693818324666701,0.800000,0.200000,0.000000,0.000000
1708693818424790191,0.850000,0.150000,0.000000,0.000000
1708693818524901077,0.750000,0.250000,0.000000,0.000000
1708693818625007520,0.473684,0.157895,0.368421,0.000000
1708693818725098906,0.052632,0.000000,0.947368,0.000000
1708693818825127528,0.000000,0.000000,1.000000,0.000000
1708693818925264443,0.000000,0.052632,0.947368,0.000000
1708693819025363603,0.052632,0.000000,0.947368,0.000000
1708693819125467314,0.200000,0.050000,0.750000,0.000000
1708693819225577768,0.529412,0.235294,0.235294,0.000000
1708693819325679404,0.555556,0.388889,0.055556,0.000000
1708693819425782343,0.526316,0.473684,0.000000,0.000000
1708693819525851066,0.600000,0.400000,0.000000,0.000000
1708693819625982884,0.380952,0.476190,0.142857,0.000000
1708693819726118272,0.684211,0.315789,0.000000,0.000000
1708693819826237682,0.750000,0.200000,0.050000,0.000000
1708693819926351255,0.842105,0.157895,0.000000,0.000000
1708693820026470350,0.809524,0.190476,0.000000,0.000000
1708693820126531597,0.850000,0.150000,0.000000,0.000000
1708693820226678976,0.761905,0.238095,0.000000,0.000000
1708693820326802020,0.842105,0.157895,0.000000,0.000000
1708693820426912100,0.700000,0.100000,0.200000,0.000000
1708693820527006778,0.000000,0.055556,0.944444,0.000000
1708693820627108873,0.000000,0.000000,1.000000,0.000000
1708693820727205323,0.000000,0.000000,1.000000,0.000000
1708693820827266564,0.000000,0.000000,1.000000,0.000000
1708693820927324816,0.000000,0.000000,1.000000,0.000000
1708693821027440896,0.000000,0.050000,0.950000,0.000000
1708693821127543041,0.000000,0.000000,1.000000,0.000000
1708693821227624114,0.000000,0.000000,1.000000,0.000000
1708693821327753171,0.000000,0.000000,1.000000,0.000000
1708693821427846696,0.000000,0.000000,1.000000,0.000000
1708693821527956757,0.000000,0.000000,1.000000,0.000000
1708693821628062689,0.000000,0.000000,1.000000,0.000000
1708693821728137469,0.000000,0.000000,1.000000,0.000000
1708693821828189634,0.000000,0.000000,1.000000,0.000000
1708693821928273426,0.000000,0.000000,1.000000,0.000000
1708693822028368738,0.000000,0.000000,1.000000,0.000000
1708693822128380928,0.000000,0.000000,1.000000,0.000000
1708693822228503424,0.000000,0.000000,1.000000,0.000000
1708693822328573712,0.000000,0.000000,1.000000,0.000000
1708693822428705920,0.000000,0.000000,1.000000,0.000000
1708693822528818115,0.000000,0.000000,1.000000,0.000000
1708693822628863454,0.050000,0.000000,0.950000,0.000000
1708693822728990356,0.000000,0.000000,1.000000,0.000000
1708693822829107240,0.000000,0.000000,1.000000,0.000000
1708693822929213859,0.000000,0.000000,1.000000,0.000000
1708693823029307402,0.000000,0.000000,1.000000,0.000000
1708693823129399178,0.000000,0.000000,1.000000,0.000000
1708693823229468393,0.000000,0.000000,1.000000,0.000000
1708693823329612673,0.000000,0.000000,1.000000,0.000000
1708693823429707993,0.000000,0.000000,1.000000,0.000000
1708693823529797471,0.000000,0.000000,1.000000,0.000000
1708693823629869723,0.000000,0.000000,1.000000,0.000000
1708693823729946905,0.000000,0.000000,1.000000,0.000000
1708693823830083239,0.000000,0.000000,1.000000,0.000000
1708693823930137547,0.000000,0.000000,1.000000,0.000000
1708693824030217182,0.000000,0.000000,1.000000,0.000000
1708693824130347586,0.000000,0.000000,1.000000,0.000000
1708693824230415189,0.000000,0.050000,0.950000,0.000000
1708693824330565743,0.000000,0.000000,1.000000,0.000000
1708693824430648966,0.000000,0.000000,1.000000,0.000000
1708693824530744516,0.000000,0.000000,1.000000,0.000000
1708693824630761187,0.000000,0.000000,1.000000,0.000000
1708693824730955320,0.000000,0.000000,1.000000,0.000000
1708693824830976738,0.000000,0.050000,0.950000,0.000000
1708693824931091511,0.000000,0.000000,1.000000,0.000000
1708693825031174848,0.000000,0.000000,1.000000,0.000000
1708693825131267430,0.000000,0.000000,1.000000,0.000000
1708693825231372859,0.000000,0.000000,1.000000,0.000000
1708693825331461116,0.000000,0.000000,1.000000,0.000000
1708693825431549724,0.000000,0.000000,1.000000,0.000000
1708693825531575345,0.000000,0.000000,1.000000,0.000000
1708693825631718246,0.000000,0.000000,1.000000,0.000000
1708693825731807395,0.000000,0.000000,1.000000,0.000000
1708693825831862062,0.000000,0.000000,1.000000,0.000000
1708693825931922980,0.000000,0.000000,1.000000,0.000000
1708693826032036159,0.000000,0.000000,1.000000,0.000000
1708693826132206047,0.000000,0.000000,1.000000,0.000000
1708693826232184064,0.000000,0.000000,1.000000,0.000000
1708693826332246142,0.000000,0.000000,1.000000,0.000000
1708693826432333310,0.000000,0.000000,1.000000,0.000000
1708693826532434594,0.000000,0.000000,1.000000,0.000000
1708693826632532132,0.000000,0.000000,1.000000,0.000000
1708693826732588935,0.000000,0.000000,1.000000,0.000000
1708693826832710519,0.000000,0.000000,1.000000,0.000000
1708693826932706740,0.000000,0.000000,1.000000,0.000000
1708693827032828994,0.000000,0.000000,1.000000,0.000000
1708693827132943909,0.000000,0.000000,1.000000,0.000000
1708693827232991100,0.000000,0.000000,1.000000,0.000000
1708693827333070070,0.000000,0.000000,1.000000,0.000000
1708693827433183724,0.000000,0.000000,1.000000,0.000000
1708693827533280435,0.000000,0.000000,1.000000,0.000000
1708693827633355228,0.000000,0.000000,1.000000,0.000000
1708693827733448284,0.000000,0.000000,1.000000,0.000000
1708693827833528142,0.000000,0.000000,1.000000,0.000000
1708693827933685173,0.000000,0.000000,1.000000,0.000000
1708693828033733638,0.000000,0.000000,1.000000,0.000000
1708693828133747995,0.000000,0.000000,1.000000,0.000000
1708693828233942672,0.000000,0.000000,1.000000,0.000000
1708693828333916377,0.000000,0.000000,1.000000,0.000000
1708693828433985006,0.000000,0.000000,1.000000,0.000000
1708693828534106223,0.000000,0.000000,1.000000,0.000000
1708693828634205035,0.000000,0.000000,1.000000,0.000000
1708693828734260012,0.000000,0.000000,1.000000,0.000000
1708693828834335786,0.000000,0.000000,1.000000,0.000000
1708693828934413109,0.000000,0.000000,1.000000,0.000000
1708693829034532088,0.000000,0.000000,1.000000,0.000000
1708693829134597710,0.000000,0.000000,1.000000,0.000000
1708693829234723327,0.000000,0.000000,1.000000,0.000000
1708693829334810992,0.000000,0.000000,1.000000,0.000000
1708693829434898640,0.000000,0.000000,1.000000,0.000000
1708693829534992755,0.000000,0.000000,1.000000,0.000000
1708693829635054168,0.000000,0.000000,1.000000,0.000000
1708693829735130653,0.000000,0.000000,1.000000,0.000000
1708693829835186730,0.000000,0.000000,1.000000,0.000000
1708693829935255258,0.000000,0.000000,1.000000,0.000000
1708693830035347809,0.000000,0.000000,1.000000,0.000000
1708693830135454548,0.176471,0.058824,0.764706,0.000000
1708693830235598112,0.500000,0.450000,0.050000,0.000000
1708693830335821925,0.388889,0.611111,0.000000,0.000000
1708693830435897848,0.578947,0.421053,0.000000,0.000000
1708693830536020545,0.428571,0.571429,0.000000,0.000000
1708693830636140330,0.600000,0.400000,0.000000,0.000000
1708693830736267236,0.650000,0.350000,0.000000,0.000000
1708693830836391080,0.600000,0.400000,0.000000,0.000000
1708693830936512228,0.600000,0.400000,0.000000,0.000000
1708693831036635698,0.600000,0.400000,0.000000,0.000000
1708693831136754982,0.789474,0.210526,0.000000,0.000000
1708693831236872876,0.850000,0.150000,0.000000,0.000000
1708693831336995408,0.850000,0.150000,0.000000,0.000000
1708693831437115687,0.761905,0.238095,0.000000,0.000000
1708693831537236054,0.947368,0.052632,0.000000,0.000000
1708693831637346515,0.714286,0.190476,0.095238,0.000000
1708693831737414184,0.105263,0.105263,0.789474,0.000000
1708693831837554872,0.052632,0.000000,0.947368,0.000000
1708693831937652122,0.050000,0.050000,0.900000,0.000000
1708693832037709519,0.388889,0.055556,0.555556,0.000000
1708693832137853458,0.529412,0.352941,0.117647,0.000000
1708693832237880778,0.411765,0.294118,0.294118,0.000000
1708693832338031918,0.600000,0.350000,0.050000,0.000000
1708693832438131665,0.666667,0.333333,0.000000,0.000000
1708693832538272427,0.714286,0.285714,0.000000,0.000000
1708693832638388277,0.750000,0.250000,0.000000,0.000000
1708693832738581565,0.700000,0.250000,0.050000,0.000000
1708693832838578902,0.750000,0.250000,0.000000,0.000000
1708693832938777812,0.850000,0.150000,0.000000,0.000000
1708693833038831612,0.850000,0.100000,0.050000,0.000000
1708693833138953113,0.666667,0.190476,0.142857,0.000000
1708693833239051567,0.470588,0.058824,0.470588,0.000000
1708693833339177284,0.631579,0.052632,0.315789,0.000000
1708693833439273436,0.000000,0.052632,0.947368,0.000000
1708693833539366318,0.000000,0.000000,1.000000,0.000000
1708693833639476883,0.000000,0.000000,1.000000,0.000000
1708693833739518576,0.000000,0.000000,1.000000,0.000000
1708693833839596363,0.000000,0.000000,1.000000,0.000000
