Time,User,Kernel,Idle,IoWait
1708693814712849770,0.142857,0.095238,0.761905,0.000000
1708693814812920258,0.277778,0.055556,0.666667,0.000000
1708693814912986921,0.052632,0.052632,0.894737,0.000000
1708693815013009439,0.235294,0.235294,0.529412,0.000000
1708693815113188560,0.150000,0.200000,0.650000,0.000000
1708693815213224444,0.000000,0.166667,0.833333,0.000000
1708693815313589222,0.052632,0.052632,0.894737,0.000000
1708693815413622473,0.700000,0.300000,0.000000,0.000000
1708693815513712360,0.700000,0.300000,0.000000,0.000000
1708693815613860988,0.578947,0.315789,0.105263,0.000000
1708693815713993735,0.842105,0.157895,0.000000,0.000000
1708693815814107094,0.550000,0.400000,0.050000,0.000000
1708693815914226667,0.850000,0.150000,0.000000,0.000000
1708693816014348965,0.789474,0.210526,0.000000,0.000000
1708693816114474202,0.904762,0.095238,0.000000,0.000000
1708693816214598412,0.850000,0.150000,0.000000,0.000000
1708693816314727627,0.900000,0.100000,0.000000,0.000000
1708693816414841127,0.850000,0.150000,0.000000,0.000000
1708693816514946025,0.350000,0.100000,0.550000,0.000000
1708693816615039621,0.000000,0.000000,1.000000,0.000000
1708693816715117234,0.000000,0.000000,1.000000,0.000000
1708693816815229747,0.047619,0.047619,0.904762,0.000000
1708693816915385422,0.000000,0.000000,1.000000,0.000000
1708693817015407464,0.000000,0.052632,0.947368,0.000000
1708693817115525050,0.000000,0.000000,1.000000,0.052632
1708693817215604885,0.210526,0.105263,0.684211,0.000000
1708693817315696419,0.470588,0.352941,0.176471,0.000000
1708693817415815885,0.388889,0.333333,0.277778,0.000000
1708693817515938776,0.578947,0.315789,0.105263,0.000000
1708693817616023695,0.526316,0.210526,0.263158,0.000000
1708693817716142925,0.631579,0.315789,0.052632,0.000000
1708693817816236000,0.850000,0.150000,0.000000,0.000000
1708693817916293621,0.761905,0.238095,0.000000,0.000000
1708693818016452559,0.789474,0.210526,0.000000,0.000000
1708693818116576314,0.750000,0.250000,0.000000,0.000000
1708693818216682211,0.761905,0.238095,0.000000,0.000000
1708693818316794291,0.750000,0.200000,0.050000,0.000000
1708693818416905410,0.947368,0.052632,0.000000,0.000000
1708693818517019919,0.950000,0.050000,0.000000,0.000000
1708693818617094542,0.380952,0.095238,0.523810,0.000000
1708693818717177936,0.052632,0.052632,0.894737,0.000000
1708693818817227818,0.000000,0.000000,1.000000,0.000000
1708693818917280945,0.000000,0.000000,1.000000,0.000000
1708693819017391263,0.000000,0.000000,1.000000,0.000000
1708693819117420926,0.250000,0.150000,0.600000,0.000000
1708693819217564721,0.611111,0.333333,0.055556,0.000000
1708693819317701231,0.437500,0.437500,0.125000,0.000000
1708693819417771517,0.526316,0.368421,0.105263,0.000000
1708693819517843988,0.550000,0.450000,0.000000,0.000000
1708693819617993874,0.550000,0.450000,0.000000,0.000000
1708693819718115793,0.500000,0.500000,0.000000,0.000000
1708693819818243077,0.850000,0.150000,0.000000,0.000000
1708693819922477274,0.904762,0.095238,0.000000,0.000000
1708693820021227381,0.850000,0.150000,0.000000,0.000000
1708693820121343549,0.736842,0.263158,0.000000,0.000000
1708693820221408051,0.714286,0.190476,0.095238,0.000000
1708693820321499451,0.900000,0.100000,0.000000,0.000000
1708693820421647757,0.850000,0.150000,0.000000,0.000000
1708693820521772713,0.850000,0.150000,0.000000,0.000000
1708693820621863001,0.368421,0.105263,0.526316,0.000000
1708693820722026422,0.000000,0.052632,0.947368,0.000000
1708693820822121655,0.000000,0.000000,1.000000,0.000000
1708693820922157014,0.000000,0.050000,0.950000,0.000000
1708693821022227916,0.000000,0.000000,1.000000,0.000000
1708693821122348319,0.000000,0.000000,1.000000,0.000000
1708693821222454905,0.000000,0.000000,1.000000,0.000000
1708693821322505352,0.000000,0.000000,1.000000,0.000000
1708693821422559201,0.000000,0.000000,1.000000,0.000000
1708693821522642047,0.000000,0.000000,1.000000,0.000000
1708693821622688489,0.000000,0.000000,1.000000,0.000000
1708693821722792983,0.000000,0.050000,0.950000,0.000000
1708693821822820090,0.000000,0.000000,1.000000,0.000000
1708693821922921810,0.000000,0.000000,1.000000,0.000000
1708693822023000854,0.000000,0.000000,1.000000,0.000000
1708693822123084246,0.000000,0.000000,1.000000,0.000000
1708693822223189312,0.000000,0.000000,1.000000,0.000000
1708693822323272708,0.000000,0.000000,1.000000,0.000000
1708693822423298114,0.000000,0.000000,1.000000,0.000000
1708693822523363077,0.000000,0.000000,1.000000,0.000000
1708693822623446941,0.000000,0.000000,1.000000,0.000000
1708693822723492594,0.000000,0.000000,1.000000,0.000000
1708693822823579470,0.000000,0.000000,1.000000,0.000000
1708693822923660592,0.000000,0.000000,1.000000,0.000000
1708693823023702276,0.000000,0.000000,1.000000,0.000000
1708693823123763114,0.000000,0.000000,1.000000,0.000000
1708693823223835357,0.000000,0.000000,1.000000,0.000000
1708693823323902981,0.000000,0.000000,1.000000,0.000000
1708693823423966462,0.000000,0.000000,1.000000,0.000000
1708693823524090941,0.000000,0.000000,1.000000,0.000000
1708693823624179117,0.000000,0.000000,1.000000,0.000000
1708693823724264519,0.000000,0.000000,1.000000,0.000000
1708693823824343287,0.000000,0.000000,1.000000,0.000000
1708693823924428295,0.000000,0.000000,1.000000,0.000000
1708693824024519552,0.000000,0.000000,1.000000,0.000000
1708693824124590875,0.000000,0.000000,1.000000,0.000000
1708693824224627378,0.000000,0.000000,1.000000,0.000000
1708693824324699531,0.050000,0.000000,0.950000,0.000000
1708693824424792161,0.000000,0.000000,1.000000,0.000000
1708693824524834067,0.000000,0.000000,1.000000,0.000000
1708693824624952890,0.000000,0.000000,1.000000,0.000000
1708693824725042965,0.000000,0.000000,1.000000,0.000000
1708693824825068846,0.000000,0.000000,1.000000,0.000000
1708693824925171028,0.000000,0.000000,1.000000,0.000000
1708693825025254349,0.000000,0.000000,1.000000,0.000000
1708693825125271094,0.000000,0.000000,1.000000,0.000000
1708693825225360384,0.000000,0.000000,1.000000,0.000000
1708693825325418788,0.000000,0.000000,1.000000,0.000000
1708693825425487563,0.000000,0.000000,1.000000,0.000000
1708693825525551611,0.000000,0.000000,1.000000,0.000000
1708693825625636538,0.000000,0.000000,1.000000,0.000000
1708693825725686000,0.000000,0.000000,1.000000,0.000000
1708693825825760497,0.000000,0.000000,1.000000,0.000000
1708693825925820437,0.000000,0.000000,1.000000,0.000000
1708693826025894121,0.000000,0.000000,1.000000,0.000000
1708693826125949087,0.000000,0.000000,1.000000,0.000000
1708693826226030252,0.000000,0.000000,1.000000,0.000000
1708693826326094735,0.000000,0.000000,1.000000,0.000000
1708693826426191518,0.000000,0.000000,1.000000,0.000000
1708693826526273732,0.000000,0.050000,0.950000,0.000000
1708693826626370509,0.000000,0.000000,1.000000,0.000000
1708693826726444931,0.000000,0.000000,1.000000,0.000000
1708693826826537029,0.000000,0.000000,1.000000,0.000000
1708693826926558507,0.000000,0.000000,1.000000,0.000000
1708693827026623262,0.000000,0.000000,1.000000,0.000000
1708693827126695518,0.000000,0.000000,1.000000,0.000000
1708693827226796915,0.000000,0.000000,1.000000,0.000000
1708693827326818711,0.000000,0.000000,1.000000,0.000000
1708693827426903987,0.000000,0.000000,1.000000,0.000000
1708693827527006868,0.000000,0.000000,1.000000,0.000000
1708693827627033578,0.000000,0.000000,1.000000,0.000000
1708693827727128808,0.000000,0.000000,1.000000,0.000000
1708693827827153948,0.000000,0.000000,1.000000,0.000000
1708693827927252642,0.000000,0.000000,1.000000,0.000000
1708693828027303838,0.000000,0.000000,1.000000,0.000000
1708693828127354305,0.000000,0.000000,1.000000,0.000000
1708693828227445621,0.000000,0.000000,1.000000,0.000000
1708693828327524376,0.000000,0.000000,1.000000,0.000000
1708693828427549705,0.000000,0.000000,1.000000,0.000000
1708693828527650438,0.000000,0.000000,1.000000,0.000000
1708693828627698161,0.000000,0.000000,1.000000,0.000000
1708693828727783835,0.000000,0.050000,0.950000,0.000000
1708693828827876627,0.000000,0.000000,1.000000,0.000000
1708693828927962303,0.000000,0.000000,1.000000,0.000000
1708693829028043288,0.000000,0.000000,1.000000,0.000000
1708693829128115219,0.000000,0.000000,1.000000,0.000000
1708693829228171258,0.000000,0.000000,1.000000,0.000000
1708693829328257661,0.000000,0.000000,1.000000,0.000000
1708693829428340618,0.000000,0.000000,1.000000,0.000000
1708693829528361623,0.000000,0.000000,1.000000,0.000000
1708693829628425907,0.000000,0.000000,1.000000,0.000000
1708693829728528676,0.050000,0.000000,0.950000,0.000000
1708693829828615956,0.000000,0.000000,1.000000,0.000000
1708693829928702823,0.000000,0.000000,1.000000,0.000000
1708693830028773161,0.000000,0.000000,1.000000,0.000000
1708693830128844059,0.105263,0.000000,0.894737,0.000000
1708693830228938220,0.411765,0.117647,0.470588,0.000000
1708693830328999644,0.444444,0.444444,0.111111,0.000000
1708693830429197500,0.550000,0.350000,0.100000,0.000000
1708693830529299793,0.650000,0.300000,0.050000,0.000000
1708693830629365541,0.736842,0.263158,0.000000,0.000000
1708693830729524169,0.750000,0.250000,0.000000,0.000000
1708693830829651392,0.600000,0.250000,0.150000,0.000000
1708693830929759425,0.761905,0.238095,0.000000,0.000000
1708693831029843797,0.894737,0.105263,0.000000,0.000000
1708693831129966759,0.850000,0.150000,0.000000,0.000000
1708693831230047752,0.857143,0.142857,0.000000,0.000000
1708693831330189729,0.894737,0.105263,0.000000,0.000000
1708693831432333881,0.950000,0.050000,0.000000,0.000000
1708693831531770673,0.368421,0.105263,0.526316,0.000000
1708693831631861459,0.000000,0.055556,0.944444,0.000000
1708693831731923917,0.000000,0.000000,1.000000,0.000000
1708693831831994221,0.000000,0.050000,0.950000,0.000000
1708693831932022454,0.105263,0.000000,0.894737,0.000000
1708693832032122496,0.400000,0.100000,0.500000,0.000000
1708693832132257302,0.333333,0.600000,0.066667,0.000000
1708693832232334798,0.523810,0.380952,0.095238,0.000000
1708693832332432990,0.700000,0.300000,0.000000,0.000000
1708693832432520512,0.650000,0.350000,0.000000,0.000000
1708693832532612243,0.650000,0.350000,0.000000,0.000000
1708693832632655191,0.842105,0.157895,0.000000,0.000000
1708693832732795806,0.761905,0.238095,0.000000,0.000000
1708693832832925793,0.894737,0.105263,0.000000,0.000000
1708693832933021706,0.850000,0.150000,0.000000,0.000000
1708693833033084339,0.818182,0.181818,0.000000,0.000000
1708693833133222341,0.800000,0.200000,0.000000,0.000000
1708693833233293814,0.842105,0.105263,0.052632,0.000000
1708693833333410026,0.444444,0.166667,0.388889,0.000000
1708693833433573478,0.052632,0.052632,0.894737,0.000000
1708693833533589388,0.000000,0.000000,1.000000,0.000000
1708693833633777830,0.000000,0.000000,1.000000,0.000000
1708693833733795296,0.000000,0.000000,1.000000,0.000000
1708693833834003205,0.000000,0.000000,1.000000,0.000000
