Time,User,Kernel,Idle,IoWait
1707830927339198136,0.015564,0.000000,0.984436,0.000000
1707830927359354242,0.007782,0.011673,0.980545,0.000000
1707830927379508521,0.011765,0.007843,0.980392,0.000000
1707830927399696098,0.019455,0.015564,0.964981,0.000000
1707830927420119414,0.022989,0.022989,0.954023,0.000000
1707830927440173786,0.015625,0.015625,0.968750,0.000000
1707830927460328684,0.015625,0.015625,0.968750,0.000000
1707830927480469764,0.019455,0.015564,0.964981,0.000000
1707830927501406061,0.037453,0.026217,0.936330,0.000000
1707830927521590668,0.027559,0.015748,0.956693,0.000000
1707830927541651250,0.023529,0.027451,0.949020,0.000000
1707830927561880671,0.042471,0.027027,0.930502,0.000000
1707830927582020005,0.019608,0.039216,0.941176,0.000000
1707830927602177949,0.043307,0.035433,0.921260,0.000000
1707830927622348499,0.027451,0.031373,0.941176,0.000000
1707830927642510976,0.023166,0.054054,0.922780,0.000000
1707830927662711933,0.046875,0.035156,0.917969,0.000000
1707830927682857816,0.050980,0.035294,0.913725,0.000000
1707830927703028286,0.054902,0.047059,0.898039,0.000000
1707830927723223530,0.058594,0.042969,0.898438,0.000000
1707830927743386296,0.040486,0.085020,0.874494,0.000000
1707830927763633511,0.045977,0.122605,0.831418,0.000000
1707830927783842513,0.071942,0.115108,0.812950,0.000000
1707830927804020729,0.108527,0.054264,0.837209,0.000000
1707830927824224215,0.080460,0.091954,0.827586,0.000000
1707830927844435285,0.101562,0.042969,0.855469,0.000000
1707830927864592360,0.039841,0.047809,0.912351,0.000000
1707830927884796105,0.065891,0.081395,0.852713,0.000000
1707830927904970002,0.060000,0.064000,0.876000,0.000000
1707830927927763686,0.080460,0.068966,0.850575,0.000000
1707830927947815141,0.089928,0.172662,0.737410,0.000000
1707830927968037209,0.088652,0.191489,0.719858,0.000000
1707830927988139320,0.124498,0.076305,0.799197,0.000000
1707830928009822876,0.205128,0.142857,0.652015,0.000000
1707830928030011936,0.120155,0.089147,0.790698,0.000000
1707830928050067541,0.213287,0.213287,0.573427,0.000000
1707830928070410424,0.109804,0.105882,0.784314,0.000000
1707830928090585977,0.152985,0.111940,0.735075,0.000000
1707830928110800829,0.141079,0.087137,0.771784,0.000000
1707830928131053290,0.139860,0.307692,0.552448,0.000000
1707830928151294433,0.133065,0.443548,0.423387,0.000000
1707830928171574195,0.268382,0.220588,0.511029,0.000000
1707830928191807549,0.321033,0.214022,0.464945,0.000000
1707830928212040269,0.116466,0.706827,0.176707,0.000000
1707830928232230753,0.237354,0.143969,0.618677,0.000000
1707830928252611443,0.242308,0.223077,0.534615,0.000000
1707830928272798734,0.146444,0.179916,0.673640,0.000000
1707830928292972374,0.190299,0.313433,0.496269,0.000000
1707830928313205073,0.172414,0.409483,0.418103,0.000000
1707830928333444857,0.244275,0.339695,0.416031,0.000000
1707830928353771678,0.297297,0.258687,0.444015,0.000000
1707830928374046765,0.343066,0.204380,0.452555,0.000000
1707830928394338878,0.350000,0.115385,0.534615,0.000000
1707830928414518796,0.107692,0.126923,0.765385,0.000000
1707830928434821838,0.147601,0.284133,0.568266,0.000000
1707830928455076337,0.161157,0.107438,0.731405,0.000000
1707830928475266254,0.234783,0.091304,0.673913,0.000000
1707830928495560326,0.158537,0.101626,0.739837,0.000000
1707830928515827061,0.082143,0.264286,0.653571,0.000000
1707830928535971801,0.087866,0.313808,0.598326,0.000000
1707830928556182425,0.129278,0.167300,0.703422,0.000000
1707830928576363938,0.226415,0.116981,0.656604,0.000000
1707830928596724211,0.157895,0.185965,0.656140,0.000000
1707830928616856704,0.219124,0.139442,0.641434,0.000000
1707830928637131277,0.105058,0.132296,0.762646,0.000000
1707830928657318832,0.119691,0.270270,0.610039,0.000000
1707830928677479016,0.120000,0.408000,0.472000,0.000000
1707830928697695905,0.133080,0.228137,0.638783,0.000000
1707830928717919911,0.272358,0.166667,0.560976,0.000000
1707830928738148423,0.098901,0.267399,0.633700,0.000000
1707830928758427646,0.081633,0.106122,0.812245,0.000000
1707830928778578808,0.071970,0.606061,0.321970,0.000000
1707830928798804257,0.202429,0.279352,0.518219,0.000000
1707830928819001616,0.200758,0.329545,0.469697,0.000000
1707830928839364904,0.363265,0.224490,0.412245,0.000000
1707830928859662060,0.231618,0.224265,0.544118,0.000000
1707830928879802605,0.156051,0.264331,0.579618,0.000000
1707830928901995198,0.094203,0.083333,0.822464,0.000000
1707830928921924500,0.075697,0.047809,0.876494,0.000000
1707830928941949793,0.118280,0.318996,0.562724,0.000000
1707830928962118153,0.054688,0.136719,0.808594,0.000000
1707830928982346220,0.080882,0.235294,0.683824,0.000000
1707830929002499556,0.058608,0.223443,0.717949,0.000000
1707830929022714823,0.094915,0.406780,0.498305,0.000000
1707830929043035798,0.120968,0.173387,0.705645,0.000000
1707830929063249454,0.123675,0.325088,0.551237,0.000000
1707830929083448366,0.248092,0.125954,0.625954,0.000000
1707830929103677215,0.058140,0.054264,0.887597,0.000000
1707830929124272675,0.050388,0.054264,0.895349,0.000000
1707830929144308421,0.031621,0.019763,0.948617,0.000000
1707830929164484788,0.028881,0.133574,0.837545,0.000000
1707830929184665635,0.015504,0.096899,0.887597,0.000000
1707830929204846903,0.023438,0.031250,0.945312,0.000000
1707830929224990321,0.016129,0.032258,0.951613,0.000000
1707830929245162546,0.015564,0.042802,0.941634,0.000000
1707830929265335403,0.017986,0.097122,0.884892,0.000000
1707830929285493091,0.019305,0.065637,0.915058,0.000000
1707830929305694297,0.015038,0.154135,0.830827,0.000000
1707830929325856967,0.019157,0.084291,0.896552,0.000000
1707830929346027123,0.031746,0.039683,0.928571,0.000000
1707830929366238572,0.072464,0.068841,0.858696,0.000000
1707830929386599877,0.046332,0.034749,0.918919,0.000000
1707830929406691115,0.050000,0.050000,0.900000,0.000000
1707830929427153884,0.030418,0.079848,0.889734,0.000000
1707830929447227588,0.074510,0.156863,0.768627,0.000000
1707830929467447510,0.049242,0.060606,0.890152,0.000000
1707830929487586586,0.083942,0.102190,0.813869,0.000000
1707830929507770736,0.133333,0.100000,0.766667,0.000000
1707830929527945075,0.011719,0.007812,0.980469,0.000000
1707830929550523817,0.035587,0.024911,0.939502,0.000000
1707830929570521051,0.015564,0.023346,0.961089,0.000000
1707830929590484176,0.015748,0.023622,0.960630,0.000000
1707830929610774008,0.010791,0.115108,0.874101,0.000000
1707830929630900279,0.011719,0.031250,0.957031,0.000000
1707830929651065359,0.015686,0.015686,0.968627,0.000000
1707830929671337835,0.023256,0.003876,0.972868,0.000000
1707830929691561640,0.011673,0.015564,0.972763,0.000000
1707830929711784948,0.026923,0.023077,0.950000,0.000000
1707830929731990111,0.035573,0.102767,0.861660,0.000000
1707830929752203879,0.057034,0.186312,0.756654,0.000000
1707830929772355007,0.098485,0.079545,0.821970,0.000000
1707830929792573639,0.078740,0.062992,0.858268,0.000000
1707830929812761589,0.031250,0.046875,0.921875,0.000000
1707830929833069482,0.031373,0.047059,0.921569,0.000000
1707830929853195167,0.042969,0.027344,0.929688,0.000000
1707830929873376805,0.027451,0.027451,0.945098,0.000000
1707830929893829180,0.034483,0.053640,0.911877,0.000000
1707830929913908885,0.046512,0.054264,0.899225,0.000000
1707830929934212657,0.027888,0.063745,0.908367,0.000000
1707830929954564576,0.046332,0.065637,0.888031,0.000000
1707830929975442954,0.054264,0.065891,0.879845,0.000000
1707830929995559538,0.047059,0.066667,0.886275,0.000000
1707830930015764531,0.068702,0.049618,0.881679,0.000000
1707830930035990404,0.059091,0.090909,0.850000,0.000000
1707830930056156690,0.073643,0.100775,0.825581,0.000000
1707830930076361343,0.040161,0.076305,0.883534,0.000000
1707830930096677337,0.097458,0.080508,0.822034,0.000000
1707830930116817509,0.111554,0.099602,0.788845,0.000000
1707830930137266568,0.113281,0.062500,0.824219,0.000000
1707830930157380247,0.127341,0.415730,0.456929,0.000000
1707830930177612504,0.113360,0.105263,0.781377,0.000000
1707830930198030253,0.194346,0.219081,0.586572,0.000000
1707830930218524484,0.144487,0.125475,0.730038,0.000000
1707830930238650558,0.134058,0.257246,0.608696,0.000000
1707830930258873734,0.224638,0.141304,0.634058,0.000000
1707830930279126657,0.201521,0.285171,0.513308,0.000000
1707830930299377594,0.233216,0.240283,0.526502,0.000000
1707830930319611992,0.236301,0.253425,0.510274,0.000000
1707830930339884730,0.208494,0.301158,0.490347,0.000000
1707830930360128617,0.257028,0.200803,0.542169,0.000000
1707830930380380987,0.265101,0.278523,0.456376,0.000000
1707830930400598991,0.134921,0.107143,0.757937,0.000000
1707830930420799442,0.173228,0.090551,0.736220,0.000000
1707830930440997985,0.105442,0.377551,0.517007,0.000000
1707830930461292477,0.162791,0.468439,0.368771,0.000000
1707830930481502505,0.199170,0.199170,0.601660,0.000000
1707830930501776138,0.319838,0.109312,0.570850,0.000000
1707830930521963062,0.159363,0.091633,0.749004,0.000000
1707830930542227696,0.081784,0.182156,0.736059,0.000000
1707830930562417759,0.050584,0.077821,0.871595,0.000000
1707830930582617446,0.057762,0.339350,0.602888,0.000000
1707830930602858920,0.073801,0.214022,0.712177,0.000000
1707830930623074313,0.093863,0.133574,0.772563,0.000000
1707830930643258343,0.091255,0.304183,0.604563,0.000000
1707830930663463604,0.074324,0.327703,0.597973,0.000000
1707830930683764461,0.161765,0.367647,0.470588,0.000000
1707830930704044471,0.274809,0.267176,0.458015,0.000000
1707830930724332401,0.281633,0.187755,0.530612,0.000000
1707830930744602203,0.259542,0.141221,0.599237,0.000000
1707830930764954917,0.262295,0.135246,0.602459,0.000000
1707830930785501750,0.153543,0.082677,0.763780,0.000000
1707830930805598424,0.164706,0.109804,0.725490,0.000000
1707830930825810817,0.092593,0.177778,0.729630,0.000000
1707830930846111285,0.057692,0.257692,0.684615,0.000000
1707830930866355637,0.076628,0.187739,0.735632,0.000000
1707830930886538774,0.096886,0.429066,0.474048,0.000000
1707830930906799512,0.242188,0.222656,0.535156,0.000000
1707830930927234039,0.204380,0.229927,0.565693,0.000000
1707830930947399300,0.143396,0.230189,0.626415,0.000000
1707830930967573131,0.111111,0.341564,0.547325,0.000000
1707830930987773865,0.099644,0.572954,0.327402,0.000000
1707830931008047220,0.319444,0.148148,0.532407,0.000000
1707830931028378655,0.290698,0.197674,0.511628,0.000000
1707830931048623769,0.208835,0.317269,0.473896,0.000000
1707830931068910189,0.133603,0.194332,0.672065,0.000000
1707830931089043385,0.188356,0.061644,0.750000,0.000000
1707830931109715788,0.029197,0.127737,0.843066,0.000000
1707830931129903629,0.027888,0.047809,0.924303,0.000000
1707830931150088331,0.041509,0.101887,0.856604,0.000000
1707830931170298105,0.058621,0.189655,0.751724,0.000000
1707830931190641770,0.129151,0.055351,0.815498,0.000000
1707830931211220439,0.041958,0.146853,0.811189,0.000000
1707830931231326942,0.021978,0.091575,0.886447,0.000000
1707830931251504794,0.011765,0.019608,0.968627,0.000000
1707830931271674601,0.004016,0.020080,0.975904,0.000000
1707830931291936736,0.024823,0.191489,0.783688,0.000000
1707830931312875793,0.035948,0.212418,0.751634,0.000000
1707830931333004607,0.008584,0.017167,0.974249,0.000000
1707830931353131959,0.030405,0.162162,0.807432,0.000000
1707830931373376193,0.011583,0.065637,0.922780,0.000000
1707830931393509206,0.020000,0.036000,0.944000,0.000000
1707830931413735368,0.049808,0.034483,0.915709,0.000000
1707830931433903949,0.034351,0.072519,0.893130,0.000000
1707830931454054929,0.036437,0.020243,0.943320,0.000000
1707830931474220250,0.020161,0.020161,0.959677,0.000000
1707830931494401362,0.011858,0.015810,0.972332,0.000000
1707830931514670705,0.000000,0.007874,0.992126,0.000000
1707830931534793042,0.000000,0.011719,0.988281,0.000000
1707830931554968359,0.015038,0.063910,0.921053,0.000000
1707830931575273848,0.007722,0.015444,0.976834,0.000000
1707830931595579734,0.007782,0.015564,0.976654,0.000000
1707830931615652285,0.007905,0.019763,0.972332,0.000000
1707830931635825325,0.003891,0.031128,0.964981,0.000000
1707830931655966776,0.007812,0.019531,0.972656,0.000000
1707830931676174182,0.011628,0.015504,0.972868,0.000000
1707830931696594888,0.019380,0.019380,0.961240,0.000000
1707830931716677580,0.031250,0.027344,0.941406,0.000000
1707830931736830555,0.027344,0.023438,0.949219,0.000000
1707830931756996849,0.027237,0.046693,0.926070,0.000000
1707830931777262065,0.019455,0.031128,0.949416,0.000000
1707830931797373680,0.042802,0.035019,0.922179,0.000000
1707830931817571673,0.039370,0.031496,0.929134,0.000000
1707830931839328157,0.025735,0.040441,0.933824,0.000000
1707830931859561663,0.058140,0.554264,0.387597,0.000000
1707830931879670004,0.046154,0.115385,0.838462,0.000000
1707830931899845196,0.065891,0.065891,0.868217,0.000000
1707830931920015053,0.045833,0.037500,0.916667,0.000000
1707830931940302298,0.070866,0.074803,0.854331,0.000000
1707830931960664357,0.133829,0.070632,0.795539,0.000000
1707830931980759495,0.075099,0.075099,0.849802,0.000000
1707830932000990097,0.098765,0.057613,0.843621,0.000000
1707830932021276313,0.067511,0.054852,0.877637,0.000000
1707830932041456984,0.136531,0.114391,0.749077,0.000000
1707830932061859752,0.125000,0.307143,0.567857,0.000000
1707830932081975874,0.093525,0.161871,0.744604,0.000000
1707830932102852474,0.049242,0.083333,0.867424,0.000000
1707830932122819925,0.056452,0.052419,0.891129,0.000000
1707830932143028707,0.089147,0.108527,0.802326,0.000000
1707830932163253826,0.182879,0.155642,0.661479,0.000000
1707830932183556201,0.171875,0.195312,0.632812,0.000000
1707830932203759037,0.111111,0.245791,0.643098,0.000000
1707830932223964854,0.102362,0.070866,0.826772,0.000000
1707830932244157434,0.095420,0.118321,0.786260,0.000000
1707830932264449885,0.170543,0.174419,0.655039,0.000000
1707830932284814068,0.091633,0.143426,0.764940,0.000000
1707830932305509385,0.156863,0.232026,0.611111,0.000000
1707830932325618657,0.235294,0.133333,0.631373,0.000000
1707830932347249075,0.091954,0.088123,0.819923,0.000000
1707830932367361215,0.184116,0.104693,0.711191,0.000000
1707830932387441712,0.119691,0.200772,0.679537,0.000000
1707830932407711392,0.127796,0.329073,0.543131,0.000000
1707830932428006443,0.211321,0.188679,0.600000,0.000000
1707830932448321097,0.318008,0.118774,0.563218,0.000000
1707830932468498500,0.119850,0.333333,0.546816,0.000000
1707830932488807992,0.140411,0.284247,0.575342,0.000000
1707830932508977052,0.150000,0.153846,0.696154,0.000000
1707830932530372001,0.112676,0.285211,0.602113,0.000000
1707830932550217618,0.161404,0.270175,0.568421,0.000000
1707830932570463759,0.203774,0.286792,0.509434,0.000000
1707830932590694057,0.177778,0.137778,0.684444,0.000000
1707830932610994492,0.206897,0.168103,0.625000,0.000000
1707830932631211500,0.202247,0.355805,0.441948,0.000000
1707830932651454049,0.227273,0.293388,0.479339,0.000000
1707830932671789611,0.269091,0.247273,0.483636,0.000000
1707830932692104659,0.237589,0.283688,0.478723,0.000000
1707830932712401340,0.213115,0.192623,0.594262,0.000000
1707830932732686610,0.204000,0.204000,0.592000,0.000000
1707830932752923056,0.126582,0.548523,0.324895,0.000000
1707830932773298647,0.122807,0.236842,0.640351,0.000000
1707830932793506541,0.197531,0.255144,0.547325,0.000000
1707830932813755711,0.166667,0.318841,0.514493,0.000000
1707830932834026691,0.216783,0.230769,0.552448,0.000000
1707830932854316689,0.119149,0.076596,0.804255,0.000000
1707830932874512705,0.072000,0.068000,0.860000,0.000000
1707830932894888434,0.172043,0.096774,0.731183,0.000000
1707830932915012544,0.047244,0.059055,0.893701,0.000000
1707830932935206554,0.116838,0.134021,0.749141,0.000000
1707830932955409744,0.050584,0.089494,0.859922,0.000000
1707830932975679930,0.088123,0.157088,0.754789,0.000000
1707830932995924802,0.186380,0.121864,0.691756,0.000000
1707830933016146665,0.035294,0.039216,0.925490,0.000000
1707830933036305345,0.050584,0.151751,0.797665,0.000000
1707830933056530078,0.042857,0.146429,0.810714,0.000000
1707830933077289499,0.039062,0.066406,0.894531,0.000000
1707830933097318387,0.066901,0.271127,0.661972,0.000000
1707830933117622286,0.020576,0.078189,0.901235,0.000000
1707830933137753201,0.040000,0.060000,0.900000,0.000000
1707830933157930262,0.119134,0.126354,0.754513,0.000000
1707830933178238362,0.123404,0.042553,0.834043,0.000000
1707830933198425293,0.083019,0.094340,0.822642,0.000000
1707830933218677933,0.080153,0.057252,0.862595,0.000000
1707830933238895012,0.167235,0.068259,0.764505,0.000000
1707830933259065017,0.047445,0.083942,0.868613,0.000000
1707830933279294961,0.022059,0.113971,0.863971,0.000000
1707830933299476331,0.031496,0.011811,0.956693,0.000000
1707830933319653022,0.027778,0.023810,0.948413,0.000000
1707830933340042923,0.031128,0.058366,0.910506,0.000000
1707830933360155003,0.023622,0.039370,0.937008,0.000000
1707830933380347407,0.039062,0.035156,0.925781,0.000000
1707830933400536912,0.031250,0.023438,0.945312,0.000000
1707830933420718806,0.039370,0.019685,0.940945,0.000000
1707830933440903213,0.018939,0.348485,0.632576,0.000000
1707830933461651781,0.035433,0.488189,0.476378,0.000000
1707830933481625253,0.059072,0.210970,0.729958,0.000000
1707830933501871594,0.049618,0.103053,0.847328,0.000000
1707830933522235844,0.035971,0.125899,0.838129,0.000000
1707830933542386146,0.049123,0.259649,0.691228,0.000000
1707830933562795483,0.077491,0.184502,0.738007,0.000000
1707830933583352555,0.110236,0.153543,0.736220,0.000000
1707830933603417077,0.087912,0.399267,0.512821,0.000000
1707830933623656770,0.071713,0.063745,0.864542,0.000000
1707830933643857779,0.120155,0.065891,0.813953,0.000000
1707830933665791711,0.061151,0.089928,0.848921,0.000000
1707830933686271072,0.095420,0.076336,0.828244,0.000000
1707830933706191553,0.087452,0.076046,0.836502,0.000000
1707830933726432655,0.072874,0.048583,0.878543,0.000000
1707830933746685898,0.051587,0.039683,0.908730,0.000000
1707830933766966867,0.066148,0.070039,0.863813,0.000000
1707830933787224687,0.032922,0.032922,0.934156,0.000000
1707830933807699188,0.093023,0.046512,0.860465,0.000000
1707830933827764102,0.035433,0.055118,0.909449,0.000000
1707830933847965678,0.024096,0.080321,0.895582,0.000000
1707830933868143626,0.077193,0.161404,0.761404,0.000000
1707830933888432856,0.042802,0.140078,0.817121,0.000000
1707830933908588511,0.023256,0.081395,0.895349,0.000000
1707830933929583422,0.034749,0.065637,0.899614,0.000000
1707830933949516250,0.029091,0.185455,0.785455,0.000000
1707830933969794828,0.082988,0.161826,0.755187,0.000000
1707830933989951515,0.053061,0.040816,0.906122,0.000000
1707830934010127480,0.062016,0.096899,0.841085,0.000000
1707830934030333101,0.125461,0.070111,0.804428,0.000000
1707830934050515349,0.060241,0.032129,0.907631,0.000000
1707830934070752605,0.060086,0.025751,0.914163,0.000000
1707830934091030113,0.096154,0.030769,0.873077,0.000000
1707830934111184581,0.075000,0.317857,0.607143,0.000000
1707830934131365542,0.030508,0.247458,0.722034,0.000000
1707830934151549678,0.039344,0.236066,0.724590,0.000000
1707830934171733072,0.032967,0.278388,0.688645,0.000000
1707830934192134560,0.059880,0.353293,0.586826,0.000000
1707830934212293689,0.044280,0.184502,0.771218,0.000000
1707830934232554832,0.056391,0.131579,0.812030,0.000000
1707830934252709665,0.113333,0.406667,0.480000,0.000000
1707830934272906987,0.163265,0.248980,0.587755,0.000000
1707830934293178183,0.167939,0.095420,0.736641,0.000000
1707830934313391196,0.159322,0.149153,0.691525,0.000000
1707830934333861696,0.150000,0.178571,0.671429,0.000000
1707830934354003805,0.096525,0.189189,0.714286,0.000000
1707830934374638385,0.036735,0.048980,0.914286,0.000000
1707830934394689251,0.066667,0.136842,0.796491,0.000000
1707830934414903425,0.110345,0.120690,0.768966,0.000000
1707830934435074968,0.069498,0.046332,0.884170,0.000000
1707830934455384229,0.066148,0.089494,0.844358,0.000000
1707830934475523114,0.012500,0.020833,0.966667,0.000000
1707830934495678625,0.036496,0.127737,0.835766,0.000000
1707830934516054914,0.034375,0.340625,0.625000,0.000000
1707830934536185032,0.012448,0.016598,0.970954,0.000000
1707830934556386459,0.020000,0.028000,0.952000,0.000000
1707830934576743690,0.046154,0.034615,0.919231,0.000000
1707830934597061138,0.052846,0.024390,0.922764,0.000000
1707830934617190094,0.105058,0.027237,0.867704,0.000000
1707830934637461685,0.015625,0.015625,0.968750,0.000000
1707830934657611464,0.012048,0.016064,0.971888,0.000000
1707830934677803736,0.011628,0.007752,0.980620,0.000000
1707830934697978477,0.003876,0.003876,0.992248,0.000000
1707830934718140814,0.011628,0.003876,0.984496,0.000000
1707830934738350256,0.012605,0.016807,0.970588,0.000000
1707830934758525257,0.007843,0.003922,0.988235,0.000000
1707830934778681212,0.010791,0.233813,0.755396,0.000000
1707830934798878968,0.028986,0.163043,0.807971,0.000000
1707830934819073930,0.034884,0.069767,0.895349,0.000000
1707830934839611597,0.035088,0.126316,0.838596,0.000000
1707830934859884969,0.071429,0.159091,0.769481,0.000000
1707830934879977025,0.039683,0.015873,0.944444,0.000000
1707830934900198748,0.052239,0.044776,0.902985,0.000000
1707830934920506949,0.092251,0.025830,0.881919,0.000000
1707830934940870407,0.007752,0.000000,0.992248,0.000000
1707830934960976479,0.004016,0.004016,0.991968,0.000000
1707830934981201614,0.000000,0.000000,1.000000,0.000000
1707830935001607698,0.000000,0.000000,1.000000,0.000000
1707830935021921479,0.000000,0.000000,1.000000,0.000000
1707830935041983086,0.004065,0.028455,0.967480,0.000000
1707830935062233146,0.000000,0.007782,0.992218,0.000000
1707830935082609593,0.003876,0.003876,0.992248,0.000000
1707830935102667712,0.000000,0.091241,0.908759,0.000000
1707830935122885839,0.000000,0.007782,0.992218,0.000000
1707830935143306535,0.000000,0.000000,1.000000,0.000000
1707830935163643246,0.000000,0.000000,1.000000,0.000000
1707830935184011462,0.000000,0.000000,1.000000,0.000000
1707830935204270361,0.003846,0.003846,0.992308,0.000000
1707830935224349157,0.011538,0.007692,0.980769,0.000000
1707830935244570627,0.007752,0.007752,0.984496,0.000000
1707830935264708627,0.003891,0.003891,0.992218,0.000000
1707830935285001820,0.011628,0.011628,0.976744,0.000000
1707830935305117157,0.011719,0.019531,0.968750,0.000000
1707830935325269637,0.015504,0.019380,0.965116,0.000000
1707830935345440533,0.007782,0.015564,0.976654,0.000000
1707830935365589478,0.007782,0.019455,0.972763,0.000000
1707830935385741224,0.027237,0.023346,0.949416,0.000000
1707830935408239287,0.025455,0.029091,0.945455,0.000000
1707830935427626090,0.034884,0.023256,0.941860,0.000000
1707830935447898443,0.034749,0.030888,0.934363,0.000000
1707830935468046050,0.026820,0.038314,0.934866,0.000000
1707830935488610598,0.039526,0.051383,0.909091,0.000000
1707830935508657564,0.027237,0.050584,0.922179,0.000000
1707830935528887386,0.043137,0.039216,0.917647,0.000000
1707830935549202789,0.038760,0.062016,0.899225,0.000000
1707830935569529502,0.066667,0.050980,0.882353,0.000000
1707830935589934247,0.058366,0.062257,0.879377,0.000000
1707830935610145719,0.074510,0.047059,0.878431,0.000000
1707830935630404592,0.055118,0.070866,0.874016,0.000000
1707830935650563661,0.075697,0.067729,0.856574,0.000000
1707830935670914087,0.062016,0.065891,0.872093,0.000000
1707830935691097083,0.090535,0.172840,0.736626,0.000000
1707830935711361338,0.076159,0.390728,0.533113,0.000000
1707830935732419813,0.076046,0.140684,0.783270,0.000000
1707830935752359354,0.083700,0.096916,0.819383,0.000000
1707830935772567004,0.095833,0.100000,0.804167,0.000000
1707830935792809146,0.129412,0.270588,0.600000,0.000000
1707830935813077406,0.145749,0.218623,0.635628,0.000000
1707830935835444578,0.209386,0.115523,0.675090,0.000000
1707830935855400986,0.264085,0.169014,0.566901,0.000000
1707830935875523563,0.215385,0.126923,0.657692,0.000000
1707830935895754781,0.279570,0.179211,0.541219,0.000000
1707830935916061911,0.195035,0.195035,0.609929,0.000000
1707830935936649890,0.196364,0.320000,0.483636,0.000000
1707830935956819992,0.186992,0.166667,0.646341,0.000000
1707830935977074659,0.253731,0.179104,0.567164,0.000000
1707830935997336804,0.264151,0.215094,0.520755,0.000000
1707830936017860924,0.285714,0.198157,0.516129,0.000000
1707830936038002908,0.139918,0.144033,0.716049,0.000000
1707830936058322524,0.157692,0.157692,0.684615,0.000000
1707830936078549483,0.145098,0.458824,0.396078,0.000000
1707830936098819283,0.223140,0.297521,0.479339,0.000000
1707830936119086096,0.209302,0.275194,0.515504,0.000000
1707830936139342947,0.325581,0.178295,0.496124,0.000000
1707830936159595944,0.204778,0.238908,0.556314,0.000000
1707830936179774500,0.228374,0.211073,0.560554,0.000000
1707830936200013617,0.131387,0.412409,0.456204,0.000000
1707830936220244254,0.214008,0.315175,0.470817,0.000000
1707830936242357643,0.173160,0.233766,0.593074,0.000000
1707830936262381302,0.244000,0.336000,0.420000,0.000000
1707830936282507882,0.239216,0.376471,0.384314,0.000000
1707830936302845359,0.241803,0.274590,0.483607,0.000000
1707830936323092484,0.305882,0.184314,0.509804,0.000000
1707830936343314644,0.295720,0.143969,0.560311,0.000000
1707830936363959736,0.265734,0.188811,0.545455,0.000000
1707830936384156117,0.115079,0.150794,0.734127,0.000000
1707830936404332698,0.098361,0.114754,0.786885,0.000000
1707830936424611583,0.089494,0.066148,0.844358,0.000000
1707830936444780129,0.094697,0.143939,0.761364,0.000000
1707830936464980118,0.193182,0.242424,0.564394,0.000000
1707830936485240100,0.132867,0.258741,0.608392,0.000000
1707830936505453707,0.250000,0.246212,0.503788,0.000000
1707830936525670966,0.125926,0.118519,0.755556,0.000000
1707830936545888628,0.094737,0.214035,0.691228,0.000000
1707830936566159971,0.153285,0.178832,0.667883,0.000000
1707830936586423326,0.084211,0.126316,0.789474,0.000000
1707830936606649467,0.036585,0.069106,0.894309,0.000000
1707830936627556578,0.122744,0.129964,0.747292,0.000000
1707830936647762692,0.034221,0.038023,0.927757,0.000000
1707830936667949984,0.050781,0.050781,0.898438,0.000000
1707830936688132713,0.031250,0.256944,0.711806,0.000000
1707830936708380168,0.037736,0.128302,0.833962,0.000000
1707830936728579688,0.049057,0.098113,0.852830,0.000000
1707830936748768664,0.032847,0.153285,0.813869,0.000000
1707830936768952077,0.031008,0.069767,0.899225,0.000000
1707830936789158259,0.070896,0.152985,0.776119,0.000000
1707830936809381043,0.057377,0.086066,0.856557,0.000000
1707830936829773102,0.098113,0.098113,0.803774,0.000000
1707830936849964009,0.042553,0.163121,0.794326,0.000000
1707830936870935102,0.068345,0.165468,0.766187,0.000000
1707830936890889972,0.067961,0.226537,0.705502,0.000000
1707830936911111487,0.123675,0.173145,0.703180,0.000000
1707830936931337825,0.035587,0.199288,0.765125,0.000000
1707830936951537640,0.070588,0.035294,0.894118,0.000000
1707830936971934426,0.137184,0.061372,0.801444,0.000000
1707830936992077297,0.019763,0.015810,0.964427,0.000000
1707830937012450596,0.024490,0.020408,0.955102,0.000000
1707830937032553703,0.016064,0.032129,0.951807,0.000000
1707830937052715285,0.011673,0.058366,0.929961,0.000000
1707830937072950754,0.011811,0.047244,0.940945,0.000000
1707830937093139513,0.007843,0.047059,0.945098,0.000000
1707830937113304352,0.007463,0.097015,0.895522,0.000000
1707830937133476107,0.011765,0.039216,0.949020,0.000000
1707830937153669009,0.015564,0.031128,0.953307,0.000000
1707830937173859652,0.011321,0.109434,0.879245,0.000000
1707830937194085725,0.030534,0.125954,0.843511,0.000000
1707830937214309159,0.061069,0.103053,0.835878,0.000000
1707830937234519942,0.099617,0.057471,0.842912,0.000000
1707830937254838035,0.053435,0.026718,0.919847,0.000000
1707830937275091634,0.028226,0.036290,0.935484,0.000000
1707830937295371180,0.022556,0.101504,0.875940,0.000000
1707830937315599760,0.030418,0.098859,0.870722,0.000000
1707830937335836148,0.021978,0.109890,0.868132,0.000000
1707830937356529082,0.018382,0.113971,0.867647,0.000000
1707830937376512695,0.111554,0.055777,0.832669,0.000000
1707830937396757604,0.116732,0.046693,0.836576,0.000000
1707830937416931646,0.020325,0.020325,0.959350,0.000000
1707830937437238560,0.015810,0.039526,0.944664,0.000000
1707830937457477487,0.019531,0.050781,0.929688,0.000000
1707830937477800671,0.061538,0.038462,0.900000,0.000000
1707830937497933557,0.032258,0.028226,0.939516,0.000000
1707830937518126811,0.047244,0.039370,0.913386,0.000000
1707830937538363057,0.051383,0.055336,0.893281,0.000000
1707830937558713517,0.062257,0.077821,0.859922,0.000000
1707830937578867387,0.036885,0.073770,0.889344,0.000000
1707830937599063098,0.073643,0.120155,0.806202,0.000000
1707830937619284771,0.060976,0.073171,0.865854,0.000000
1707830937639690485,0.070039,0.070039,0.859922,0.000000
1707830937660021400,0.066406,0.062500,0.871094,0.000000
1707830937680153219,0.101887,0.086792,0.811321,0.000000
1707830937700641365,0.080153,0.091603,0.828244,0.000000
1707830937720772453,0.104478,0.205224,0.690299,0.000000
1707830937743259840,0.088968,0.174377,0.736655,0.000000
1707830937763479178,0.135231,0.199288,0.665480,0.000000
1707830937783464594,0.086957,0.252964,0.660079,0.000000
1707830937804073168,0.175824,0.234432,0.589744,0.000000
1707830937824191442,0.114695,0.387097,0.498208,0.000000
1707830937844431183,0.151079,0.514388,0.334532,0.000000
1707830937864721026,0.191235,0.163347,0.645418,0.000000
1707830937884957770,0.236842,0.210526,0.552632,0.000000
1707830937905186252,0.239544,0.167300,0.593156,0.000000
1707830937925487475,0.294340,0.169811,0.535849,0.000000
1707830937945788807,0.273063,0.339483,0.387454,0.000000
1707830937966117758,0.196154,0.330769,0.473077,0.000000
1707830937986350826,0.231373,0.262745,0.505882,0.000000
1707830938006686719,0.299213,0.200787,0.500000,0.000000
1707830938027089240,0.267176,0.347328,0.385496,0.000000
1707830938047350735,0.256637,0.106195,0.637168,0.000000
1707830938067907073,0.200717,0.154122,0.645161,0.000000
1707830938088011058,0.112782,0.180451,0.706767,0.000000
1707830938108195691,0.162055,0.225296,0.612648,0.000000
1707830938128437393,0.174089,0.307692,0.518219,0.000000
1707830938148701873,0.123077,0.361538,0.515385,0.000000
1707830938168938413,0.266667,0.145833,0.587500,0.000000
1707830938189153316,0.253906,0.085938,0.660156,0.000000
1707830938209550909,0.189781,0.080292,0.729927,0.000000
1707830938229677249,0.070039,0.077821,0.852140,0.000000
1707830938250153314,0.134796,0.335423,0.529781,0.000000
1707830938270265018,0.101045,0.306620,0.592334,0.000000
1707830938290520618,0.188525,0.118852,0.692623,0.000000
1707830938310775734,0.149091,0.250909,0.600000,0.000000
1707830938331101221,0.137931,0.153257,0.708812,0.000000
1707830938351299106,0.140152,0.106061,0.753788,0.000000
1707830938371486026,0.089147,0.089147,0.821705,0.000000
1707830938391888508,0.066434,0.192308,0.741259,0.000000
1707830938412012304,0.097222,0.246528,0.656250,0.000000
1707830938432219667,0.057915,0.166023,0.776062,0.000000
1707830938452398193,0.127753,0.154185,0.718062,0.000000
1707830938472649271,0.165441,0.227941,0.606618,0.000000
1707830938492821854,0.169118,0.213235,0.617647,0.000000
1707830938513261845,0.057692,0.080769,0.861538,0.000000
1707830938533398400,0.054745,0.120438,0.824818,0.000000
1707830938553556229,0.044715,0.491870,0.463415,0.000000
1707830938573757048,0.079137,0.284173,0.636691,0.000000
1707830938593997890,0.162791,0.085271,0.751938,0.000000
1707830938614928553,0.133550,0.335505,0.530945,0.000000
1707830938634902465,0.059761,0.059761,0.880478,0.000000
1707830938655061454,0.155738,0.090164,0.754098,0.000000
1707830938675306319,0.117216,0.084249,0.798535,0.000000
1707830938695468050,0.080769,0.061538,0.857692,0.000000
1707830938715740618,0.075812,0.079422,0.844765,0.000000
1707830938736072363,0.096654,0.037175,0.866171,0.000000
1707830938756173887,0.031250,0.039062,0.929688,0.000000
1707830938776331801,0.008000,0.032000,0.960000,0.000000
1707830938796653747,0.022727,0.106061,0.871212,0.000000
1707830938816761152,0.019531,0.027344,0.953125,0.000000
1707830938837486690,0.011628,0.023256,0.965116,0.000000
1707830938857962461,0.018519,0.418519,0.562963,0.000000
1707830938878004452,0.041667,0.098485,0.859848,0.000000
1707830938898208133,0.020661,0.037190,0.942149,0.000000
1707830938918370517,0.023810,0.051587,0.924603,0.000000
1707830938938992194,0.079545,0.075758,0.844697,0.000000
1707830938959057546,0.087302,0.087302,0.825397,0.000000
1707830938979286376,0.074733,0.153025,0.772242,0.000000
1707830938999499556,0.011765,0.035294,0.952941,0.000000
1707830939019640170,0.029740,0.074349,0.895911,0.000000
1707830939039834435,0.015873,0.023810,0.960317,0.000000
1707830939060006418,0.022472,0.119850,0.857678,0.000000
1707830939080218103,0.044610,0.081784,0.873606,0.000000
1707830939100457802,0.142395,0.100324,0.757282,0.000000
1707830939120637750,0.049645,0.113475,0.836879,0.000000
1707830939140825842,0.042308,0.023077,0.934615,0.000000
1707830939161083846,0.003906,0.027344,0.968750,0.000000
1707830939181274747,0.011719,0.015625,0.972656,0.000000
1707830939201429216,0.019455,0.007782,0.972763,0.000000
1707830939221727071,0.015385,0.019231,0.965385,0.000000
1707830939243739143,0.014870,0.022305,0.962825,0.000000
1707830939263620600,0.019455,0.038911,0.941634,0.000000
1707830939283672938,0.027344,0.027344,0.945312,0.000000
1707830939303887115,0.023346,0.035019,0.941634,0.000000
1707830939324308569,0.019380,0.038760,0.941860,0.000000
1707830939344397992,0.031496,0.031496,0.937008,0.000000
1707830939364731884,0.035156,0.160156,0.804688,0.000000
1707830939384831558,0.038462,0.250000,0.711538,0.000000
1707830939405243918,0.019685,0.157480,0.822835,0.000000
1707830939425371740,0.035156,0.167969,0.796875,0.000000
1707830939445576654,0.039062,0.175781,0.785156,0.000000
1707830939466017250,0.042969,0.160156,0.796875,0.000000
1707830939486189024,0.027559,0.188976,0.783465,0.000000
1707830939506585442,0.045627,0.152091,0.802281,0.000000
1707830939526723032,0.071429,0.063492,0.865079,0.000000
1707830939546914488,0.084291,0.072797,0.842912,0.000000
1707830939567121098,0.080292,0.113139,0.806569,0.000000
1707830939587416840,0.071130,0.066946,0.861925,0.000000
1707830939607984360,0.109848,0.143939,0.746212,0.000000
1707830939628073183,0.060241,0.100402,0.839357,0.000000
1707830939648370518,0.080460,0.126437,0.793103,0.000000
1707830939668676538,0.170370,0.425926,0.403704,0.000000
1707830939688927612,0.158537,0.296748,0.544715,0.000000
1707830939709134355,0.114068,0.250951,0.634981,0.000000
1707830939729336229,0.148014,0.241877,0.610108,0.000000
1707830939749566267,0.119231,0.157692,0.723077,0.000000
1707830939769893153,0.200730,0.091241,0.708029,0.000000
1707830939790189395,0.157895,0.259398,0.582707,0.000000
1707830939810475790,0.283401,0.218623,0.497976,0.000000
1707830939830858008,0.296296,0.222222,0.481481,0.000000
1707830939851043931,0.156250,0.117188,0.726562,0.000000
1707830939871257572,0.238866,0.129555,0.631579,0.000000
1707830939891602128,0.245059,0.367589,0.387352,0.000000
1707830939911804413,0.114804,0.407855,0.477341,0.000000
1707830939932030236,0.117188,0.171875,0.710938,0.000000
1707830939952281651,0.182482,0.167883,0.649635,0.000000
1707830939972491728,0.210938,0.097656,0.691406,0.000000
1707830939992798010,0.200730,0.299270,0.500000,0.000000
1707830940012997478,0.131579,0.263158,0.605263,0.000000
1707830940033287568,0.175573,0.297710,0.526718,0.000000
1707830940053520099,0.255814,0.344961,0.399225,0.000000
1707830940073827148,0.272000,0.248000,0.480000,0.000000
1707830940094353847,0.213178,0.077519,0.709302,0.000000
1707830940114556605,0.196653,0.092050,0.711297,0.000000
1707830940134807326,0.086957,0.123188,0.789855,0.000000
1707830940155073629,0.080460,0.057471,0.862069,0.000000
1707830940175336121,0.122066,0.281690,0.596244,0.000000
1707830940195570265,0.104167,0.220833,0.675000,0.000000
1707830940215791867,0.200692,0.363322,0.435986,0.000000
1707830940236047643,0.241935,0.334677,0.423387,0.000000
1707830940256246413,0.303571,0.225000,0.471429,0.000000
1707830940276525766,0.188235,0.164706,0.647059,0.000000
1707830940296698511,0.151751,0.124514,0.723735,0.000000
1707830940316892021,0.075697,0.075697,0.848606,0.000000
1707830940337408127,0.045082,0.217213,0.737705,0.000000
1707830940357480261,0.073643,0.143411,0.782946,0.000000
1707830940377715829,0.281369,0.186312,0.532319,0.000000
1707830940398128436,0.085246,0.281967,0.632787,0.000000
1707830940418257723,0.110656,0.106557,0.782787,0.000000
1707830940438490469,0.175573,0.064885,0.759542,0.000000
1707830940458791261,0.027778,0.027778,0.944444,0.000000
1707830940478919021,0.034749,0.111969,0.853282,0.000000
1707830940499093056,0.015686,0.305882,0.678431,0.000000
1707830940519341720,0.034843,0.296167,0.668990,0.000000
1707830940539540452,0.039326,0.337079,0.623596,0.000000
1707830940559836596,0.081356,0.298305,0.620339,0.000000
1707830940580107518,0.127820,0.165414,0.706767,0.000000
1707830940600300975,0.136882,0.110266,0.752852,0.000000
1707830940620624719,0.070866,0.047244,0.881890,0.000000
1707830940640774088,0.087786,0.053435,0.858779,0.000000
1707830940660972828,0.024390,0.020325,0.955285,0.000000
1707830940681244491,0.035714,0.027778,0.936508,0.000000
1707830940701441057,0.031250,0.035156,0.933594,0.000000
1707830940721617923,0.019685,0.019685,0.960630,0.000000
1707830940741778307,0.032967,0.252747,0.714286,0.000000
1707830940762045881,0.026718,0.091603,0.881679,0.000000
1707830940782204607,0.027027,0.235521,0.737452,0.000000
1707830940802430761,0.038328,0.205575,0.756098,0.000000
1707830940822632114,0.033835,0.097744,0.868421,0.000000
1707830940842882372,0.060284,0.134752,0.804965,0.000000
1707830940863093609,0.077869,0.028689,0.893443,0.000000
1707830940883275071,0.056680,0.028340,0.914980,0.000000
1707830940903510522,0.122744,0.119134,0.758123,0.000000
1707830940923681305,0.023622,0.015748,0.960630,0.000000
1707830940943935031,0.023529,0.015686,0.960784,0.000000
1707830940964080718,0.023166,0.023166,0.953668,0.000000
1707830940984252797,0.015936,0.031873,0.952191,0.000000
1707830941005940186,0.034843,0.160279,0.804878,0.000000
1707830941026183286,0.049645,0.177305,0.773050,0.000000
1707830941046147614,0.035294,0.050980,0.913725,0.000000
1707830941066332738,0.084459,0.128378,0.787162,0.000000
1707830941086529913,0.180451,0.041353,0.778195,0.000000
1707830941107042203,0.019685,0.023622,0.956693,0.000000
1707830941127374783,0.011858,0.047431,0.940711,0.000000
1707830941147507163,0.039216,0.035294,0.925490,0.000000
1707830941168074609,0.026820,0.034483,0.938697,0.000000
1707830941188110400,0.019685,0.031496,0.948819,0.000000
1707830941208293066,0.015748,0.031496,0.952756,0.000000
1707830941228459554,0.026415,0.086792,0.886792,0.000000
1707830941248661624,0.023529,0.035294,0.941176,0.000000
1707830941268817320,0.022989,0.076628,0.900383,0.000000
1707830941289165030,0.052817,0.355634,0.591549,0.000000
1707830941309301078,0.011811,0.070866,0.917323,0.000000
1707830941329581802,0.031496,0.043307,0.925197,0.000000
1707830941350105633,0.082707,0.052632,0.864662,0.000000
1707830941370139815,0.046693,0.035019,0.918288,0.000000
1707830941390321764,0.053846,0.061538,0.884615,0.000000
1707830941411414708,0.074074,0.085185,0.840741,0.000000
1707830941431578377,0.143939,0.053030,0.803030,0.000000
1707830941451707400,0.105882,0.054902,0.839216,0.000000
1707830941471908532,0.085603,0.058366,0.856031,0.000000
1707830941492080925,0.071429,0.075397,0.853175,0.000000
1707830941512271432,0.075099,0.083004,0.841897,0.000000
1707830941532795098,0.070370,0.151852,0.777778,0.000000
1707830941552881194,0.089494,0.147860,0.762646,0.000000
1707830941573068090,0.075099,0.071146,0.853755,0.000000
1707830941593266699,0.118110,0.145669,0.736220,0.000000
1707830941613489532,0.107807,0.152416,0.739777,0.000000
1707830941633697411,0.128906,0.156250,0.714844,0.000000
1707830941653933892,0.103203,0.291815,0.604982,0.000000
1707830941674217924,0.080645,0.641129,0.278226,0.000000
1707830941694376900,0.135802,0.111111,0.753086,0.000000
1707830941715153998,0.161417,0.086614,0.751969,0.000000
1707830941735216576,0.152672,0.148855,0.698473,0.000000
1707830941755470654,0.184906,0.120755,0.694340,0.000000
1707830941775689738,0.146341,0.153310,0.700348,0.000000
