Time,User,Kernel,Idle,IoWait
1708693814716979099,0.333333,0.333333,0.333333,0.000000
1708693814817145012,0.421053,0.578947,0.000000,0.000000
1708693814917323690,0.476190,0.523810,0.000000,0.000000
1708693815018162256,0.176471,0.823529,0.000000,0.000000
1708693815118155578,0.352941,0.647059,0.000000,0.000000
1708693815218238456,0.368421,0.631579,0.000000,0.000000
1708693815318361534,0.380952,0.619048,0.000000,0.000000
1708693815418488588,0.263158,0.736842,0.000000,0.000000
1708693815518629477,0.333333,0.666667,0.000000,0.000000
1708693815618771199,0.550000,0.450000,0.000000,0.000000
1708693815718893263,0.631579,0.368421,0.000000,0.000000
1708693815818994032,0.476190,0.523810,0.000000,0.000000
1708693815919138640,0.550000,0.450000,0.000000,0.000000
1708693816019263166,0.736842,0.263158,0.000000,0.000000
1708693816119389148,0.619048,0.380952,0.000000,0.000000
1708693816219522614,0.578947,0.421053,0.000000,0.000000
1708693816319663717,0.666667,0.333333,0.000000,0.000000
1708693816419787619,0.900000,0.100000,0.000000,0.000000
1708693816519912594,0.850000,0.150000,0.000000,0.000000
1708693816620033974,0.900000,0.100000,0.000000,0.000000
1708693816720161113,0.900000,0.100000,0.000000,0.000000
1708693816820285862,0.900000,0.100000,0.000000,0.000000
1708693816920412499,0.850000,0.100000,0.050000,0.000000
1708693817020519517,0.368421,0.105263,0.526316,0.000000
1708693817120612901,0.000000,0.050000,0.950000,0.000000
1708693817220725089,0.263158,0.052632,0.684211,0.000000
1708693817320851949,0.421053,0.263158,0.315789,0.000000
1708693817420995360,0.437500,0.437500,0.125000,0.000000
1708693817521114477,0.555556,0.444444,0.000000,0.000000
1708693817624871227,0.619048,0.285714,0.095238,0.000000
1708693817723758287,0.650000,0.350000,0.000000,0.000000
1708693817823859278,0.750000,0.250000,0.000000,0.000000
1708693817923889674,0.650000,0.300000,0.050000,0.000000
1708693818023970225,0.947368,0.052632,0.000000,0.000000
1708693818124048536,0.857143,0.142857,0.000000,0.000000
1708693818224112058,0.894737,0.105263,0.000000,0.000000
1708693818324179055,0.809524,0.190476,0.000000,0.000000
1708693818424233772,0.900000,0.100000,0.000000,0.000000
1708693818524307278,0.894737,0.105263,0.000000,0.000000
1708693818624411582,0.400000,0.150000,0.450000,0.000000
1708693818724416834,0.052632,0.052632,0.894737,0.000000
1708693818824523447,0.000000,0.000000,1.000000,0.000000
1708693818924605532,0.000000,0.000000,1.000000,0.000000
1708693819024686280,0.055556,0.000000,0.944444,0.000000
1708693819130713754,0.142857,0.047619,0.809524,0.000000
1708693819228840105,0.352941,0.352941,0.294118,0.000000
1708693819329007130,0.312500,0.437500,0.250000,0.000000
1708693819432918793,0.473684,0.210526,0.315789,0.000000
1708693819531764333,0.550000,0.450000,0.000000,0.000000
1708693819631849649,0.619048,0.333333,0.047619,0.000000
1708693819731993404,0.736842,0.210526,0.052632,0.000000
1708693819832049685,0.500000,0.400000,0.100000,0.000000
1708693819932204126,0.800000,0.200000,0.000000,0.000000
1708693820032320786,0.900000,0.100000,0.000000,0.000000
1708693820132441572,0.950000,0.050000,0.000000,0.000000
1708693820232563252,0.950000,0.050000,0.000000,0.000000
1708693820332680535,0.900000,0.100000,0.000000,0.000000
1708693820432782328,0.900000,0.100000,0.000000,0.000000
1708693820532874799,0.736842,0.210526,0.052632,0.000000
1708693820632992015,0.157895,0.000000,0.842105,0.000000
1708693820733042353,0.000000,0.000000,1.000000,0.000000
1708693820833138678,0.000000,0.050000,0.950000,0.000000
1708693820933210856,0.000000,0.000000,1.000000,0.000000
1708693821033243026,0.000000,0.000000,1.000000,0.000000
1708693821133299341,0.000000,0.050000,0.950000,0.000000
1708693821233387233,0.000000,0.000000,1.000000,0.000000
1708693821333437300,0.000000,0.000000,1.000000,0.000000
1708693821433521985,0.000000,0.000000,1.000000,0.000000
1708693821533573487,0.000000,0.000000,1.000000,0.000000
1708693821633656472,0.000000,0.000000,1.000000,0.000000
1708693821733710893,0.000000,0.000000,1.000000,0.000000
1708693821833800915,0.000000,0.000000,1.000000,0.000000
1708693821933879215,0.000000,0.000000,1.000000,0.000000
1708693822033958055,0.000000,0.000000,1.000000,0.000000
1708693822134043364,0.000000,0.000000,1.000000,0.000000
1708693822234126285,0.000000,0.000000,1.000000,0.000000
1708693822334198738,0.000000,0.000000,1.000000,0.000000
1708693822434273862,0.000000,0.000000,1.000000,0.000000
1708693822534353354,0.000000,0.000000,1.000000,0.000000
1708693822634365892,0.000000,0.000000,1.000000,0.000000
1708693822734465154,0.000000,0.000000,1.000000,0.000000
1708693822834557587,0.000000,0.000000,1.000000,0.000000
1708693822934633896,0.000000,0.000000,1.000000,0.000000
1708693823034711792,0.000000,0.000000,1.000000,0.000000
1708693823134793115,0.000000,0.000000,1.000000,0.000000
1708693823234833540,0.000000,0.000000,1.000000,0.000000
1708693823334925663,0.000000,0.000000,1.000000,0.000000
1708693823434964305,0.000000,0.000000,1.000000,0.000000
1708693823535059375,0.000000,0.000000,1.000000,0.000000
1708693823635106038,0.000000,0.000000,1.000000,0.000000
1708693823735193628,0.000000,0.000000,1.000000,0.000000
1708693823835267563,0.000000,0.000000,1.000000,0.000000
1708693823935348324,0.000000,0.000000,1.000000,0.000000
1708693824035418965,0.000000,0.000000,1.000000,0.000000
1708693824135501359,0.000000,0.000000,1.000000,0.000000
1708693824235574541,0.000000,0.000000,1.000000,0.000000
1708693824335617432,0.000000,0.000000,1.000000,0.000000
1708693824435711401,0.000000,0.000000,1.000000,0.000000
1708693824535763412,0.000000,0.000000,1.000000,0.000000
1708693824635849415,0.000000,0.000000,1.000000,0.000000
1708693824735932483,0.000000,0.000000,1.000000,0.000000
1708693824835959389,0.000000,0.000000,1.000000,0.000000
1708693824936032465,0.000000,0.000000,1.000000,0.000000
1708693825036108395,0.000000,0.000000,1.000000,0.000000
1708693825136190865,0.000000,0.000000,1.000000,0.000000
1708693825236262273,0.000000,0.000000,1.000000,0.000000
1708693825336341013,0.000000,0.000000,1.000000,0.000000
1708693825436417224,0.000000,0.000000,1.000000,0.000000
1708693825536511569,0.000000,0.000000,1.000000,0.000000
1708693825636567935,0.000000,0.000000,1.000000,0.000000
1708693825736630740,0.000000,0.000000,1.000000,0.000000
1708693825836706937,0.000000,0.000000,1.000000,0.000000
1708693825936794397,0.000000,0.000000,1.000000,0.000000
1708693826036868684,0.000000,0.000000,1.000000,0.000000
1708693826136943050,0.000000,0.050000,0.950000,0.000000
1708693826237020544,0.000000,0.000000,1.000000,0.000000
1708693826337098153,0.000000,0.000000,1.000000,0.000000
1708693826437182961,0.000000,0.000000,1.000000,0.000000
1708693826537255791,0.000000,0.000000,1.000000,0.000000
1708693826637332066,0.000000,0.000000,1.000000,0.000000
1708693826737365278,0.000000,0.000000,1.000000,0.000000
1708693826837431866,0.000000,0.000000,1.000000,0.000000
1708693826937519256,0.000000,0.000000,1.000000,0.000000
1708693827037565968,0.000000,0.000000,1.000000,0.000000
1708693827137592883,0.000000,0.000000,1.000000,0.000000
1708693827237696112,0.000000,0.000000,1.000000,0.000000
1708693827337774965,0.000000,0.000000,1.000000,0.000000
1708693827437851023,0.000000,0.000000,1.000000,0.000000
1708693827537874986,0.000000,0.000000,1.000000,0.000000
1708693827637987732,0.000000,0.000000,1.000000,0.000000
1708693827738055228,0.000000,0.000000,1.000000,0.000000
1708693827838131162,0.000000,0.000000,1.000000,0.000000
1708693827938162940,0.000000,0.000000,1.000000,0.000000
1708693828038260088,0.000000,0.000000,1.000000,0.000000
1708693828138293972,0.000000,0.000000,1.000000,0.000000
1708693828238384446,0.000000,0.000000,1.000000,0.000000
1708693828338446198,0.000000,0.000000,1.000000,0.000000
1708693828438531399,0.000000,0.000000,1.000000,0.000000
1708693828538605793,0.000000,0.000000,1.000000,0.000000
1708693828638677911,0.000000,0.000000,1.000000,0.000000
1708693828738689100,0.000000,0.000000,1.000000,0.000000
1708693828838787667,0.000000,0.000000,1.000000,0.000000
1708693828938833201,0.000000,0.000000,1.000000,0.000000
1708693829038922406,0.000000,0.000000,1.000000,0.000000
1708693829139003541,0.000000,0.000000,1.000000,0.000000
1708693829239042400,0.000000,0.000000,1.000000,0.000000
1708693829339119437,0.000000,0.000000,1.000000,0.000000
1708693829439165250,0.000000,0.000000,1.000000,0.000000
1708693829539253430,0.000000,0.000000,1.000000,0.000000
1708693829639302512,0.000000,0.000000,1.000000,0.000000
1708693829739393258,0.000000,0.000000,1.000000,0.000000
1708693829839433901,0.000000,0.000000,1.000000,0.000000
1708693829939525229,0.000000,0.000000,1.000000,0.000000
1708693830039603413,0.050000,0.000000,0.950000,0.000000
1708693830139708304,0.166667,0.055556,0.777778,0.000000
1708693830239812658,0.444444,0.444444,0.111111,0.000000
1708693830339918237,0.444444,0.333333,0.222222,0.000000
1708693830442687946,0.700000,0.300000,0.000000,0.000000
1708693830541936647,0.500000,0.500000,0.000000,0.000000
1708693830642039672,0.650000,0.350000,0.000000,0.000000
1708693830742147518,0.631579,0.368421,0.000000,0.000000
1708693830842258882,0.714286,0.285714,0.000000,0.000000
1708693830942378186,0.850000,0.150000,0.000000,0.000000
1708693831042507415,0.900000,0.100000,0.000000,0.000000
1708693831142627359,0.900000,0.100000,0.000000,0.000000
1708693831242745600,0.900000,0.100000,0.000000,0.000000
1708693831342829492,0.950000,0.050000,0.000000,0.000000
1708693831449997654,0.727273,0.090909,0.181818,0.000000
1708693831547758041,0.250000,0.100000,0.650000,0.000000
1708693831647833927,0.000000,0.000000,1.000000,0.000000
1708693831747911593,0.000000,0.000000,1.000000,0.000000
1708693831847989830,0.000000,0.000000,1.000000,0.000000
1708693831948022790,0.105263,0.000000,0.894737,0.000000
1708693832048141862,0.380952,0.238095,0.380952,0.000000
1708693832148255531,0.333333,0.600000,0.066667,0.000000
1708693832248394827,0.444444,0.444444,0.111111,0.000000
1708693832348462499,0.700000,0.150000,0.150000,0.000000
1708693832448589687,0.600000,0.400000,0.000000,0.000000
1708693832548712854,0.650000,0.350000,0.000000,0.000000
1708693832648828681,0.700000,0.300000,0.000000,0.000000
1708693832748953751,0.850000,0.150000,0.000000,0.000000
1708693832849073002,0.800000,0.200000,0.000000,0.000000
1708693832949197127,0.950000,0.050000,0.000000,0.000000
1708693833049317501,0.950000,0.050000,0.000000,0.000000
1708693833149443278,0.950000,0.050000,0.000000,0.000000
1708693833249511314,0.900000,0.100000,0.000000,0.000000
1708693833349610481,0.833333,0.055556,0.111111,0.000000
1708693833449742301,0.315789,0.157895,0.526316,0.000000
1708693833549842108,0.000000,0.000000,1.000000,0.000000
1708693833649925249,0.000000,0.000000,1.000000,0.000000
1708693833749975090,0.050000,0.050000,0.900000,0.000000
