Time,User,Kernel,Idle,IoWait
1708693814713270869,0.157895,0.000000,0.842105,0.000000
1708693814813403767,0.315789,0.000000,0.684211,0.000000
1708693814913507648,0.000000,0.000000,1.000000,0.000000
1708693815013629738,0.250000,0.187500,0.562500,0.000000
1708693815113727732,0.117647,0.294118,0.588235,0.000000
1708693815213841066,0.055556,0.055556,0.888889,0.000000
1708693815313945101,0.222222,0.166667,0.611111,0.000000
1708693815414079696,0.550000,0.300000,0.150000,0.000000
1708693815514149828,0.555556,0.333333,0.111111,0.000000
1708693815614267931,0.650000,0.350000,0.000000,0.000000
1708693815714406423,0.750000,0.250000,0.000000,0.000000
1708693815814526614,0.857143,0.142857,0.000000,0.000000
1708693815914636634,0.842105,0.157895,0.000000,0.000000
1708693816014727221,0.900000,0.100000,0.000000,0.000000
1708693816114843117,0.950000,0.050000,0.000000,0.000000
1708693816214952143,0.900000,0.100000,0.000000,0.000000
1708693816315020353,0.800000,0.150000,0.050000,0.000000
1708693816415116397,0.809524,0.095238,0.095238,0.000000
1708693816515206597,0.210526,0.157895,0.631579,0.000000
1708693816615323266,0.000000,0.050000,0.950000,0.000000
1708693816715380457,0.000000,0.000000,1.000000,0.000000
1708693816815489061,0.000000,0.000000,1.000000,0.000000
1708693816915604656,0.000000,0.052632,0.947368,0.000000
1708693817015661759,0.000000,0.000000,1.000000,0.000000
1708693817115840000,0.000000,0.000000,1.000000,0.000000
1708693817215934884,0.294118,0.058824,0.647059,0.000000
1708693817316066522,0.294118,0.470588,0.235294,0.000000
1708693817416227459,0.125000,0.312500,0.562500,0.000000
1708693817516331596,0.210526,0.263158,0.526316,0.000000
1708693817616457678,0.523810,0.380952,0.095238,0.000000
1708693817716578386,0.750000,0.250000,0.000000,0.000000
1708693817816704776,0.700000,0.250000,0.050000,0.000000
1708693817916840676,0.750000,0.250000,0.000000,0.000000
1708693818016961138,1.000000,0.000000,0.000000,0.000000
1708693818117036088,0.809524,0.190476,0.000000,0.000000
1708693818217187716,0.894737,0.105263,0.000000,0.000000
1708693818317312578,0.950000,0.050000,0.000000,0.000000
1708693818417430501,0.904762,0.095238,0.000000,0.000000
1708693818517514125,0.736842,0.210526,0.052632,0.000000
1708693818617625778,0.850000,0.050000,0.100000,0.000000
1708693818717771088,0.157895,0.052632,0.789474,0.000000
1708693818817876553,0.052632,0.052632,0.894737,0.000000
1708693818917931532,0.050000,0.000000,0.950000,0.000000
1708693819018065260,0.000000,0.000000,1.000000,0.000000
1708693819118162013,0.100000,0.050000,0.850000,0.000000
1708693819218295465,0.437500,0.187500,0.375000,0.000000
1708693819318482690,0.400000,0.533333,0.066667,0.000000
1708693819418580026,0.473684,0.157895,0.368421,0.000000
1708693819519622555,0.409091,0.545455,0.045455,0.000000
1708693819619440543,0.684211,0.315789,0.000000,0.000000
1708693819720516835,0.600000,0.400000,0.000000,0.000000
1708693819821490166,0.700000,0.300000,0.000000,0.000000
1708693819921222141,0.714286,0.285714,0.000000,0.000000
1708693820021688457,1.000000,0.000000,0.000000,0.000000
1708693820121670167,0.900000,0.100000,0.000000,0.000000
1708693820221771623,0.952381,0.047619,0.000000,0.000000
1708693820321876804,0.850000,0.150000,0.000000,0.000000
1708693820421973388,0.894737,0.052632,0.052632,0.000000
1708693820522074444,0.777778,0.055556,0.166667,0.000000
1708693820622161061,0.050000,0.100000,0.850000,0.000000
1708693820722230633,0.000000,0.000000,1.000000,0.000000
1708693820822303366,0.000000,0.000000,1.000000,0.000000
1708693820922376476,0.000000,0.000000,1.000000,0.000000
1708693821022453156,0.000000,0.050000,0.950000,0.000000
1708693821122469390,0.000000,0.000000,1.000000,0.000000
1708693821222554936,0.000000,0.000000,1.000000,0.000000
1708693821322596527,0.000000,0.000000,1.000000,0.000000
1708693821422677682,0.000000,0.000000,1.000000,0.000000
1708693821522754470,0.050000,0.000000,0.950000,0.000000
1708693821622799724,0.000000,0.000000,1.000000,0.000000
1708693821722885016,0.000000,0.000000,1.000000,0.000000
1708693821822916743,0.000000,0.000000,1.000000,0.000000
1708693821923010386,0.000000,0.000000,1.000000,0.000000
1708693822023012945,0.000000,0.000000,1.000000,0.000000
1708693822123104168,0.000000,0.000000,1.000000,0.000000
1708693822223181814,0.000000,0.000000,1.000000,0.000000
1708693822323246540,0.000000,0.050000,0.950000,0.000000
1708693822423325320,0.000000,0.000000,1.000000,0.000000
1708693822523379604,0.000000,0.000000,1.000000,0.000000
1708693822623467097,0.000000,0.000000,1.000000,0.000000
1708693822723504096,0.000000,0.000000,1.000000,0.000000
1708693822823592221,0.000000,0.000000,1.000000,0.000000
1708693822923750608,0.000000,0.000000,1.000000,0.000000
1708693823023822704,0.000000,0.000000,1.000000,0.000000
1708693823124013927,0.000000,0.000000,1.000000,0.000000
1708693823223972647,0.000000,0.000000,1.000000,0.000000
1708693823324129030,0.000000,0.000000,1.000000,0.000000
1708693823424109535,0.000000,0.000000,1.000000,0.000000
1708693823524317988,0.000000,0.000000,1.000000,0.000000
1708693823624316341,0.000000,0.000000,1.000000,0.000000
1708693823724444781,0.000000,0.000000,1.000000,0.000000
1708693823824632276,0.000000,0.000000,1.000000,0.000000
1708693823924653385,0.000000,0.000000,1.000000,0.000000
1708693824024732399,0.000000,0.000000,1.000000,0.000000
1708693824124869392,0.000000,0.000000,1.000000,0.000000
1708693824224942646,0.000000,0.000000,1.000000,0.000000
1708693824325053586,0.000000,0.000000,1.000000,0.000000
1708693824425134625,0.000000,0.000000,1.000000,0.000000
1708693824525228283,0.000000,0.000000,1.000000,0.000000
1708693824625344334,0.000000,0.000000,1.000000,0.000000
1708693824725419614,0.000000,0.000000,1.000000,0.000000
1708693824825531357,0.000000,0.000000,1.000000,0.000000
1708693824925634537,0.000000,0.000000,1.000000,0.000000
1708693825025738182,0.000000,0.000000,1.000000,0.000000
1708693825125804993,0.000000,0.000000,1.000000,0.000000
1708693825225958201,0.000000,0.000000,1.000000,0.000000
1708693825326046815,0.000000,0.000000,1.000000,0.000000
1708693825426159285,0.000000,0.000000,1.000000,0.000000
1708693825526255445,0.000000,0.000000,1.000000,0.000000
1708693825626450055,0.000000,0.000000,1.000000,0.000000
1708693825726462811,0.000000,0.000000,1.000000,0.000000
1708693825826534633,0.000000,0.000000,1.000000,0.000000
1708693825926606178,0.000000,0.000000,1.000000,0.000000
1708693826026719442,0.000000,0.000000,1.000000,0.000000
1708693826126821435,0.000000,0.050000,0.950000,0.000000
1708693826226865872,0.000000,0.000000,1.000000,0.000000
1708693826326944378,0.000000,0.000000,1.000000,0.000000
1708693826427009471,0.000000,0.000000,1.000000,0.000000
1708693826527111095,0.050000,0.000000,0.950000,0.000000
1708693826627211048,0.000000,0.000000,1.000000,0.000000
1708693826727326085,0.000000,0.000000,1.000000,0.000000
1708693826827394733,0.000000,0.000000,1.000000,0.000000
1708693826927533912,0.000000,0.000000,1.000000,0.000000
1708693827027578231,0.000000,0.000000,1.000000,0.000000
1708693827127666777,0.000000,0.000000,1.000000,0.000000
1708693827227754271,0.000000,0.000000,1.000000,0.000000
1708693827327770395,0.000000,0.000000,1.000000,0.000000
1708693827427849371,0.000000,0.000000,1.000000,0.000000
1708693827527921684,0.000000,0.000000,1.000000,0.000000
1708693827628021770,0.000000,0.000000,1.000000,0.000000
1708693827728041580,0.000000,0.000000,1.000000,0.000000
1708693827828118148,0.000000,0.000000,1.000000,0.000000
1708693827928177381,0.000000,0.000000,1.000000,0.000000
1708693828028273451,0.000000,0.000000,1.000000,0.000000
1708693828128393913,0.000000,0.000000,1.000000,0.000000
1708693828228460148,0.000000,0.000000,1.000000,0.000000
1708693828328534071,0.000000,0.000000,1.000000,0.000000
1708693828428674039,0.000000,0.000000,1.000000,0.000000
1708693828528728312,0.000000,0.000000,1.000000,0.000000
1708693828628799125,0.000000,0.000000,1.000000,0.000000
1708693828728940949,0.000000,0.050000,0.950000,0.000000
1708693828829054021,0.000000,0.000000,1.000000,0.000000
1708693828929236437,0.000000,0.000000,1.000000,0.000000
1708693829029255969,0.000000,0.000000,1.000000,0.000000
1708693829129369066,0.000000,0.000000,1.000000,0.000000
1708693829229470048,0.000000,0.000000,1.000000,0.000000
1708693829329573808,0.000000,0.000000,1.000000,0.000000
1708693829429677534,0.000000,0.000000,1.000000,0.000000
1708693829529740938,0.000000,0.000000,1.000000,0.000000
1708693829629854822,0.000000,0.000000,1.000000,0.000000
1708693829729970794,0.000000,0.000000,1.000000,0.000000
1708693829829984508,0.000000,0.000000,1.000000,0.000000
1708693829930132725,0.000000,0.000000,1.000000,0.000000
1708693830030235107,0.000000,0.000000,1.000000,0.000000
1708693830131836050,0.058824,0.000000,0.941176,0.000000
1708693830231400071,0.578947,0.210526,0.210526,0.000000
1708693830331449485,0.500000,0.375000,0.125000,0.000000
1708693830431558014,0.523810,0.380952,0.095238,0.000000
1708693830531661328,0.684211,0.315789,0.000000,0.000000
1708693830631777190,0.736842,0.263158,0.000000,0.000000
1708693830731868428,0.650000,0.350000,0.000000,0.000000
1708693830831966798,0.800000,0.200000,0.000000,0.000000
1708693830932012648,0.850000,0.150000,0.000000,0.000000
1708693831032085817,0.952381,0.047619,0.000000,0.000000
1708693831132146091,0.947368,0.052632,0.000000,0.000000
1708693831232235394,0.950000,0.050000,0.000000,0.000000
1708693831332273039,0.950000,0.050000,0.000000,0.000000
1708693831432369151,0.950000,0.000000,0.050000,0.000000
1708693831532461688,0.300000,0.100000,0.600000,0.000000
1708693831632541596,0.052632,0.052632,0.894737,0.000000
1708693831732615597,0.000000,0.000000,1.000000,0.000000
1708693831832637736,0.000000,0.052632,0.947368,0.000000
1708693831932735488,0.100000,0.000000,0.900000,0.000000
1708693832032822893,0.388889,0.111111,0.500000,0.000000
1708693832132985957,0.428571,0.500000,0.071429,0.000000
1708693832233152296,0.476190,0.380952,0.142857,0.000000
1708693832333259607,0.578947,0.421053,0.000000,0.000000
1708693832433378079,0.523810,0.476190,0.000000,0.000000
1708693832533525601,0.700000,0.300000,0.000000,0.000000
1708693832633642646,0.722222,0.222222,0.055556,0.000000
1708693832733769424,0.900000,0.100000,0.000000,0.000000
1708693832833912045,1.000000,0.000000,0.000000,0.000000
1708693832933982838,0.850000,0.150000,0.000000,0.000000
1708693833034142239,0.950000,0.050000,0.000000,0.000000
1708693833134241885,0.950000,0.050000,0.000000,0.000000
1708693833234384288,0.900000,0.100000,0.000000,0.000000
1708693833334506685,0.700000,0.100000,0.200000,0.000000
1708693833434585427,0.050000,0.100000,0.850000,0.000000
1708693833534698166,0.000000,0.000000,1.000000,0.000000
1708693833634819293,0.000000,0.050000,0.950000,0.000000
1708693833734921795,0.000000,0.000000,1.000000,0.000000
1708693833835113934,0.000000,0.052632,0.947368,0.000000
