Time,User,Kernel,Idle,IoWait
1708008649900004049,0.046875,0.015625,0.937500,0.000000
1708008649920233866,0.046154,0.015385,0.938462,0.000000
1708008649940499575,0.061538,0.030769,0.907692,0.000000
1708008649960780517,0.031746,0.000000,0.968254,0.000000
1708008649980753312,0.046154,0.030769,0.923077,0.000000
1708008650000845762,0.047619,0.000000,0.952381,0.000000
1708008650020908385,0.076923,0.030769,0.892308,0.000000
1708008650040999691,0.016129,0.016129,0.967742,0.000000
1708008650061083943,0.187500,0.031250,0.781250,0.000000
1708008650081160325,0.061538,0.030769,0.907692,0.000000
1708008650101227385,0.080645,0.080645,0.838710,0.000000
1708008650121326564,0.145161,0.096774,0.758065,0.000000
1708008650141431074,0.092308,0.123077,0.784615,0.000000
1708008650161516361,0.096774,0.080645,0.822581,0.000000
1708008650181611623,0.112903,0.096774,0.790323,0.000000
1708008650201708220,0.193548,0.112903,0.693548,0.000000
1708008650221787919,0.066667,0.044444,0.888889,0.000000
1708008650435235327,0.019802,0.062706,0.917492,0.000000
1708008650408605098,0.104651,0.104651,0.790698,0.000000
1708008650422856367,0.203125,0.109375,0.687500,0.000000
1708008650442991545,0.142857,0.158730,0.698413,0.000000
1708008650463112708,0.203125,0.093750,0.703125,0.000000
1708008650483256668,0.136364,0.242424,0.621212,0.000000
1708008650503398006,0.362069,0.172414,0.465517,0.000000
1708008650523548203,0.610169,0.186441,0.203390,0.000000
1708008650543733307,0.473684,0.157895,0.368421,0.000000
1708008650563892995,0.633333,0.116667,0.250000,0.000000
1708008650584021553,0.213115,0.196721,0.590164,0.000000
1708008650604139017,0.181818,0.196970,0.621212,0.000000
1708008650624290408,0.380952,0.206349,0.412698,0.000000
1708008650644430968,0.379310,0.120690,0.500000,0.000000
1708008650664599046,0.688525,0.180328,0.131148,0.000000
1708008650684744798,0.551724,0.137931,0.310345,0.000000
1708008650704923118,0.709677,0.193548,0.096774,0.000000
1708008650725082319,0.654545,0.127273,0.218182,0.000000
1708008650745199874,0.328571,0.057143,0.614286,0.000000
1708008650765308244,0.150000,0.083333,0.766667,0.000000
1708008650785404039,0.130435,0.159420,0.710145,0.000000
1708008650805509310,0.183333,0.083333,0.733333,0.000000
1708008650825624317,0.145455,0.109091,0.745455,0.000000
1708008650845734115,0.584906,0.094340,0.320755,0.000000
1708008650865876958,0.385714,0.142857,0.471429,0.000000
1708008650886050163,0.236364,0.127273,0.636364,0.000000
1708008650906183496,0.473684,0.087719,0.438596,0.000000
1708008650926365350,0.350877,0.105263,0.543860,0.000000
1708008650946484461,0.426667,0.080000,0.493333,0.000000
1708008650966586962,0.190476,0.079365,0.730159,0.000000
1708008650986690657,0.158730,0.126984,0.714286,0.000000
1708008651006804378,0.153846,0.138462,0.707692,0.000000
1708008651026908579,0.129032,0.112903,0.758065,0.000000
1708008651047011417,0.177419,0.145161,0.677419,0.000000
1708008651067138824,0.161290,0.112903,0.725806,0.000000
1708008651087260820,0.176471,0.220588,0.602941,0.000000
1708008651107412153,0.328571,0.285714,0.385714,0.000000
1708008651127546263,0.428571,0.371429,0.200000,0.000000
1708008651147700870,0.535714,0.160714,0.303571,0.000000
1708008651167835789,0.424242,0.181818,0.393939,0.000000
1708008651187988442,0.530303,0.151515,0.318182,0.000000
1708008651208153017,0.733333,0.066667,0.200000,0.000000
1708008651228307687,0.706897,0.103448,0.189655,0.000000
1708008651248437302,0.437500,0.062500,0.500000,0.000000
1708008651268551269,0.254237,0.118644,0.627119,0.000000
1708008651288682828,0.163934,0.065574,0.770492,0.000000
1708008651308791520,0.111111,0.095238,0.793651,0.000000
1708008651328915528,0.176471,0.156863,0.666667,0.000000
1708008651349075184,0.519231,0.076923,0.403846,0.000000
1708008651369213118,0.241935,0.048387,0.709677,0.000000
1708008651389323112,0.233333,0.116667,0.650000,0.000000
1708008651409472295,0.193548,0.193548,0.612903,0.000000
1708008651429629950,0.279412,0.205882,0.514706,0.000000
1708008651449787928,0.596774,0.064516,0.338710,0.000000
1708008651469926386,0.278689,0.098361,0.622951,0.000000
1708008651490059484,0.281690,0.126761,0.591549,0.000000
1708008651510155719,0.080645,0.145161,0.774194,0.000000
1708008651530260475,0.121212,0.106061,0.772727,0.000000
1708008651550395972,0.225806,0.129032,0.645161,0.000000
1708008651570511833,0.123077,0.092308,0.784615,0.000000
1708008651590646972,0.256757,0.229730,0.513514,0.000000
1708008651610779157,0.655172,0.051724,0.293103,0.000000
1708008651630967799,0.245614,0.263158,0.491228,0.000000
1708008651651078658,0.470588,0.147059,0.382353,0.000000
1708008651671228210,0.523810,0.174603,0.301587,0.000000
1708008651691365498,0.338462,0.153846,0.507692,0.000000
1708008651711497288,0.636364,0.090909,0.272727,0.000000
1708008651731617878,0.275362,0.086957,0.637681,0.000000
1708008651751725019,0.142857,0.079365,0.777778,0.000000
1708008651771840672,0.096774,0.112903,0.790323,0.000000
1708008651791941004,0.114754,0.081967,0.803279,0.000000
1708008651812133195,0.464286,0.303571,0.232143,0.000000
1708008651832307032,0.614286,0.100000,0.285714,0.000000
1708008651852401374,0.272727,0.060606,0.666667,0.000000
1708008651872544844,0.323077,0.446154,0.230769,0.000000
1708008651892698032,0.507937,0.126984,0.365079,0.000000
1708008651912833443,0.177419,0.112903,0.709677,0.000000
1708008651932932473,0.111111,0.166667,0.722222,0.000000
1708008651953063308,0.224490,0.122449,0.653061,0.000000
1708008651973257439,0.611940,0.089552,0.298507,0.000000
1708008651993349001,0.192982,0.087719,0.719298,0.000000
1708008652013485466,0.093750,0.093750,0.812500,0.000000
1708008652033615185,0.093750,0.078125,0.828125,0.000000
1708008652053750358,0.105263,0.245614,0.649123,0.000000
1708008652073890488,0.343284,0.179104,0.477612,0.000000
1708008652094097697,0.569444,0.138889,0.291667,0.000000
1708008652114209300,0.171429,0.128571,0.700000,0.000000
1708008652134329633,0.275362,0.217391,0.507246,0.000000
1708008652154468407,0.630769,0.046154,0.323077,0.000000
1708008652174652408,0.238095,0.095238,0.666667,0.000000
1708008652194761570,0.150000,0.033333,0.816667,0.000000
1708008652214853599,0.076923,0.061538,0.861538,0.000000
1708008652234937838,0.105263,0.122807,0.771930,0.000000
1708008652255098940,0.562500,0.093750,0.343750,0.000000
1708008652275273034,0.258065,0.048387,0.693548,0.000000
1708008652295338894,0.072727,0.054545,0.872727,0.000000
1708008652315434832,0.048387,0.064516,0.887097,0.000000
1708008652335515643,0.031250,0.062500,0.906250,0.000000
1708008652355611860,0.101449,0.173913,0.724638,0.000000
1708008652375740359,0.734375,0.046875,0.218750,0.000000
1708008652395869876,0.066667,0.033333,0.900000,0.000000
1708008652416013991,0.063492,0.047619,0.888889,0.000000
1708008652436089810,0.046875,0.078125,0.875000,0.000000
1708008652456176743,0.046875,0.093750,0.859375,0.000000
1708008652476276597,0.046875,0.062500,0.890625,0.000000
1708008652496384774,0.062500,0.046875,0.890625,0.000000
1708008652516466520,0.093750,0.062500,0.843750,0.000000
1708008652536565154,0.031250,0.093750,0.875000,0.000000
1708008652556653634,0.031250,0.062500,0.906250,0.000000
1708008652576761900,0.237288,0.237288,0.525424,0.000000
1708008652596935983,0.803030,0.166667,0.030303,0.000000
1708008652617124362,0.623188,0.043478,0.333333,0.000000
1708008652637227990,0.238806,0.000000,0.761194,0.000000
1708008652657331252,0.015385,0.015385,0.969231,0.000000
1708008652677393057,0.000000,0.000000,1.000000,0.000000
1708008652697464769,0.000000,0.000000,1.000000,0.000000
1708008652717538135,0.015385,0.000000,0.984615,0.000000
1708008652737612952,0.000000,0.000000,1.000000,0.000000
1708008652757698129,0.015385,0.046154,0.938462,0.000000
1708008652777779457,0.015625,0.031250,0.953125,0.000000
1708008652797855851,0.000000,0.015385,0.984615,0.000000
1708008652817941556,0.000000,0.000000,1.000000,0.000000
1708008652838012565,0.000000,0.000000,1.000000,0.000000
1708008652858087071,0.000000,0.000000,1.000000,0.000000
1708008652878164287,0.000000,0.015625,0.984375,0.000000
1708008652898254729,0.031250,0.000000,0.968750,0.000000
1708008652918338337,0.030769,0.015385,0.953846,0.000000
1708008652938421124,0.031250,0.000000,0.968750,0.000000
1708008652958493995,0.000000,0.000000,1.000000,0.000000
1708008652978585206,0.107692,0.015385,0.876923,0.000000
1708008652998691598,0.016129,0.016129,0.967742,0.000000
1708008653018780845,0.015873,0.015873,0.968254,0.000000
1708008653038877643,0.084746,0.067797,0.847458,0.000000
1708008653058995589,0.061538,0.046154,0.892308,0.000000
1708008653079117115,0.062500,0.062500,0.875000,0.000000
1708008653099241362,0.153846,0.061538,0.784615,0.000000
1708008653119341777,0.095238,0.079365,0.825397,0.000000
1708008653139424467,0.080645,0.064516,0.854839,0.000000
1708008653159557821,0.126984,0.063492,0.809524,0.000000
1708008653179679256,0.215385,0.107692,0.676923,0.000000
1708008653199789123,0.142857,0.063492,0.793651,0.000000
1708008653219872206,0.140625,0.093750,0.765625,0.000000
1708008653239989225,0.171875,0.109375,0.718750,0.000000
1708008653260120570,0.200000,0.369231,0.430769,0.000000
1708008653280294505,0.677966,0.237288,0.084746,0.000000
1708008653300472028,0.301887,0.150943,0.547170,0.000000
1708008653320594711,0.412698,0.126984,0.460317,0.000000
1708008653340766399,0.578125,0.156250,0.265625,0.000000
1708008653360929007,0.300000,0.133333,0.566667,0.000000
1708008653381072464,0.269841,0.222222,0.507937,0.000000
1708008653401209648,0.542373,0.118644,0.338983,0.000000
1708008653421416345,0.468750,0.218750,0.312500,0.000000
1708008653441539802,0.492063,0.174603,0.333333,0.000000
1708008653461657828,0.360656,0.065574,0.573770,0.000000
1708008653481824281,0.318182,0.106061,0.575758,0.000000
1708008653501975168,0.333333,0.095238,0.571429,0.000000
1708008653522085572,0.149254,0.164179,0.686567,0.000000
1708008653542232413,0.446154,0.169231,0.384615,0.000000
1708008653562400252,0.517857,0.071429,0.410714,0.000000
1708008653582562204,0.172414,0.172414,0.655172,0.000000
1708008653602666916,0.137931,0.206897,0.655172,0.000000
1708008653622830861,0.372881,0.152542,0.474576,0.000000
1708008653643009967,0.548387,0.080645,0.370968,0.000000
1708008653663134576,0.283582,0.074627,0.641791,0.000000
1708008653683242604,0.079365,0.126984,0.793651,0.000000
1708008653703348489,0.131579,0.421053,0.447368,0.000000
1708008653723489921,0.327273,0.145455,0.527273,0.000000
1708008653743663433,0.542373,0.169492,0.288136,0.000000
1708008653763795063,0.129032,0.112903,0.758065,0.000000
1708008653783949084,0.338235,0.176471,0.485294,0.000000
1708008653804121481,0.492308,0.169231,0.338462,0.000000
1708008653824306421,0.428571,0.063492,0.507937,0.000000
1708008653844405841,0.290323,0.080645,0.629032,0.000000
1708008653864557559,0.177419,0.129032,0.693548,0.000000
1708008653884704795,0.129032,0.096774,0.774194,0.000000
1708008653904874631,0.166667,0.400000,0.433333,0.000000
1708008653925000656,0.563636,0.090909,0.345455,0.000000
1708008653945229111,0.627119,0.084746,0.288136,0.000000
1708008653965339109,0.596491,0.087719,0.315789,0.000000
1708008653985464297,0.275362,0.101449,0.623188,0.000000
1708008654005585532,0.163934,0.098361,0.737705,0.000000
1708008654025691981,0.188406,0.217391,0.594203,0.000000
1708008654045830906,0.222222,0.314815,0.462963,0.000000
1708008654065995450,0.688312,0.129870,0.181818,0.000000
1708008654086128262,0.656250,0.062500,0.281250,0.000000
1708008654106312098,0.277778,0.111111,0.611111,0.000000
1708008654126406931,0.250000,0.117647,0.632353,0.000000
1708008654146520965,0.112903,0.080645,0.806452,0.000000
1708008654166650824,0.206349,0.158730,0.634921,0.000000
1708008654186762071,0.125000,0.125000,0.750000,0.000000
1708008654206892028,0.272727,0.227273,0.500000,0.000000
1708008654227037663,0.661538,0.123077,0.215385,0.000000
1708008654247209015,0.166667,0.116667,0.716667,0.000000
1708008654267344794,0.157895,0.157895,0.684211,0.000000
1708008654287463510,0.203125,0.109375,0.687500,0.000000
1708008654307609374,0.112903,0.129032,0.758065,0.000000
1708008654327803594,0.161290,0.193548,0.645161,0.000000
1708008654347901469,0.288462,0.153846,0.557692,0.000000
1708008654368065740,0.639344,0.131148,0.229508,0.000000
1708008654388248107,0.500000,0.142857,0.357143,0.000000
1708008654408466430,0.500000,0.100000,0.400000,0.000000
1708008654428670717,0.308824,0.176471,0.514706,0.000000
1708008654448763792,0.264706,0.220588,0.514706,0.000000
1708008654468886978,0.245902,0.245902,0.508197,0.000000
1708008654489042203,0.611111,0.129630,0.259259,0.000000
1708008654509202746,0.290323,0.096774,0.612903,0.000000
1708008654529339699,0.215385,0.153846,0.630769,0.000000
1708008654549441340,0.229508,0.114754,0.655738,0.000000
1708008654569575660,0.222222,0.253968,0.523810,0.000000
1708008654589748733,0.575758,0.151515,0.272727,0.000000
1708008654609874709,0.428571,0.079365,0.492063,0.000000
1708008654629976255,0.637931,0.103448,0.258621,0.000000
1708008654650114596,0.140351,0.140351,0.719298,0.000000
1708008654670283107,0.154930,0.281690,0.563380,0.000000
1708008654690396143,0.476190,0.111111,0.412698,0.000000
1708008654710578845,0.232143,0.035714,0.732143,0.000000
1708008654730660697,0.181818,0.075758,0.742424,0.000000
1708008654750767643,0.093750,0.062500,0.843750,0.000000
1708008654770851772,0.158730,0.126984,0.714286,0.000000
1708008654790968899,0.151515,0.075758,0.772727,0.000000
1708008654811065706,0.125000,0.078125,0.796875,0.000000
1708008654831184152,0.161290,0.096774,0.741935,0.000000
1708008654851291502,0.187500,0.140625,0.671875,0.000000
1708008654871400672,0.107692,0.169231,0.723077,0.000000
1708008654891516526,0.161765,0.308824,0.529412,0.000000
1708008654911668122,0.388060,0.253731,0.358209,0.000000
1708008654931831322,0.547170,0.132075,0.320755,0.000000
1708008654951960316,0.280702,0.210526,0.508772,0.000000
1708008654972119259,0.600000,0.145455,0.254545,0.000000
1708008654992262326,0.621212,0.121212,0.257576,0.000000
1708008655012438655,0.233333,0.133333,0.633333,0.000000
1708008655032517196,0.169231,0.092308,0.738462,0.000000
1708008655052620396,0.109375,0.093750,0.796875,0.000000
1708008655072711622,0.109375,0.093750,0.796875,0.000000
1708008655092804160,0.126984,0.063492,0.809524,0.000000
1708008655112901741,0.114286,0.285714,0.600000,0.000000
1708008655133045245,0.484848,0.151515,0.363636,0.000000
1708008655153226076,0.369231,0.076923,0.553846,0.000000
1708008655173317526,0.333333,0.076923,0.589744,0.000000
1708008655193447258,0.213115,0.409836,0.377049,0.000000
1708008655213600925,0.578125,0.156250,0.265625,0.000000
1708008655233747256,0.421053,0.140351,0.438596,0.000000
1708008655253892583,0.303030,0.030303,0.666667,0.000000
1708008655273946862,0.183099,0.014085,0.802817,0.000000
1708008655294061836,0.015873,0.015873,0.968254,0.000000
1708008655314137601,0.000000,0.015625,0.984375,0.000000
1708008655334208799,0.015625,0.000000,0.984375,0.000000
1708008655354284694,0.000000,0.000000,1.000000,0.000000
1708008655374360480,0.015625,0.000000,0.984375,0.000000
1708008655394443727,0.000000,0.031250,0.968750,0.000000
1708008655414521856,0.000000,0.015625,0.984375,0.000000
1708008655434596667,0.015873,0.015873,0.968254,0.000000
1708008655454683135,0.000000,0.015625,0.984375,0.000000
1708008655474757595,0.000000,0.000000,1.000000,0.000000
1708008655494833946,0.000000,0.000000,1.000000,0.000000
1708008655514908295,0.000000,0.000000,1.000000,0.000000
1708008655534980143,0.000000,0.000000,1.000000,0.000000
1708008655555053153,0.000000,0.000000,1.000000,0.000000
1708008655575131417,0.000000,0.015625,0.984375,0.000000
1708008655595221268,0.030769,0.015385,0.953846,0.000000
1708008655615308428,0.031250,0.000000,0.968750,0.000000
1708008655635397246,0.031250,0.000000,0.968750,0.000000
1708008655655494179,0.000000,0.015625,0.984375,0.000000
1708008655675590815,0.000000,0.015873,0.984127,0.000000
1708008655695690463,0.062500,0.000000,0.937500,0.000000
1708008655715764737,0.062500,0.015625,0.921875,0.000000
1708008655735861847,0.061538,0.046154,0.892308,0.000000
1708008655755983315,0.048387,0.064516,0.887097,0.000000
1708008655776093892,0.032787,0.032787,0.934426,0.000000
1708008655796232085,0.048387,0.048387,0.903226,0.000000
1708008655816322144,0.096774,0.048387,0.854839,0.000000
1708008655836425298,0.031250,0.062500,0.906250,0.000000
1708008655856510520,0.048387,0.064516,0.887097,0.000000
1708008655876605791,0.171875,0.078125,0.750000,0.000000
1708008655896729909,0.078125,0.109375,0.812500,0.000000
1708008655916816622,0.092308,0.107692,0.800000,0.000000
1708008655936936080,0.142857,0.095238,0.761905,0.000000
1708008655957076662,0.278689,0.081967,0.639344,0.000000
1708008655977201658,0.140625,0.093750,0.765625,0.000000
1708008655997350245,0.215385,0.153846,0.630769,0.000000
1708008656017527548,0.206897,0.241379,0.551724,0.000000
1708008656038889792,0.208955,0.417910,0.373134,0.000000
1708008656058682918,0.333333,0.300000,0.366667,0.000000
1708008656078829357,0.435484,0.177419,0.387097,0.000000
1708008656099004404,0.587302,0.174603,0.238095,0.000000
1708008656119174824,0.622951,0.147541,0.229508,0.000000
1708008656139406546,0.516129,0.096774,0.387097,0.000000
1708008656159543438,0.450000,0.150000,0.400000,0.000000
1708008656179723168,0.415385,0.169231,0.415385,0.000000
1708008656199877125,0.451613,0.193548,0.354839,0.000000
1708008656220032925,0.474576,0.169492,0.355932,0.000000
1708008656240152265,0.500000,0.109375,0.390625,0.000000
1708008656260329490,0.616667,0.116667,0.266667,0.000000
1708008656280501957,0.301587,0.111111,0.587302,0.000000
1708008656300666170,0.206349,0.126984,0.666667,0.000000
1708008656320816425,0.125000,0.078125,0.796875,0.000000
1708008656340955703,0.174603,0.333333,0.492063,0.000000
1708008656361114991,0.452830,0.188679,0.358491,0.000000
1708008656381236732,0.634921,0.126984,0.238095,0.000000
1708008656401404947,0.584615,0.169231,0.246154,0.000000
1708008656421581351,0.228070,0.052632,0.719298,0.000000
1708008656441696531,0.287879,0.106061,0.606061,0.000000
1708008656461833680,0.107692,0.092308,0.800000,0.000000
1708008656481983478,0.476190,0.412698,0.111111,0.000000
1708008656502146828,0.452830,0.113208,0.433962,0.000000
1708008656522268840,0.257576,0.166667,0.575758,0.000000
1708008656542403369,0.132353,0.367647,0.500000,0.000000
1708008656562545731,0.576271,0.203390,0.220339,0.000000
1708008656582716543,0.406250,0.062500,0.531250,0.000000
1708008656602824660,0.186441,0.067797,0.745763,0.000000
1708008656622941409,0.171875,0.125000,0.703125,0.000000
1708008656643067516,0.112903,0.129032,0.758065,0.000000
1708008656663193684,0.283333,0.133333,0.583333,0.000000
1708008656683332508,0.600000,0.100000,0.300000,0.000000
1708008656703528500,0.316667,0.166667,0.516667,0.000000
1708008656723669968,0.681818,0.060606,0.257576,0.000000
1708008656743797524,0.264706,0.088235,0.647059,0.000000
1708008656763932706,0.111111,0.095238,0.793651,0.000000
1708008656784046718,0.378788,0.363636,0.257576,0.000000
1708008656804236937,0.564516,0.080645,0.354839,0.000000
1708008656824369684,0.239437,0.056338,0.704225,0.000000
1708008656844476006,0.166667,0.045455,0.787879,0.000000
1708008656864572203,0.063492,0.047619,0.888889,0.000000
1708008656884665658,0.145161,0.064516,0.790323,0.000000
1708008656904793960,0.237288,0.135593,0.627119,0.000000
1708008656924961225,0.586207,0.206897,0.206897,0.000000
1708008656945142121,0.135593,0.118644,0.745763,0.000000
1708008656965227910,0.261538,0.169231,0.569231,0.000000
1708008656985359309,0.109375,0.078125,0.812500,0.000000
1708008657005494473,0.096774,0.064516,0.838710,0.000000
1708008657025621366,0.253731,0.268657,0.477612,0.000000
1708008657045760986,0.382353,0.176471,0.441176,0.000000
1708008657065900300,0.440678,0.186441,0.372881,0.000000
1708008657086054481,0.238095,0.142857,0.619048,0.000000
1708008657106162258,0.065574,0.147541,0.786885,0.000000
1708008657126266368,0.125000,0.046875,0.828125,0.000000
1708008657146368953,0.187500,0.109375,0.703125,0.000000
1708008657166514646,0.158730,0.126984,0.714286,0.000000
1708008657186632200,0.174603,0.079365,0.746032,0.000000
1708008657206779811,0.224138,0.189655,0.586207,0.000000
1708008657226901017,0.434783,0.202899,0.362319,0.000000
1708008657247082694,0.590164,0.147541,0.262295,0.000000
1708008657267219607,0.491803,0.098361,0.409836,0.000000
1708008657287393239,0.392857,0.107143,0.500000,0.000000
1708008657307542768,0.261538,0.123077,0.615385,0.000000
1708008657327654511,0.115942,0.550725,0.333333,0.000000
1708008657347912489,0.342105,0.342105,0.315789,0.000000
1708008657368299440,0.592593,0.055556,0.351852,0.000000
1708008657388390855,0.603774,0.056604,0.339623,0.000000
1708008657408541104,0.308824,0.073529,0.617647,0.000000
1708008657428640926,0.276923,0.123077,0.600000,0.000000
1708008657448754934,0.078125,0.125000,0.796875,0.000000
1708008657468854653,0.095238,0.031746,0.873016,0.000000
1708008657488972466,0.225806,0.209677,0.564516,0.000000
1708008657509131679,0.305085,0.220339,0.474576,0.000000
1708008657529312560,0.491803,0.163934,0.344262,0.000000
1708008657549448492,0.138462,0.123077,0.738462,0.000000
1708008657569552453,0.308824,0.102941,0.588235,0.000000
1708008657589677368,0.063492,0.126984,0.809524,0.000000
1708008657609779670,0.174603,0.063492,0.761905,0.000000
1708008657629907855,0.140625,0.109375,0.750000,0.000000
1708008657650044099,0.293103,0.120690,0.586207,0.000000
1708008657670163512,0.590164,0.131148,0.278689,0.000000
1708008657690265474,0.306452,0.209677,0.483871,0.000000
1708008657710429195,0.551020,0.061224,0.387755,0.000000
1708008657730548272,0.285714,0.125000,0.589286,0.000000
1708008657750670357,0.294118,0.147059,0.558824,0.000000
1708008657770800575,0.397059,0.147059,0.455882,0.000000
1708008657790990905,0.418182,0.072727,0.509091,0.000000
1708008657811087805,0.116667,0.083333,0.800000,0.000000
1708008657831203656,0.095238,0.063492,0.841270,0.000000
1708008657851305876,0.129032,0.193548,0.677419,0.000000
1708008657871458922,0.706667,0.093333,0.200000,0.000000
1708008657891594132,0.180328,0.098361,0.721311,0.000000
1708008657911686027,0.100000,0.083333,0.816667,0.000000
1708008657931796879,0.073529,0.191176,0.735294,0.000000
1708008657951928900,0.352941,0.058824,0.588235,0.000000
1708008657972104041,0.322581,0.032258,0.645161,0.000000
1708008657992199843,0.202899,0.115942,0.681159,0.000000
1708008658012339149,0.536232,0.188406,0.275362,0.000000
1708008658032537853,0.242424,0.000000,0.757576,0.000000
1708008658052607003,0.079365,0.015873,0.904762,0.000000
1708008658072699298,0.000000,0.000000,1.000000,0.000000
1708008658092764058,0.015385,0.000000,0.984615,0.000000
1708008658112838871,0.015873,0.000000,0.984127,0.000000
1708008658132925106,0.000000,0.031250,0.968750,0.000000
1708008658153002841,0.015625,0.015625,0.968750,0.000000
1708008658173087667,0.015873,0.031746,0.952381,0.000000
1708008658193176592,0.000000,0.031250,0.968750,0.000000
1708008658213250368,0.000000,0.000000,1.000000,0.000000
1708008658233323158,0.000000,0.015385,0.984615,0.000000
1708008658253396375,0.000000,0.000000,1.000000,0.000000
1708008658273468653,0.000000,0.000000,1.000000,0.000000
1708008658293541716,0.000000,0.000000,1.000000,0.000000
1708008658313619821,0.000000,0.000000,1.000000,0.000000
1708008658333690755,0.000000,0.015152,0.984848,0.000000
1708008658353768982,0.000000,0.000000,1.000000,0.000000
1708008658373839913,0.000000,0.000000,1.000000,0.000000
1708008658393917089,0.000000,0.000000,1.000000,0.000000
1708008658414010018,0.015625,0.000000,0.984375,0.000000
1708008658434098666,0.031250,0.000000,0.968750,0.000000
1708008658454183755,0.015873,0.000000,0.984127,0.000000
1708008658474266762,0.030769,0.000000,0.969231,0.000000
1708008658494342831,0.015625,0.015625,0.968750,0.000000
1708008658514430093,0.031746,0.015873,0.952381,0.000000
1708008658534506245,0.015385,0.000000,0.984615,0.000000
1708008658554593522,0.123077,0.046154,0.830769,0.000000
1708008658574674057,0.000000,0.000000,1.000000,0.000000
1708008658594771899,0.177419,0.048387,0.774194,0.000000
1708008658614892029,0.016949,0.033898,0.949153,0.000000
1708008658634985311,0.078125,0.093750,0.828125,0.000000
1708008658655141581,0.114754,0.098361,0.786885,0.000000
1708008658675261773,0.078125,0.109375,0.812500,0.000000
1708008658695394539,0.140625,0.078125,0.781250,0.000000
1708008658715499924,0.171875,0.093750,0.734375,0.000000
1708008658735592623,0.111111,0.142857,0.746032,0.000000
1708008658755703053,0.193548,0.112903,0.693548,0.000000
1708008658775839321,0.242424,0.121212,0.636364,0.000000
1708008658795999077,0.169231,0.153846,0.676923,0.000000
1708008658816167586,0.206349,0.126984,0.666667,0.000000
1708008658836337143,0.285714,0.190476,0.523810,0.000000
1708008658856463727,0.229508,0.442623,0.327869,0.000000
1708008658876632299,0.714286,0.206349,0.079365,0.000000
1708008658896766139,0.419355,0.161290,0.419355,0.000000
1708008658916898781,0.316667,0.300000,0.383333,0.000000
1708008658937056072,0.438596,0.263158,0.298246,0.000000
1708008658957220446,0.385965,0.175439,0.438596,0.000000
1708008658977402699,0.606557,0.147541,0.245902,0.000000
1708008658997578765,0.650000,0.133333,0.216667,0.000000
1708008659017824624,0.468750,0.203125,0.328125,0.000000
1708008659037994497,0.602740,0.164384,0.232877,0.000000
1708008659058116232,0.455882,0.191176,0.352941,0.000000
1708008659078708346,0.507692,0.169231,0.323077,0.000000
1708008659098728674,0.362069,0.258621,0.379310,0.000000
1708008659118861408,0.634921,0.063492,0.301587,0.000000
1708008659138996589,0.327586,0.137931,0.534483,0.000000
1708008659159120732,0.525926,0.148148,0.325926,0.000000
1708008659213580163,0.267857,0.125000,0.607143,0.000000
1708008659222266131,0.192982,0.192982,0.614035,0.000000
1708008659242424646,0.123077,0.107692,0.769231,0.000000
1708008659262526771,0.261538,0.292308,0.446154,0.000000
1708008659282673733,0.409091,0.166667,0.424242,0.000000
1708008659302791080,0.482759,0.103448,0.413793,0.000000
1708008659322929469,0.553846,0.323077,0.123077,0.000000
1708008659343117560,0.569231,0.246154,0.184615,0.000000
1708008659363217521,0.196721,0.163934,0.639344,0.000000
1708008659383328139,0.294118,0.132353,0.573529,0.000000
1708008659403445752,0.223881,0.104478,0.671642,0.000000
1708008659423550846,0.188406,0.159420,0.652174,0.000000
1708008659443695147,0.333333,0.122807,0.543860,0.000000
1708008659463878527,0.576923,0.076923,0.346154,0.000000
1708008659484033881,0.319444,0.486111,0.194444,0.000000
1708008659508805257,0.583333,0.180556,0.236111,0.000000
1708008659527436938,0.435484,0.129032,0.435484,0.000000
1708008659547598524,0.538462,0.092308,0.369231,0.000000
1708008659567715246,0.116667,0.066667,0.816667,0.000000
1708008659587830067,0.303571,0.214286,0.482143,0.000000
1708008659608070788,0.539683,0.142857,0.317460,0.000000
1708008659628207146,0.153846,0.107692,0.738462,0.000000
1708008659648329217,0.122807,0.087719,0.789474,0.000000
1708008659668445026,0.093750,0.156250,0.750000,0.000000
1708008659688562767,0.095238,0.095238,0.809524,0.000000
1708008659708672830,0.106061,0.227273,0.666667,0.000000
1708008659728822435,0.281250,0.171875,0.546875,0.000000
1708008659748958102,0.583333,0.083333,0.333333,0.000000
1708008659769091731,0.253968,0.095238,0.650794,0.000000
1708008659789213108,0.064516,0.193548,0.741935,0.000000
1708008659809332741,0.393939,0.075758,0.530303,0.000000
1708008659829482896,0.596774,0.096774,0.306452,0.000000
1708008659849596574,0.118644,0.084746,0.796610,0.000000
1708008659869721359,0.125000,0.062500,0.812500,0.000000
1708008659889835392,0.123077,0.076923,0.800000,0.000000
1708008659909977443,0.217391,0.391304,0.391304,0.000000
1708008659930100301,0.639344,0.131148,0.229508,0.000000
1708008659950225784,0.135593,0.084746,0.779661,0.000000
1708008659970349826,0.129032,0.112903,0.758065,0.000000
1708008659990461803,0.111111,0.063492,0.825397,0.000000
1708008660010565670,0.132353,0.176471,0.691176,0.000000
1708008660030687224,0.109375,0.093750,0.796875,0.000000
1708008660050814335,0.262295,0.163934,0.573770,0.000000
1708008660070962851,0.557692,0.096154,0.346154,0.000000
1708008660091123842,0.328947,0.157895,0.513158,0.000000
1708008660111257810,0.509434,0.094340,0.396226,0.000000
1708008660131455227,0.258621,0.086207,0.655172,0.000000
1708008660151542463,0.118644,0.050847,0.830508,0.000000
1708008660171649301,0.111111,0.047619,0.841270,0.000000
1708008660191760708,0.184615,0.184615,0.630769,0.000000
1708008660211906600,0.402778,0.180556,0.416667,0.000000
1708008660232050452,0.492308,0.107692,0.400000,0.000000
1708008660252172798,0.116667,0.050000,0.833333,0.000000
1708008660272303474,0.145161,0.096774,0.758065,0.000000
1708008660292422779,0.126984,0.063492,0.809524,0.000000
1708008660312563472,0.093750,0.062500,0.843750,0.000000
1708008660332670875,0.101449,0.202899,0.695652,0.000000
1708008660352804810,0.532258,0.112903,0.354839,0.000000
1708008660373047356,0.428571,0.095238,0.476190,0.000000
1708008660393141924,0.253731,0.089552,0.656716,0.000000
1708008660413240999,0.109375,0.109375,0.781250,0.000000
1708008660433345984,0.112903,0.064516,0.822581,0.000000
1708008660453521974,0.118644,0.203390,0.677966,0.000000
1708008660473656415,0.424242,0.166667,0.409091,0.000000
1708008660493828419,0.492537,0.059701,0.447761,0.000000
1708008660513931841,0.271429,0.085714,0.642857,0.000000
1708008660534082750,0.114754,0.081967,0.803279,0.000000
1708008660554199494,0.271429,0.385714,0.342857,0.000000
1708008660574319877,0.631579,0.140351,0.228070,0.000000
1708008660594461302,0.096774,0.048387,0.854839,0.000000
1708008660614561613,0.087719,0.192982,0.719298,0.000000
1708008660634711121,0.652778,0.097222,0.250000,0.000000
1708008660654857172,0.098361,0.049180,0.852459,0.000000
1708008660674936207,0.068966,0.051724,0.879310,0.000000
1708008660695051489,0.101449,0.202899,0.695652,0.000000
1708008660715204319,0.474576,0.101695,0.423729,0.000000
1708008660735359356,0.253968,0.063492,0.682540,0.000000
1708008660755451395,0.065574,0.032787,0.901639,0.000000
1708008660775548537,0.046875,0.015625,0.937500,0.000000
1708008660795618047,0.031746,0.015873,0.952381,0.000000
1708008660815705078,0.046154,0.015385,0.938462,0.000000
1708008660835789639,0.015873,0.015873,0.968254,0.000000
1708008660855880612,0.089552,0.238806,0.671642,0.000000
1708008660876030024,0.698413,0.031746,0.269841,0.000000
1708008660896136713,0.191781,0.027397,0.780822,0.000000
1708008660916248935,0.015625,0.000000,0.984375,0.000000
1708008660936310766,0.015625,0.000000,0.984375,0.000000
1708008660956393850,0.000000,0.031746,0.968254,0.000000
1708008660976476248,0.000000,0.000000,1.000000,0.000000
1708008660996547622,0.000000,0.000000,1.000000,0.000000
1708008661016621142,0.000000,0.000000,1.000000,0.000000
1708008661036697106,0.015873,0.015873,0.968254,0.000000
1708008661056784753,0.000000,0.015625,0.984375,0.000000
1708008661076861339,0.000000,0.000000,1.000000,0.000000
1708008661096933734,0.000000,0.015385,0.984615,0.000000
1708008661117007366,0.000000,0.000000,1.000000,0.000000
1708008661137081116,0.000000,0.000000,1.000000,0.000000
1708008661157153815,0.000000,0.000000,1.000000,0.000000
1708008661177226721,0.000000,0.000000,1.000000,0.000000
1708008661197299547,0.000000,0.000000,1.000000,0.000000
1708008661217371590,0.000000,0.000000,1.000000,0.000000
1708008661237451225,0.015625,0.015625,0.968750,0.000000
1708008661257540470,0.015625,0.015625,0.968750,0.000000
1708008661277623319,0.031250,0.000000,0.968750,0.000000
1708008661297707151,0.015385,0.015385,0.969231,0.000000
1708008661317788349,0.015873,0.000000,0.984127,0.000000
1708008661337867107,0.000000,0.000000,1.000000,0.000000
1708008661357936218,0.046154,0.030769,0.923077,0.000000
1708008661378034734,0.015873,0.031746,0.952381,0.000000
1708008661398130507,0.031250,0.031250,0.937500,0.000000
1708008661418229384,0.050000,0.033333,0.916667,0.000000
1708008661438323248,0.000000,0.093750,0.906250,0.000000
1708008661458418224,0.179104,0.044776,0.776119,0.000000
1708008661478536793,0.114754,0.032787,0.852459,0.000000
1708008661498633920,0.079365,0.063492,0.857143,0.000000
1708008661518721281,0.140625,0.109375,0.750000,0.000000
1708008661538873234,0.145161,0.064516,0.790323,0.000000
1708008661559003262,0.109375,0.156250,0.734375,0.000000
1708008661579122629,0.112903,0.064516,0.822581,0.000000
1708008661599258784,0.223881,0.298507,0.477612,0.000000
1708008661619450568,0.368421,0.122807,0.508772,0.000000
1708008661639598630,0.300000,0.057143,0.642857,0.000000
1708008661659729442,0.140625,0.109375,0.750000,0.000000
1708008661679856952,0.163934,0.245902,0.590164,0.016393
1708008661700019198,0.426230,0.278689,0.295082,0.016393
1708008661720201975,0.542373,0.101695,0.355932,0.000000
1708008661740323158,0.268657,0.268657,0.462687,0.014925
1708008661760465802,0.535714,0.107143,0.357143,0.017857
1708008661781684177,0.343750,0.109375,0.546875,0.015625
1708008661801473814,0.275862,0.086207,0.637931,0.017241
1708008661821635722,0.327273,0.145455,0.527273,0.000000
1708008661841802589,0.555556,0.285714,0.158730,0.015873
1708008661861934281,0.523810,0.126984,0.349206,0.015873
1708008661882134759,0.370370,0.129630,0.500000,0.018519
1708008661902257993,0.160714,0.089286,0.750000,0.035714
1708008661922406470,0.126984,0.095238,0.777778,0.000000
1708008661942543145,0.112903,0.129032,0.758065,0.000000
1708008661962684301,0.174603,0.079365,0.746032,0.000000
1708008661982811634,0.080645,0.048387,0.870968,0.000000
1708008662002936049,0.385714,0.371429,0.242857,0.000000
1708008662023122702,0.650000,0.100000,0.250000,0.000000
1708008662043251145,0.159420,0.304348,0.536232,0.000000
1708008662063391648,0.388889,0.166667,0.444444,0.000000
1708008662083602254,0.508475,0.067797,0.423729,0.000000
1708008662103732115,0.190476,0.095238,0.714286,0.000000
1708008662123839253,0.264706,0.117647,0.617647,0.000000
1708008662143969800,0.100000,0.233333,0.666667,0.000000
1708008662164119178,0.380952,0.190476,0.428571,0.000000
1708008662184311788,0.538462,0.092308,0.369231,0.000000
1708008662204435086,0.169492,0.050847,0.779661,0.000000
1708008662224548417,0.231884,0.072464,0.695652,0.000000
1708008662244658177,0.158730,0.079365,0.761905,0.000000
1708008662264793604,0.080645,0.112903,0.806452,0.000000
1708008662284945765,0.307692,0.261538,0.430769,0.000000
1708008662305063939,0.636364,0.075758,0.287879,0.000000
1708008662325272950,0.333333,0.136364,0.530303,0.000000
1708008662345378998,0.283582,0.104478,0.611940,0.000000
1708008662365499198,0.225806,0.241935,0.532258,0.000000
1708008662385638787,0.482759,0.172414,0.344828,0.000000
1708008662405826542,0.313433,0.179104,0.507463,0.000000
1708008662425990824,0.416667,0.222222,0.361111,0.000000
1708008662446136875,0.475410,0.065574,0.459016,0.000000
1708008662466250801,0.297297,0.175676,0.527027,0.000000
1708008662488748262,0.426230,0.114754,0.459016,0.000000
1708008662508140675,0.406250,0.109375,0.484375,0.000000
1708008662528268631,0.163934,0.114754,0.721311,0.000000
1708008662548389537,0.238806,0.074627,0.686567,0.000000
1708008662568512133,0.114754,0.081967,0.803279,0.000000
1708008662588634441,0.147059,0.191176,0.661765,0.000000
1708008662608736589,0.171875,0.093750,0.734375,0.000000
1708008662628864481,0.126984,0.079365,0.793651,0.000000
1708008662648983120,0.140351,0.333333,0.526316,0.000000
1708008662669129327,0.434783,0.347826,0.217391,0.000000
1708008662689263940,0.567164,0.089552,0.343284,0.000000
1708008662709464885,0.533333,0.083333,0.383333,0.000000
1708008662729593777,0.534483,0.137931,0.327586,0.000000
1708008662749762349,0.379310,0.137931,0.482759,0.000000
1708008662769890394,0.409836,0.098361,0.491803,0.000000
1708008662789954115,0.186441,0.067797,0.745763,0.000000
1708008662810095501,0.078125,0.062500,0.859375,0.000000
1708008662830210408,0.125000,0.444444,0.430556,0.000000
1708008662850362800,0.812500,0.062500,0.125000,0.000000
1708008662870535195,0.172414,0.034483,0.793103,0.000000
1708008662890618243,0.189655,0.086207,0.724138,0.000000
1708008662910739420,0.063492,0.111111,0.825397,0.000000
1708008662930845168,0.098361,0.049180,0.852459,0.000000
1708008662950996668,0.095238,0.047619,0.857143,0.000000
1708008662971105809,0.224138,0.120690,0.655172,0.000000
1708008662991246326,0.507463,0.194030,0.298507,0.000000
1708008663011419297,0.174603,0.111111,0.714286,0.000000
1708008663031568026,0.208955,0.104478,0.686567,0.000000
1708008663051700826,0.096774,0.064516,0.838710,0.000000
1708008663072367700,0.106061,0.181818,0.712121,0.000000
1708008663092310671,0.240741,0.129630,0.629630,0.000000
1708008663112453998,0.650000,0.066667,0.283333,0.000000
1708008663132559901,0.177419,0.112903,0.709677,0.000000
1708008663152701815,0.275362,0.130435,0.594203,0.000000
1708008663172864779,0.126984,0.095238,0.777778,0.000000
1708008663192993219,0.200000,0.092308,0.707692,0.000000
1708008663213128074,0.142857,0.079365,0.777778,0.000000
1708008663233250285,0.234375,0.234375,0.531250,0.000000
1708008663253424665,0.650794,0.079365,0.269841,0.000000
1708008663273592383,0.278689,0.098361,0.622951,0.000000
1708008663293689893,0.347222,0.194444,0.458333,0.000000
1708008663313844046,0.806452,0.080645,0.112903,0.000000
1708008663333980176,0.472222,0.166667,0.361111,0.000000
1708008663354115306,0.615385,0.057692,0.326923,0.000000
1708008663374251619,0.315068,0.041096,0.643836,0.000000
1708008663394352097,0.050000,0.466667,0.483333,0.000000
1708008663414498846,0.728571,0.071429,0.200000,0.000000
1708008663434670505,0.112903,0.096774,0.790323,0.000000
1708008663454746948,0.262500,0.100000,0.637500,0.000000
1708008663474850875,0.076923,0.107692,0.815385,0.000000
1708008663494951430,0.044118,0.132353,0.823529,0.000000
1708008663515042567,0.046875,0.062500,0.890625,0.000000
1708008663535136002,0.046875,0.046875,0.906250,0.000000
1708008663555227772,0.060606,0.166667,0.772727,0.000000
1708008663575358554,0.507937,0.095238,0.396825,0.000000
1708008663595510561,0.338235,0.073529,0.588235,0.000000
1708008663615616732,0.118644,0.067797,0.813559,0.000000
1708008663635714821,0.079365,0.031746,0.888889,0.000000
1708008663655798125,0.062500,0.046875,0.890625,0.000000
1708008663675906510,0.092308,0.046154,0.861538,0.000000
1708008663696020927,0.046875,0.046875,0.906250,0.000000
1708008663716118225,0.169231,0.215385,0.615385,0.000000
1708008663736299688,0.714286,0.017857,0.267857,0.000000
1708008663756431954,0.063492,0.047619,0.888889,0.000000
1708008663776519378,0.308642,0.172840,0.518519,0.000000
1708008663796647595,0.655738,0.032787,0.311475,0.000000
1708008663816774057,0.033333,0.000000,0.966667,0.000000
1708008663836885690,0.000000,0.015873,0.984127,0.000000
1708008663856951836,0.000000,0.000000,1.000000,0.000000
1708008663877025113,0.015873,0.000000,0.984127,0.000000
1708008663897108294,0.015385,0.030769,0.953846,0.000000
1708008663917185312,0.000000,0.000000,1.000000,0.000000
1708008663937260706,0.015625,0.015625,0.968750,0.000000
1708008663957343563,0.000000,0.015625,0.984375,0.000000
1708008663977417877,0.000000,0.000000,1.000000,0.000000
1708008663997492703,0.000000,0.000000,1.000000,0.000000
1708008664017566874,0.000000,0.000000,1.000000,0.000000
1708008664037640386,0.000000,0.000000,1.000000,0.000000
1708008664057712744,0.000000,0.000000,1.000000,0.000000
1708008664077785392,0.000000,0.000000,1.000000,0.000000
1708008664097858029,0.000000,0.000000,1.000000,0.000000
1708008664117934192,0.000000,0.000000,1.000000,0.000000
1708008664138005808,0.000000,0.000000,1.000000,0.000000
1708008664158079226,0.000000,0.000000,1.000000,0.000000
1708008664178151363,0.000000,0.000000,1.000000,0.000000
1708008664198223434,0.000000,0.000000,1.000000,0.000000
1708008664218296296,0.000000,0.000000,1.000000,0.000000
1708008664238368200,0.000000,0.000000,1.000000,0.000000
1708008664258440836,0.000000,0.000000,1.000000,0.000000
