Time,User,Kernel,Idle,IoWait
1708694325127297896,0.031746,0.000000,0.968254,0.000000
1708694325147398111,0.074627,0.044776,0.880597,0.000000
1708694325167494715,0.354839,0.112903,0.532258,0.000000
1708694325187611760,0.031746,0.000000,0.968254,0.000000
1708694325207690684,0.000000,0.000000,1.000000,0.000000
1708694325227781489,0.000000,0.000000,1.000000,0.000000
1708694325247857640,0.015873,0.000000,0.984127,0.000000
1708694325267958382,0.147541,0.065574,0.786885,0.000000
1708694325288046115,0.359375,0.093750,0.546875,0.000000
1708694325308080842,0.098361,0.000000,0.901639,0.000000
1708694325328207141,0.092308,0.015385,0.892308,0.000000
1708694325348306532,0.032258,0.016129,0.951613,0.000000
1708694325368412673,0.066667,0.066667,0.866667,0.000000
1708694325388507306,0.032787,0.049180,0.918033,0.000000
1708694325408591916,0.047619,0.063492,0.888889,0.000000
1708694325428724829,0.033898,0.033898,0.932203,0.000000
1708694325448850620,0.049180,0.081967,0.868852,0.000000
1708694325468966151,0.067797,0.016949,0.915254,0.000000
1708694325489076933,0.064516,0.080645,0.854839,0.000000
1708694325509202721,0.035088,0.035088,0.929825,0.000000
1708694325529308275,0.051724,0.051724,0.896552,0.000000
1708694325549424590,0.050000,0.050000,0.900000,0.000000
1708694325569537406,0.064516,0.096774,0.838710,0.000000
1708694325589655197,0.066667,0.066667,0.866667,0.000000
1708694325609781447,0.035088,0.035088,0.929825,0.000000
1708694325629882542,0.035714,0.053571,0.910714,0.000000
1708694325650096392,0.033898,0.084746,0.881356,0.000000
1708694325670101388,0.065574,0.065574,0.868852,0.000000
1708694325690273135,0.050847,0.084746,0.864407,0.000000
1708694325710383319,0.081967,0.065574,0.852459,0.000000
1708694325730514371,0.033333,0.116667,0.850000,0.000000
1708694325750623164,0.016393,0.131148,0.852459,0.000000
1708694325770746731,0.050000,0.116667,0.833333,0.000000
1708694325790863990,0.048387,0.096774,0.854839,0.000000
1708694325810993672,0.080645,0.112903,0.806452,0.000000
1708694325831116062,0.064516,0.145161,0.790323,0.000000
1708694325851270538,0.129032,0.209677,0.661290,0.000000
1708694325871375896,0.145161,0.161290,0.693548,0.000000
1708694325891474891,0.222222,0.126984,0.650794,0.000000
1708694325911594092,0.234375,0.234375,0.531250,0.000000
1708694325931734809,0.333333,0.142857,0.523810,0.000000
1708694325951893748,0.281250,0.203125,0.515625,0.000000
1708694325972064248,0.353846,0.169231,0.476923,0.000000
1708694325992200407,0.354839,0.258065,0.387097,0.000000
1708694326012358418,0.709677,0.177419,0.112903,0.000000
1708694326032539408,0.621212,0.136364,0.242424,0.000000
1708694326052708307,0.580645,0.258065,0.161290,0.000000
1708694326073545588,0.540984,0.213115,0.245902,0.000000
1708694326093481532,0.630769,0.261538,0.107692,0.000000
1708694326113651193,0.634921,0.142857,0.222222,0.000000
1708694326133798069,0.555556,0.174603,0.269841,0.000000
1708694326158754179,0.647059,0.176471,0.176471,0.000000
1708694326177311768,0.642857,0.071429,0.285714,0.000000
1708694326197477290,0.590164,0.131148,0.278689,0.000000
1708694326217619026,0.597015,0.134328,0.268657,0.000000
1708694326237792237,0.653846,0.038462,0.307692,0.000000
1708694326257943346,0.538462,0.169231,0.292308,0.000000
1708694326278081141,0.464286,0.035714,0.500000,0.000000
1708694326298205187,0.200000,0.014286,0.785714,0.000000
1708694326318305295,0.031746,0.031746,0.936508,0.000000
1708694326338386382,0.000000,0.000000,1.000000,0.000000
1708694326358466686,0.032787,0.032787,0.934426,0.000000
1708694326378573597,0.000000,0.000000,1.000000,0.000000
1708694326398644215,0.000000,0.000000,1.000000,0.000000
1708694326418724651,0.000000,0.000000,1.000000,0.000000
1708694326438816533,0.015625,0.000000,0.984375,0.000000
1708694326458890209,0.000000,0.000000,1.000000,0.000000
1708694326478964501,0.000000,0.000000,1.000000,0.000000
1708694326499038318,0.000000,0.000000,1.000000,0.000000
1708694326519113677,0.000000,0.000000,1.000000,0.000000
1708694326539190884,0.000000,0.015625,0.984375,0.000000
1708694326559265665,0.000000,0.000000,1.000000,0.000000
1708694326579339581,0.000000,0.000000,1.000000,0.000000
1708694326599417476,0.000000,0.000000,1.000000,0.000000
1708694326619491561,0.000000,0.000000,1.000000,0.000000
1708694326639567938,0.000000,0.000000,1.000000,0.000000
1708694326659640404,0.000000,0.000000,1.000000,0.000000
1708694326679715042,0.000000,0.000000,1.000000,0.000000
1708694326699794015,0.000000,0.000000,1.000000,0.000000
1708694326719866594,0.000000,0.000000,1.000000,0.000000
1708694326739945851,0.015625,0.015625,0.968750,0.000000
1708694326760025100,0.030303,0.030303,0.939394,0.000000
1708694326780114633,0.047619,0.000000,0.952381,0.000000
1708694326800198772,0.046875,0.015625,0.937500,0.000000
1708694326820285872,0.030769,0.030769,0.938462,0.000000
1708694326840378221,0.015873,0.031746,0.952381,0.000000
1708694326860470589,0.031250,0.015625,0.953125,0.000000
1708694326880552758,0.046154,0.030769,0.923077,0.000000
1708694326900666892,0.000000,0.153846,0.846154,0.000000
1708694326920831843,0.409091,0.227273,0.363636,0.000000
1708694326941035186,0.313433,0.000000,0.686567,0.000000
1708694326961116761,0.033898,0.000000,0.966102,0.000000
1708694326981214533,0.000000,0.000000,1.000000,0.000000
1708694327001275460,0.000000,0.000000,1.000000,0.000000
1708694327021350119,0.015625,0.015625,0.968750,0.000000
1708694327041435916,0.000000,0.000000,1.000000,0.000000
1708694327061508437,0.000000,0.000000,1.000000,0.000000
1708694327081584892,0.000000,0.000000,1.000000,0.000000
1708694327101669288,0.000000,0.000000,1.000000,0.000000
1708694327121766610,0.000000,0.000000,1.000000,0.000000
1708694327141856953,0.000000,0.000000,1.000000,0.000000
1708694327161942711,0.000000,0.000000,1.000000,0.000000
1708694327182040480,0.000000,0.000000,1.000000,0.000000
1708694327202136312,0.000000,0.000000,1.000000,0.000000
1708694327222220442,0.000000,0.015385,0.984615,0.000000
1708694327242306854,0.000000,0.000000,1.000000,0.000000
1708694327262391657,0.000000,0.000000,1.000000,0.015873
1708694327282476290,0.000000,0.000000,1.000000,0.016129
1708694327302566168,0.241935,0.096774,0.661290,0.016129
1708694327322681875,0.129032,0.048387,0.822581,0.032258
1708694327342775356,0.015873,0.000000,0.984127,0.000000
1708694327362850582,0.015625,0.015625,0.968750,0.015625
1708694327382944766,0.015873,0.015873,0.968254,0.000000
1708694327403026586,0.047619,0.063492,0.888889,0.015873
1708694327423154339,0.065574,0.065574,0.868852,0.000000
1708694327443284424,0.066667,0.033333,0.900000,0.000000
1708694327463408038,0.107692,0.092308,0.800000,0.000000
1708694327483546058,0.049180,0.081967,0.868852,0.000000
1708694327503664314,0.081967,0.065574,0.852459,0.000000
1708694327523783345,0.114754,0.065574,0.819672,0.000000
1708694327543912543,0.049180,0.114754,0.836066,0.000000
1708694327564041967,0.056604,0.113208,0.830189,0.000000
1708694327584250168,0.507463,0.179104,0.313433,0.000000
1708694327604412830,0.360656,0.131148,0.508197,0.000000
1708694327624510138,0.174603,0.111111,0.714286,0.000000
1708694327644633860,0.171875,0.171875,0.656250,0.000000
1708694327664801726,0.258065,0.145161,0.596774,0.000000
1708694327684965642,0.281250,0.250000,0.468750,0.000000
1708694327705106655,0.369231,0.230769,0.400000,0.000000
1708694327725291758,0.419355,0.258065,0.322581,0.000000
1708694327745440829,0.451613,0.258065,0.290323,0.000000
1708694327765626805,0.492308,0.230769,0.276923,0.000000
1708694327785819629,0.375000,0.265625,0.359375,0.000000
1708694327805943633,0.390625,0.234375,0.375000,0.000000
1708694327826185549,0.452055,0.452055,0.095890,0.000000
1708694327846338135,0.500000,0.266667,0.233333,0.000000
1708694327866482223,0.540984,0.344262,0.114754,0.000000
1708694327886834666,0.734375,0.171875,0.093750,0.000000
1708694327906931480,0.639344,0.131148,0.229508,0.000000
1708694327927068251,0.738462,0.169231,0.092308,0.000000
1708694327947238235,0.741935,0.161290,0.096774,0.000000
1708694327967401052,0.687500,0.140625,0.171875,0.000000
1708694327987555087,0.550000,0.133333,0.316667,0.000000
1708694328007715604,0.661290,0.177419,0.161290,0.000000
1708694328027898085,0.712121,0.136364,0.151515,0.000000
1708694328048030687,0.617647,0.176471,0.205882,0.000000
1708694328068242623,0.606557,0.180328,0.213115,0.000000
1708694328088387842,0.630769,0.153846,0.215385,0.000000
1708694328108564744,0.686567,0.119403,0.194030,0.000000
1708694328128741025,0.676923,0.107692,0.215385,0.000000
1708694328148908295,0.703125,0.109375,0.187500,0.000000
1708694328169089353,0.650000,0.050000,0.300000,0.000000
1708694328189220925,0.619048,0.095238,0.285714,0.000000
1708694328209346244,0.169492,0.237288,0.593220,0.000000
1708694328229453026,0.134328,0.179104,0.686567,0.000000
1708694328249559309,0.113208,0.283019,0.603774,0.000000
1708694328270080361,0.560606,0.136364,0.303030,0.000000
1708694328290124867,0.328125,0.031250,0.640625,0.000000
1708694328310192639,0.337662,0.012987,0.649351,0.000000
1708694328330307491,0.000000,0.000000,1.000000,0.000000
1708694328350375010,0.014925,0.059701,0.925373,0.000000
1708694328370462766,0.000000,0.089552,0.910448,0.000000
1708694328390544113,0.000000,0.000000,1.000000,0.000000
1708694328410619221,0.000000,0.000000,1.000000,0.000000
1708694328430703939,0.000000,0.000000,1.000000,0.000000
1708694328450785640,0.000000,0.000000,1.000000,0.000000
1708694328470868637,0.000000,0.000000,1.000000,0.000000
1708694328490946914,0.000000,0.000000,1.000000,0.000000
1708694328511027146,0.000000,0.000000,1.000000,0.000000
1708694328531105374,0.000000,0.000000,1.000000,0.000000
1708694328551187256,0.000000,0.000000,1.000000,0.000000
1708694328571262058,0.000000,0.000000,1.000000,0.000000
1708694328591344244,0.000000,0.000000,1.000000,0.000000
1708694328611421348,0.000000,0.000000,1.000000,0.000000
1708694328631498114,0.000000,0.000000,1.000000,0.000000
1708694328651576366,0.000000,0.000000,1.000000,0.000000
1708694328671658117,0.000000,0.000000,1.000000,0.000000
1708694328691730957,0.000000,0.000000,1.000000,0.000000
1708694328711809191,0.000000,0.000000,1.000000,0.000000
1708694328731882210,0.000000,0.000000,1.000000,0.000000
1708694328751962240,0.000000,0.000000,1.000000,0.000000
1708694328772040467,0.000000,0.000000,1.000000,0.000000
1708694328792116924,0.000000,0.015385,0.984615,0.000000
1708694328812191594,0.000000,0.000000,1.000000,0.000000
1708694328832269299,0.000000,0.000000,1.000000,0.000000
1708694328852342913,0.000000,0.000000,1.000000,0.000000
1708694328872418755,0.000000,0.015385,0.984615,0.000000
1708694328892495113,0.000000,0.000000,1.000000,0.000000
1708694328912571071,0.000000,0.000000,1.000000,0.000000
1708694328932647328,0.000000,0.000000,1.000000,0.000000
1708694328952720844,0.000000,0.000000,1.000000,0.000000
1708694328972814042,0.000000,0.000000,1.000000,0.000000
1708694328992897378,0.000000,0.000000,1.000000,0.000000
1708694329012974929,0.000000,0.000000,1.000000,0.000000
1708694329033049141,0.000000,0.015625,0.984375,0.000000
1708694329053122700,0.000000,0.000000,1.000000,0.000000
1708694329073204348,0.000000,0.000000,1.000000,0.000000
1708694329093291448,0.000000,0.000000,1.000000,0.000000
1708694329113391566,0.000000,0.000000,1.000000,0.000000
1708694329133472011,0.000000,0.015385,0.984615,0.000000
1708694329153559994,0.000000,0.000000,1.000000,0.000000
1708694329173649203,0.000000,0.015625,0.984375,0.000000
1708694329193733648,0.000000,0.000000,1.000000,0.000000
1708694329213829791,0.000000,0.015385,0.984615,0.000000
1708694329233901627,0.000000,0.000000,1.000000,0.000000
1708694329253983430,0.000000,0.000000,1.000000,0.000000
1708694329274059689,0.000000,0.015385,0.984615,0.000000
1708694329294138965,0.000000,0.000000,1.000000,0.000000
1708694329314231630,0.015385,0.015385,0.969231,0.000000
1708694329334302166,0.000000,0.000000,1.000000,0.000000
1708694329354375595,0.000000,0.000000,1.000000,0.000000
1708694329374450615,0.000000,0.000000,1.000000,0.000000
1708694329394526445,0.000000,0.015385,0.984615,0.000000
1708694329414600585,0.000000,0.000000,1.000000,0.000000
1708694329434666259,0.000000,0.000000,1.000000,0.000000
1708694329454778618,0.000000,0.000000,1.000000,0.000000
1708694329474844304,0.000000,0.000000,1.000000,0.000000
1708694329494919440,0.000000,0.000000,1.000000,0.000000
1708694329514992866,0.000000,0.000000,1.000000,0.000000
1708694329535067276,0.000000,0.000000,1.000000,0.000000
1708694329555144580,0.000000,0.000000,1.000000,0.000000
1708694329575218603,0.000000,0.015385,0.984615,0.000000
1708694329595293378,0.000000,0.000000,1.000000,0.000000
1708694329615369981,0.000000,0.000000,1.000000,0.000000
1708694329635445079,0.000000,0.000000,1.000000,0.000000
1708694329655518388,0.000000,0.000000,1.000000,0.000000
1708694329675597676,0.000000,0.000000,1.000000,0.000000
1708694329695671749,0.000000,0.015385,0.984615,0.000000
1708694329715746971,0.000000,0.000000,1.000000,0.000000
1708694329735820328,0.000000,0.000000,1.000000,0.000000
1708694329755894583,0.000000,0.000000,1.000000,0.000000
1708694329775969055,0.000000,0.015385,0.984615,0.000000
1708694329796043442,0.000000,0.000000,1.000000,0.000000
1708694329816116164,0.000000,0.000000,1.000000,0.000000
1708694329836191047,0.000000,0.000000,1.000000,0.000000
1708694329856264415,0.000000,0.000000,1.000000,0.000000
1708694329876338251,0.000000,0.000000,1.000000,0.000000
1708694329896415337,0.000000,0.000000,1.000000,0.000000
1708694329916491191,0.000000,0.000000,1.000000,0.000000
1708694329936564432,0.000000,0.000000,1.000000,0.000000
1708694329956637713,0.000000,0.000000,1.000000,0.000000
1708694329976711009,0.000000,0.000000,1.000000,0.000000
1708694329996788398,0.000000,0.000000,1.000000,0.000000
1708694330016864291,0.000000,0.000000,1.000000,0.000000
1708694330036937789,0.000000,0.000000,1.000000,0.000000
1708694330057013994,0.000000,0.000000,1.000000,0.000000
1708694330077086200,0.000000,0.000000,1.000000,0.000000
1708694330097163678,0.000000,0.000000,1.000000,0.000000
1708694330117242935,0.000000,0.000000,1.000000,0.000000
1708694330137327876,0.000000,0.000000,1.000000,0.000000
1708694330157408564,0.000000,0.000000,1.000000,0.000000
1708694330177491625,0.000000,0.000000,1.000000,0.000000
1708694330197572069,0.000000,0.015385,0.984615,0.000000
1708694330217659342,0.000000,0.000000,1.000000,0.000000
1708694330237736412,0.000000,0.000000,1.000000,0.000000
1708694330257830520,0.000000,0.000000,1.000000,0.000000
1708694330277919630,0.000000,0.000000,1.000000,0.000000
1708694330297996434,0.000000,0.000000,1.000000,0.000000
1708694330318069376,0.000000,0.000000,1.000000,0.000000
1708694330338149174,0.000000,0.000000,1.000000,0.000000
1708694330358247249,0.000000,0.000000,1.000000,0.000000
1708694330378314081,0.000000,0.000000,1.000000,0.000000
1708694330398400830,0.000000,0.000000,1.000000,0.000000
1708694330418474809,0.000000,0.000000,1.000000,0.000000
1708694330438563688,0.000000,0.000000,1.000000,0.000000
1708694330458635326,0.000000,0.000000,1.000000,0.000000
1708694330478707718,0.000000,0.000000,1.000000,0.000000
1708694330498787080,0.000000,0.000000,1.000000,0.000000
1708694330518863458,0.000000,0.000000,1.000000,0.000000
1708694330538938293,0.000000,0.000000,1.000000,0.000000
1708694330559010296,0.000000,0.000000,1.000000,0.000000
1708694330579083592,0.000000,0.000000,1.000000,0.000000
1708694330599156422,0.000000,0.000000,1.000000,0.000000
1708694330619233403,0.000000,0.000000,1.000000,0.000000
1708694330639306915,0.000000,0.000000,1.000000,0.000000
1708694330659386219,0.000000,0.000000,1.000000,0.000000
1708694330679457227,0.000000,0.000000,1.000000,0.000000
1708694330699531227,0.000000,0.000000,1.000000,0.000000
1708694330719608255,0.000000,0.000000,1.000000,0.000000
1708694330739682605,0.000000,0.000000,1.000000,0.000000
1708694330759755423,0.000000,0.000000,1.000000,0.000000
1708694330779832492,0.000000,0.000000,1.000000,0.000000
1708694330799906320,0.000000,0.000000,1.000000,0.000000
1708694330819979936,0.000000,0.000000,1.000000,0.000000
1708694330840054318,0.000000,0.000000,1.000000,0.000000
1708694330860127372,0.000000,0.000000,1.000000,0.000000
1708694330880200870,0.000000,0.000000,1.000000,0.000000
1708694330900277843,0.000000,0.000000,1.000000,0.000000
1708694330920351567,0.000000,0.000000,1.000000,0.000000
1708694330940427021,0.000000,0.000000,1.000000,0.000000
1708694330960501443,0.000000,0.000000,1.000000,0.000000
1708694330980574933,0.000000,0.000000,1.000000,0.000000
1708694331000648708,0.000000,0.000000,1.000000,0.000000
1708694331020723183,0.000000,0.000000,1.000000,0.000000
1708694331040799271,0.000000,0.000000,1.000000,0.000000
1708694331060874930,0.000000,0.000000,1.000000,0.000000
1708694331080948876,0.000000,0.000000,1.000000,0.000000
1708694331101028640,0.000000,0.000000,1.000000,0.000000
1708694331121108260,0.000000,0.000000,1.000000,0.000000
1708694331141184898,0.000000,0.000000,1.000000,0.000000
1708694331161266172,0.000000,0.000000,1.000000,0.000000
1708694331181346493,0.000000,0.000000,1.000000,0.000000
1708694331201421899,0.000000,0.000000,1.000000,0.000000
1708694331221503533,0.000000,0.000000,1.000000,0.000000
1708694331241577925,0.000000,0.000000,1.000000,0.000000
1708694331261654829,0.000000,0.000000,1.000000,0.000000
1708694331281732501,0.000000,0.000000,1.000000,0.000000
1708694331301820067,0.000000,0.000000,1.000000,0.000000
1708694331321891213,0.000000,0.000000,1.000000,0.000000
1708694331341970180,0.000000,0.000000,1.000000,0.000000
1708694331362044893,0.000000,0.000000,1.000000,0.000000
1708694331382125557,0.000000,0.000000,1.000000,0.000000
1708694331402203502,0.000000,0.000000,1.000000,0.000000
1708694331422282320,0.000000,0.000000,1.000000,0.000000
1708694331442363421,0.015152,0.015152,0.969697,0.000000
1708694331462435952,0.000000,0.000000,1.000000,0.000000
1708694331482511636,0.000000,0.000000,1.000000,0.000000
1708694331502586402,0.000000,0.000000,1.000000,0.000000
1708694331522662118,0.000000,0.000000,1.000000,0.000000
1708694331542737541,0.000000,0.000000,1.000000,0.000000
1708694331562811021,0.000000,0.000000,1.000000,0.000000
1708694331582888131,0.000000,0.000000,1.000000,0.000000
1708694331602965099,0.000000,0.000000,1.000000,0.000000
1708694331623036971,0.000000,0.000000,1.000000,0.000000
1708694331643110303,0.000000,0.000000,1.000000,0.000000
1708694331663183950,0.000000,0.000000,1.000000,0.000000
1708694331683264058,0.000000,0.000000,1.000000,0.000000
1708694331703336772,0.000000,0.000000,1.000000,0.000000
1708694331723409150,0.000000,0.000000,1.000000,0.000000
1708694331743482666,0.000000,0.000000,1.000000,0.000000
1708694331763559270,0.000000,0.000000,1.000000,0.000000
1708694331783632970,0.000000,0.000000,1.000000,0.000000
1708694331803705565,0.000000,0.000000,1.000000,0.000000
1708694331823779113,0.000000,0.000000,1.000000,0.000000
1708694331843856562,0.000000,0.000000,1.000000,0.000000
1708694331863928331,0.000000,0.000000,1.000000,0.000000
1708694331884004828,0.000000,0.000000,1.000000,0.000000
1708694331904083467,0.000000,0.000000,1.000000,0.000000
1708694331924161580,0.000000,0.000000,1.000000,0.000000
1708694331944233245,0.000000,0.000000,1.000000,0.000000
1708694331964310885,0.000000,0.000000,1.000000,0.000000
1708694331984383308,0.000000,0.000000,1.000000,0.000000
1708694332004460431,0.000000,0.000000,1.000000,0.000000
1708694332024540159,0.000000,0.000000,1.000000,0.000000
1708694332044619166,0.000000,0.000000,1.000000,0.000000
1708694332064693295,0.000000,0.000000,1.000000,0.000000
1708694332084775030,0.000000,0.000000,1.000000,0.000000
1708694332104861586,0.000000,0.000000,1.000000,0.000000
1708694332124935757,0.000000,0.000000,1.000000,0.000000
1708694332145018167,0.000000,0.000000,1.000000,0.000000
1708694332165100373,0.000000,0.000000,1.000000,0.000000
1708694332185179145,0.000000,0.000000,1.000000,0.000000
1708694332205259449,0.000000,0.000000,1.000000,0.000000
1708694332225337148,0.000000,0.000000,1.000000,0.000000
1708694332245421565,0.000000,0.000000,1.000000,0.000000
1708694332265496401,0.000000,0.000000,1.000000,0.000000
1708694332285581555,0.000000,0.000000,1.000000,0.000000
1708694332305657995,0.000000,0.000000,1.000000,0.000000
1708694332325737058,0.000000,0.000000,1.000000,0.000000
1708694332345826918,0.000000,0.000000,1.000000,0.000000
1708694332365900868,0.000000,0.000000,1.000000,0.000000
1708694332385980163,0.000000,0.000000,1.000000,0.000000
1708694332406063690,0.000000,0.000000,1.000000,0.000000
1708694332426145780,0.000000,0.000000,1.000000,0.000000
1708694332446242034,0.000000,0.015385,0.984615,0.000000
1708694332466315917,0.000000,0.000000,1.000000,0.000000
1708694332486390681,0.000000,0.000000,1.000000,0.000000
1708694332506468636,0.000000,0.000000,1.000000,0.000000
1708694332526545513,0.000000,0.000000,1.000000,0.000000
1708694332546621770,0.000000,0.000000,1.000000,0.000000
1708694332566698782,0.000000,0.000000,1.000000,0.000000
1708694332586776278,0.000000,0.000000,1.000000,0.000000
1708694332606854399,0.000000,0.000000,1.000000,0.000000
1708694332626936241,0.000000,0.000000,1.000000,0.000000
1708694332647011004,0.000000,0.000000,1.000000,0.015873
1708694332667087002,0.000000,0.000000,1.000000,0.015873
1708694332687161942,0.000000,0.000000,1.000000,0.015873
1708694332707234724,0.000000,0.000000,1.000000,0.015873
1708694332727311326,0.000000,0.015625,0.984375,0.031250
1708694332747387036,0.000000,0.000000,1.000000,0.032787
1708694332767466896,0.000000,0.000000,1.000000,0.032258
1708694332787544247,0.000000,0.000000,1.000000,0.032258
1708694332807621714,0.000000,0.000000,1.000000,0.032258
1708694332827695606,0.000000,0.000000,1.000000,0.032258
1708694332847772501,0.000000,0.000000,1.000000,0.032258
1708694332867845265,0.000000,0.000000,1.000000,0.032258
1708694332887920030,0.000000,0.000000,1.000000,0.032258
1708694332908000869,0.000000,0.000000,1.000000,0.032258
1708694332928079679,0.000000,0.000000,1.000000,0.032258
1708694332948151287,0.000000,0.000000,1.000000,0.032258
1708694332968228136,0.000000,0.000000,1.000000,0.032258
1708694332988302235,0.000000,0.000000,1.000000,0.032258
1708694333008380774,0.000000,0.000000,1.000000,0.032258
1708694333028455326,0.000000,0.000000,1.000000,0.032258
1708694333048530748,0.000000,0.000000,1.000000,0.016129
1708694333068604662,0.000000,0.000000,1.000000,0.015625
1708694333088682064,0.000000,0.000000,1.000000,0.000000
1708694333108764389,0.000000,0.000000,1.000000,0.000000
1708694333128847717,0.000000,0.000000,1.000000,0.000000
1708694333148925229,0.000000,0.000000,1.000000,0.015625
1708694333169003936,0.000000,0.000000,1.000000,0.000000
1708694333189083156,0.000000,0.015625,0.984375,0.000000
1708694333209156802,0.000000,0.000000,1.000000,0.000000
1708694333229236965,0.000000,0.000000,1.000000,0.000000
1708694333249311080,0.000000,0.000000,1.000000,0.015625
1708694333269387018,0.000000,0.000000,1.000000,0.000000
1708694333289463566,0.000000,0.000000,1.000000,0.000000
1708694333309541083,0.000000,0.000000,1.000000,0.015873
1708694333329615873,0.000000,0.000000,1.000000,0.000000
1708694333349696463,0.000000,0.000000,1.000000,0.000000
1708694333369771948,0.000000,0.000000,1.000000,0.000000
1708694333389846938,0.000000,0.000000,1.000000,0.000000
1708694333409921353,0.000000,0.000000,1.000000,0.015625
1708694333430002381,0.000000,0.000000,1.000000,0.032258
1708694333450079277,0.000000,0.000000,1.000000,0.032258
1708694333470171936,0.000000,0.015873,0.984127,0.015873
1708694333490241764,0.000000,0.000000,1.000000,0.032258
1708694333510318015,0.000000,0.000000,1.000000,0.032258
1708694333530393486,0.000000,0.000000,1.000000,0.032258
1708694333550470447,0.000000,0.000000,1.000000,0.032258
1708694333570549088,0.000000,0.000000,1.000000,0.032258
1708694333590628091,0.000000,0.000000,1.000000,0.032258
1708694333610702357,0.000000,0.000000,1.000000,0.032258
1708694333630779454,0.000000,0.000000,1.000000,0.032258
1708694333650855660,0.000000,0.015625,0.984375,0.015625
1708694333670933004,0.000000,0.000000,1.000000,0.032258
1708694333691006081,0.000000,0.000000,1.000000,0.032787
1708694333711080986,0.000000,0.000000,1.000000,0.032258
1708694333731154551,0.000000,0.000000,1.000000,0.032258
1708694333751229262,0.000000,0.000000,1.000000,0.032258
1708694333771304857,0.000000,0.000000,1.000000,0.032258
1708694333791382719,0.000000,0.015873,0.984127,0.031746
1708694333811455259,0.000000,0.000000,1.000000,0.015873
1708694333831531206,0.000000,0.000000,1.000000,0.032258
1708694333851612877,0.000000,0.000000,1.000000,0.032258
1708694333871683956,0.000000,0.000000,1.000000,0.032258
1708694333891758257,0.000000,0.000000,1.000000,0.032258
1708694333911835905,0.000000,0.000000,1.000000,0.032258
1708694333931908958,0.000000,0.000000,1.000000,0.032258
1708694333951987174,0.000000,0.000000,1.000000,0.032258
1708694333972060922,0.000000,0.000000,1.000000,0.032258
1708694333992133775,0.000000,0.000000,1.000000,0.032258
1708694334012207720,0.000000,0.000000,1.000000,0.016129
1708694334032281913,0.000000,0.000000,1.000000,0.032258
1708694334052361848,0.000000,0.000000,1.000000,0.000000
1708694334072440889,0.000000,0.000000,1.000000,0.032258
1708694334092519743,0.000000,0.000000,1.000000,0.032258
1708694334112602774,0.000000,0.000000,1.000000,0.032258
1708694334132686017,0.000000,0.000000,1.000000,0.032258
1708694334152766451,0.000000,0.000000,1.000000,0.032258
1708694334172843280,0.000000,0.000000,1.000000,0.032258
1708694334192921656,0.000000,0.000000,1.000000,0.032258
1708694334212996589,0.000000,0.000000,1.000000,0.032258
1708694334233071766,0.000000,0.000000,1.000000,0.032258
1708694334253145921,0.000000,0.000000,1.000000,0.032258
1708694334273222735,0.000000,0.000000,1.000000,0.032258
1708694334293298045,0.000000,0.000000,1.000000,0.032258
1708694334313375616,0.000000,0.000000,1.000000,0.032258
1708694334333449545,0.000000,0.000000,1.000000,0.032258
1708694334353529061,0.000000,0.000000,1.000000,0.032258
1708694334373602725,0.000000,0.000000,1.000000,0.032258
1708694334393679642,0.000000,0.000000,1.000000,0.031746
1708694334413761709,0.000000,0.015385,0.984615,0.000000
1708694334433847636,0.000000,0.000000,1.000000,0.000000
1708694334453919901,0.000000,0.000000,1.000000,0.000000
1708694334473995996,0.000000,0.000000,1.000000,0.000000
1708694334494068716,0.000000,0.000000,1.000000,0.000000
1708694334514142715,0.000000,0.000000,1.000000,0.000000
1708694334534236555,0.000000,0.000000,1.000000,0.000000
1708694334554305063,0.000000,0.000000,1.000000,0.000000
1708694334574379329,0.000000,0.000000,1.000000,0.000000
1708694334594452260,0.000000,0.000000,1.000000,0.000000
1708694334614525856,0.000000,0.000000,1.000000,0.000000
1708694334634599556,0.000000,0.000000,1.000000,0.000000
1708694334654676073,0.000000,0.000000,1.000000,0.000000
1708694334674748421,0.000000,0.000000,1.000000,0.000000
1708694334694824923,0.000000,0.000000,1.000000,0.000000
1708694334714898162,0.000000,0.000000,1.000000,0.000000
1708694334734970584,0.000000,0.000000,1.000000,0.000000
1708694334755044133,0.000000,0.000000,1.000000,0.000000
1708694334775118875,0.000000,0.000000,1.000000,0.000000
1708694334795197094,0.000000,0.000000,1.000000,0.000000
1708694334815268085,0.000000,0.000000,1.000000,0.000000
1708694334835343678,0.000000,0.000000,1.000000,0.000000
1708694334855418959,0.000000,0.000000,1.000000,0.000000
1708694334875492161,0.000000,0.000000,1.000000,0.000000
1708694334895564629,0.000000,0.000000,1.000000,0.000000
1708694334915640030,0.000000,0.000000,1.000000,0.000000
1708694334935718373,0.000000,0.000000,1.000000,0.000000
1708694334955789789,0.000000,0.000000,1.000000,0.000000
1708694334975865786,0.000000,0.000000,1.000000,0.000000
1708694334995938004,0.000000,0.000000,1.000000,0.000000
1708694335016010853,0.000000,0.000000,1.000000,0.000000
1708694335036083857,0.000000,0.000000,1.000000,0.000000
1708694335056159150,0.000000,0.000000,1.000000,0.000000
1708694335076234497,0.000000,0.000000,1.000000,0.000000
1708694335096314591,0.000000,0.000000,1.000000,0.000000
1708694335116401798,0.000000,0.000000,1.000000,0.000000
1708694335136481483,0.000000,0.000000,1.000000,0.000000
1708694335156564974,0.000000,0.015385,0.984615,0.000000
1708694335176646977,0.000000,0.000000,1.000000,0.000000
1708694335196724919,0.000000,0.000000,1.000000,0.000000
1708694335216803389,0.000000,0.000000,1.000000,0.000000
1708694335236883113,0.000000,0.000000,1.000000,0.000000
1708694335256959168,0.000000,0.000000,1.000000,0.000000
1708694335277043093,0.000000,0.000000,1.000000,0.000000
1708694335297125187,0.000000,0.000000,1.000000,0.000000
1708694335317202096,0.000000,0.000000,1.000000,0.000000
1708694335337291586,0.000000,0.000000,1.000000,0.000000
1708694335357365374,0.000000,0.000000,1.000000,0.000000
1708694335377437245,0.000000,0.000000,1.000000,0.000000
1708694335397515190,0.000000,0.000000,1.000000,0.000000
1708694335417608795,0.000000,0.000000,1.000000,0.000000
1708694335437691890,0.000000,0.000000,1.000000,0.000000
1708694335457778915,0.000000,0.000000,1.000000,0.000000
1708694335477863406,0.000000,0.000000,1.000000,0.000000
1708694335497945646,0.000000,0.000000,1.000000,0.000000
1708694335518024251,0.000000,0.000000,1.000000,0.000000
1708694335538105880,0.000000,0.000000,1.000000,0.000000
1708694335558184712,0.000000,0.000000,1.000000,0.000000
1708694335578257576,0.000000,0.000000,1.000000,0.000000
1708694335598332811,0.000000,0.000000,1.000000,0.000000
1708694335618411514,0.000000,0.000000,1.000000,0.000000
1708694335638486893,0.000000,0.000000,1.000000,0.000000
1708694335658563364,0.000000,0.000000,1.000000,0.000000
1708694335678642992,0.000000,0.000000,1.000000,0.000000
1708694335698722246,0.000000,0.000000,1.000000,0.000000
1708694335718801828,0.000000,0.000000,1.000000,0.000000
1708694335738880567,0.000000,0.000000,1.000000,0.000000
1708694335758960028,0.000000,0.000000,1.000000,0.000000
1708694335779036392,0.000000,0.000000,1.000000,0.000000
1708694335799110337,0.000000,0.000000,1.000000,0.000000
1708694335819185734,0.000000,0.000000,1.000000,0.000000
1708694335839259896,0.000000,0.000000,1.000000,0.000000
1708694335859334971,0.000000,0.000000,1.000000,0.000000
1708694335879413146,0.000000,0.000000,1.000000,0.000000
1708694335899484993,0.000000,0.000000,1.000000,0.000000
1708694335919564769,0.000000,0.000000,1.000000,0.000000
1708694335939635983,0.000000,0.000000,1.000000,0.000000
1708694335959709280,0.000000,0.000000,1.000000,0.000000
1708694335979782391,0.000000,0.000000,1.000000,0.000000
1708694335999859599,0.000000,0.000000,1.000000,0.000000
1708694336019932619,0.000000,0.000000,1.000000,0.000000
1708694336040007512,0.000000,0.000000,1.000000,0.000000
1708694336060087038,0.000000,0.000000,1.000000,0.000000
1708694336080158416,0.000000,0.000000,1.000000,0.000000
1708694336100232111,0.000000,0.000000,1.000000,0.000000
1708694336120307612,0.000000,0.000000,1.000000,0.000000
1708694336140380668,0.000000,0.000000,1.000000,0.000000
1708694336160454212,0.000000,0.000000,1.000000,0.000000
1708694336180534528,0.079365,0.000000,0.920635,0.000000
1708694336200643185,0.348485,0.166667,0.484848,0.000000
1708694336220771072,0.046875,0.000000,0.953125,0.000000
1708694336240852308,0.095238,0.047619,0.857143,0.000000
1708694336260946560,0.600000,0.083333,0.316667,0.000000
1708694336281072781,0.758065,0.112903,0.129032,0.000000
1708694336301189428,0.193548,0.080645,0.725806,0.000000
1708694336321321172,0.081967,0.114754,0.803279,0.000000
1708694336341430211,0.086207,0.120690,0.793103,0.000000
1708694336361539011,0.036364,0.090909,0.872727,0.000000
1708694336381676113,0.084746,0.101695,0.813559,0.000000
1708694336401824782,0.147541,0.065574,0.786885,0.000000
1708694336422001368,0.068966,0.103448,0.827586,0.000000
1708694336442104134,0.086207,0.103448,0.810345,0.000000
1708694336462191944,0.052632,0.105263,0.842105,0.000000
1708694336482303212,0.087719,0.070175,0.842105,0.000000
1708694336502415545,0.086207,0.103448,0.810345,0.000000
1708694336522523074,0.129032,0.096774,0.774194,0.000000
1708694336542638909,0.116667,0.083333,0.800000,0.000000
1708694336562755169,0.081967,0.131148,0.786885,0.000000
1708694336582874178,0.066667,0.133333,0.800000,0.000000
1708694336602990736,0.123077,0.138462,0.738462,0.000000
1708694336623103134,0.095238,0.158730,0.746032,0.000000
1708694336643228518,0.095238,0.142857,0.761905,0.000000
1708694336663340279,0.081967,0.114754,0.803279,0.000000
1708694336683472918,0.068966,0.137931,0.793103,0.000000
1708694336703598220,0.070175,0.087719,0.842105,0.000000
1708694336723714044,0.087719,0.105263,0.807018,0.000000
1708694336743826455,0.086207,0.086207,0.827586,0.000000
1708694336763943682,0.122807,0.070175,0.807018,0.000000
1708694336784054776,0.035714,0.107143,0.857143,0.000000
1708694336804167053,0.067797,0.152542,0.779661,0.000000
1708694336824293630,0.100000,0.100000,0.800000,0.000000
1708694336844395993,0.105263,0.087719,0.807018,0.000000
1708694336864514580,0.066667,0.133333,0.800000,0.000000
1708694336884641699,0.161290,0.161290,0.677419,0.000000
1708694336904756110,0.033333,0.150000,0.816667,0.000000
1708694336924867821,0.147541,0.114754,0.737705,0.000000
1708694336944988688,0.118644,0.118644,0.762712,0.000000
1708694336965131420,0.116667,0.166667,0.716667,0.000000
1708694336985252276,0.147541,0.213115,0.639344,0.000000
1708694337005373776,0.238095,0.476190,0.285714,0.000000
1708694337025531378,0.453125,0.312500,0.234375,0.000000
1708694337045636809,0.507937,0.285714,0.206349,0.000000
1708694337065768851,0.600000,0.369231,0.030769,0.000000
1708694337085970307,0.531250,0.468750,0.000000,0.000000
1708694337106137707,0.546875,0.421875,0.031250,0.000000
1708694337126329021,0.626667,0.346667,0.026667,0.000000
1708694337158099338,0.700000,0.288889,0.011111,0.000000
1708694337174391867,0.703125,0.265625,0.031250,0.000000
1708694337194575200,0.812500,0.187500,0.000000,0.000000
1708694337214759724,0.656250,0.328125,0.015625,0.000000
1708694337234946072,0.671875,0.328125,0.000000,0.000000
1708694337255130629,0.765625,0.218750,0.015625,0.000000
1708694337275231982,0.809524,0.190476,0.000000,0.000000
1708694337295406436,0.793651,0.190476,0.015873,0.000000
1708694337315593828,0.734375,0.218750,0.046875,0.000000
1708694337335785338,0.781250,0.203125,0.015625,0.000000
1708694337355961942,0.812500,0.187500,0.000000,0.000000
1708694337409324739,0.900709,0.092199,0.007092,0.000000
1708694337418434267,0.906250,0.093750,0.000000,0.000000
1708694337438660401,0.921875,0.078125,0.000000,0.000000
1708694337463954511,0.853333,0.146667,0.000000,0.000000
1708694337482611015,0.875000,0.109375,0.015625,0.000000
1708694337502735358,0.953846,0.046154,0.000000,0.000000
1708694337522937279,0.968254,0.031746,0.000000,0.000000
1708694337571800231,0.945312,0.054688,0.000000,0.000000
1708694337582400951,0.936508,0.063492,0.000000,0.000000
1708694337602553953,0.892308,0.092308,0.015385,0.000000
1708694337622735615,0.904762,0.095238,0.000000,0.000000
1708694337642915517,0.904762,0.095238,0.000000,0.000000
1708694337663076525,0.890625,0.109375,0.000000,0.000000
1708694337683257183,0.968750,0.031250,0.000000,0.000000
1708694337703412559,0.937500,0.046875,0.015625,0.000000
1708694337723567654,0.919355,0.080645,0.000000,0.000000
1708694337743710586,0.923077,0.061538,0.015385,0.000000
1708694337763864511,0.907692,0.061538,0.030769,0.000000
1708694337784023429,0.852459,0.098361,0.049180,0.000000
1708694337804157064,0.465753,0.109589,0.424658,0.000000
1708694337824255361,0.089286,0.107143,0.803571,0.000000
1708694337844290214,0.098361,0.163934,0.737705,0.000000
1708694337864417623,0.090909,0.151515,0.757576,0.000000
1708694337884513851,0.083333,0.050000,0.866667,0.000000
1708694337904629345,0.233333,0.033333,0.733333,0.000000
1708694337924768879,0.666667,0.028986,0.304348,0.000000
1708694337944869836,0.033898,0.000000,0.966102,0.000000
1708694337964962379,0.000000,0.000000,1.000000,0.000000
1708694337985026697,0.000000,0.015385,0.984615,0.000000
1708694338005102684,0.013889,0.111111,0.875000,0.000000
1708694338025186486,0.000000,0.015873,0.984127,0.000000
1708694338045260334,0.000000,0.000000,1.000000,0.000000
1708694338065336154,0.000000,0.000000,1.000000,0.000000
1708694338085410804,0.000000,0.000000,1.000000,0.000000
1708694338105487049,0.000000,0.000000,1.000000,0.000000
1708694338125563771,0.000000,0.000000,1.000000,0.000000
1708694338145643850,0.000000,0.000000,1.000000,0.000000
1708694338165721916,0.000000,0.000000,1.000000,0.000000
1708694338185799448,0.000000,0.000000,1.000000,0.000000
1708694338205876274,0.000000,0.000000,1.000000,0.000000
1708694338225957760,0.000000,0.000000,1.000000,0.000000
1708694338246035046,0.000000,0.015625,0.984375,0.000000
1708694338266130554,0.000000,0.015385,0.984615,0.000000
1708694338286153941,0.000000,0.000000,1.000000,0.000000
1708694338306247904,0.000000,0.000000,1.000000,0.000000
1708694338326328850,0.000000,0.000000,1.000000,0.000000
1708694338346410931,0.000000,0.015385,0.984615,0.000000
1708694338366500181,0.015385,0.015385,0.969231,0.000000
1708694338386571578,0.000000,0.000000,1.000000,0.000000
1708694338406652389,0.000000,0.015385,0.984615,0.000000
1708694338426733512,0.000000,0.000000,1.000000,0.000000
1708694338446814600,0.000000,0.015873,0.984127,0.000000
1708694338466899054,0.000000,0.000000,1.000000,0.000000
1708694338486971494,0.000000,0.000000,1.000000,0.000000
1708694338507052725,0.000000,0.015625,0.984375,0.000000
1708694338527128140,0.000000,0.000000,1.000000,0.000000
1708694338547207460,0.000000,0.000000,1.000000,0.000000
1708694338567293007,0.000000,0.030769,0.969231,0.000000
1708694338587363499,0.000000,0.000000,1.000000,0.000000
1708694338607440533,0.000000,0.000000,1.000000,0.000000
1708694338627513126,0.000000,0.000000,1.000000,0.000000
1708694338647588635,0.000000,0.000000,1.000000,0.000000
1708694338667672301,0.000000,0.015625,0.984375,0.000000
1708694338687749694,0.000000,0.000000,1.000000,0.000000
1708694338707829136,0.000000,0.000000,1.000000,0.000000
1708694338727900787,0.000000,0.015625,0.984375,0.000000
1708694338747979132,0.000000,0.030769,0.969231,0.000000
1708694338768064348,0.000000,0.000000,1.000000,0.000000
1708694338788136094,0.000000,0.015625,0.984375,0.000000
1708694338808219798,0.000000,0.000000,1.000000,0.000000
1708694338828291850,0.000000,0.000000,1.000000,0.000000
1708694338848367751,0.000000,0.015625,0.984375,0.000000
1708694338868454222,0.000000,0.000000,1.000000,0.000000
1708694338888530233,0.000000,0.000000,1.000000,0.000000
1708694338908605697,0.000000,0.015625,0.984375,0.000000
1708694338928679143,0.000000,0.015385,0.984615,0.000000
1708694338948753896,0.000000,0.000000,1.000000,0.000000
1708694338968831587,0.000000,0.015625,0.984375,0.000000
1708694338988910514,0.000000,0.000000,1.000000,0.000000
1708694339008990910,0.000000,0.015385,0.984615,0.000000
1708694339029062721,0.000000,0.000000,1.000000,0.000000
1708694339049136710,0.000000,0.000000,1.000000,0.000000
1708694339069219128,0.000000,0.015385,0.984615,0.000000
1708694339089294807,0.000000,0.000000,1.000000,0.000000
1708694339109377803,0.000000,0.000000,1.000000,0.000000
1708694339129464231,0.000000,0.000000,1.000000,0.000000
1708694339149542537,0.000000,0.000000,1.000000,0.000000
1708694339169630705,0.000000,0.015385,0.984615,0.000000
1708694339189707837,0.000000,0.000000,1.000000,0.000000
1708694339209793506,0.000000,0.000000,1.000000,0.000000
1708694339229865200,0.000000,0.000000,1.000000,0.000000
1708694339249940628,0.000000,0.000000,1.000000,0.000000
1708694339270018211,0.000000,0.000000,1.000000,0.000000
1708694339290093458,0.000000,0.000000,1.000000,0.000000
1708694339310168189,0.000000,0.000000,1.000000,0.000000
1708694339330242549,0.000000,0.000000,1.000000,0.000000
1708694339350321274,0.000000,0.000000,1.000000,0.000000
1708694339370397236,0.000000,0.000000,1.000000,0.000000
1708694339390472368,0.000000,0.000000,1.000000,0.000000
1708694339410552709,0.000000,0.000000,1.000000,0.000000
1708694339430633059,0.000000,0.000000,1.000000,0.000000
1708694339450710377,0.000000,0.000000,1.000000,0.000000
1708694339470784298,0.000000,0.000000,1.000000,0.000000
1708694339490863655,0.000000,0.000000,1.000000,0.000000
