Time,User,Kernel,Idle,IoWait
1708693814715384024,0.111111,0.000000,0.888889,0.000000
1708693814815396011,0.000000,0.000000,1.000000,0.000000
1708693814915541516,0.277778,0.000000,0.722222,0.000000
1708693815015678078,0.105263,0.157895,0.736842,0.000000
1708693815115745110,0.266667,0.266667,0.466667,0.000000
1708693815215841029,0.150000,0.200000,0.650000,0.000000
1708693815315973683,0.052632,0.052632,0.894737,0.000000
1708693815416093303,0.421053,0.368421,0.210526,0.000000
1708693815516224211,0.650000,0.350000,0.000000,0.000000
1708693815616276726,0.650000,0.350000,0.000000,0.000000
1708693815716469300,0.809524,0.190476,0.000000,0.000000
1708693815816510844,0.850000,0.150000,0.000000,0.000000
1708693815916663732,0.842105,0.157895,0.000000,0.000000
1708693816016776018,0.850000,0.150000,0.000000,0.000000
1708693816116837238,0.904762,0.095238,0.000000,0.000000
1708693816216994373,0.950000,0.050000,0.000000,0.000000
1708693816317119587,0.947368,0.052632,0.000000,0.000000
1708693816417268185,0.857143,0.142857,0.000000,0.000000
1708693816517406601,0.444444,0.000000,0.555556,0.000000
1708693816617443557,0.100000,0.050000,0.850000,0.000000
1708693816717555350,0.000000,0.000000,1.000000,0.000000
1708693816817665489,0.000000,0.000000,1.000000,0.000000
1708693816917757911,0.000000,0.000000,1.000000,0.000000
1708693817017847406,0.000000,0.000000,1.000000,0.000000
1708693817117909576,0.000000,0.000000,1.000000,0.000000
1708693817218044308,0.421053,0.052632,0.526316,0.000000
1708693817318170526,0.333333,0.277778,0.388889,0.000000
1708693817418245807,0.222222,0.444444,0.333333,0.000000
1708693817518375393,0.526316,0.315789,0.157895,0.000000
1708693817618511727,0.600000,0.400000,0.000000,0.000000
1708693817718625995,0.800000,0.200000,0.000000,0.000000
1708693817818746776,0.800000,0.200000,0.000000,0.000000
1708693817918867794,0.850000,0.150000,0.000000,0.000000
1708693818018986742,0.800000,0.200000,0.000000,0.000000
1708693818119105285,0.850000,0.150000,0.000000,0.000000
1708693818219227480,0.900000,0.100000,0.000000,0.000000
1708693818319292078,0.950000,0.050000,0.000000,0.000000
1708693818419425889,0.800000,0.150000,0.050000,0.000000
1708693818519553280,0.809524,0.142857,0.047619,0.000000
1708693818619668020,0.210526,0.052632,0.736842,0.000000
1708693818719757613,0.052632,0.000000,0.947368,0.000000
1708693818819878827,0.000000,0.000000,1.000000,0.000000
1708693818919978836,0.000000,0.000000,1.000000,0.000000
1708693819020065646,0.000000,0.000000,1.000000,0.000000
1708693819120161356,0.263158,0.052632,0.684211,0.000000
1708693819220283295,0.466667,0.200000,0.333333,0.000000
1708693819320365060,0.444444,0.277778,0.277778,0.000000
1708693819420499325,0.500000,0.333333,0.166667,0.000000
1708693819520571459,0.619048,0.285714,0.095238,0.000000
1708693819620720693,0.631579,0.368421,0.000000,0.000000
1708693819720834195,0.761905,0.142857,0.095238,0.000000
1708693819820944682,0.947368,0.052632,0.000000,0.000000
1708693819921073828,0.850000,0.150000,0.000000,0.000000
1708693820021195156,0.850000,0.150000,0.000000,0.000000
1708693820121269484,0.950000,0.050000,0.000000,0.000000
1708693820221407993,0.950000,0.050000,0.000000,0.000000
1708693820321522711,0.842105,0.157895,0.000000,0.000000
1708693820421635163,0.761905,0.190476,0.047619,0.000000
1708693820521756806,0.222222,0.055556,0.722222,0.000000
1708693820621860487,0.047619,0.047619,0.904762,0.000000
1708693820721963956,0.000000,0.050000,0.950000,0.000000
1708693820822071088,0.000000,0.000000,1.000000,0.000000
1708693820922171663,0.000000,0.000000,1.000000,0.000000
1708693821022278343,0.000000,0.000000,1.000000,0.000000
1708693821122393589,0.000000,0.000000,1.000000,0.000000
1708693821222511123,0.000000,0.000000,1.000000,0.000000
1708693821322612224,0.000000,0.000000,1.000000,0.000000
1708693821422709099,0.050000,0.000000,0.950000,0.000000
1708693821522808450,0.000000,0.000000,1.000000,0.000000
1708693821622921055,0.000000,0.000000,1.000000,0.000000
1708693821723015428,0.000000,0.000000,1.000000,0.000000
1708693821823106854,0.000000,0.000000,1.000000,0.000000
1708693821923172821,0.000000,0.000000,1.000000,0.000000
1708693822023279471,0.000000,0.000000,1.000000,0.000000
1708693822123393498,0.000000,0.000000,1.000000,0.000000
1708693822223487713,0.000000,0.000000,1.000000,0.000000
1708693822323584838,0.000000,0.000000,1.000000,0.000000
1708693822423688984,0.000000,0.000000,1.000000,0.000000
1708693822523796815,0.000000,0.000000,1.000000,0.000000
1708693822623861706,0.000000,0.000000,1.000000,0.000000
1708693822723958326,0.000000,0.000000,1.000000,0.000000
1708693822824057888,0.000000,0.000000,1.000000,0.000000
1708693822924124261,0.000000,0.000000,1.000000,0.000000
1708693823024223324,0.000000,0.050000,0.950000,0.000000
1708693823124325581,0.000000,0.000000,1.000000,0.000000
1708693823224445349,0.000000,0.000000,1.000000,0.000000
1708693823324509598,0.000000,0.000000,1.000000,0.000000
1708693823424562360,0.000000,0.000000,1.000000,0.000000
1708693823524674412,0.000000,0.000000,1.000000,0.000000
1708693823624772524,0.000000,0.000000,1.000000,0.000000
1708693823724833821,0.000000,0.000000,1.000000,0.000000
1708693823824908121,0.000000,0.000000,1.000000,0.000000
1708693823924952366,0.000000,0.000000,1.000000,0.000000
1708693824025065380,0.000000,0.000000,1.000000,0.000000
1708693824125087528,0.000000,0.000000,1.000000,0.000000
1708693824225207023,0.000000,0.000000,1.000000,0.000000
1708693824325300369,0.000000,0.000000,1.000000,0.000000
1708693824425374088,0.000000,0.000000,1.000000,0.000000
1708693824525446449,0.000000,0.050000,0.950000,0.000000
1708693824625499219,0.000000,0.000000,1.000000,0.000000
1708693824725612271,0.000000,0.000000,1.000000,0.000000
1708693824825714362,0.000000,0.000000,1.000000,0.000000
1708693824925784613,0.000000,0.000000,1.000000,0.000000
1708693825025883172,0.000000,0.050000,0.950000,0.000000
1708693825125996883,0.000000,0.000000,1.000000,0.000000
1708693825226032744,0.000000,0.000000,1.000000,0.000000
1708693825326120623,0.000000,0.000000,1.000000,0.000000
1708693825426248638,0.000000,0.000000,1.000000,0.000000
1708693825526317851,0.000000,0.000000,1.000000,0.000000
1708693825626373452,0.000000,0.000000,1.000000,0.000000
1708693825726448640,0.000000,0.000000,1.000000,0.000000
1708693825826499214,0.000000,0.000000,1.000000,0.000000
1708693825926625624,0.000000,0.000000,1.000000,0.000000
1708693826026720721,0.000000,0.000000,1.000000,0.000000
1708693826126821013,0.000000,0.000000,1.000000,0.000000
1708693826226926478,0.000000,0.000000,1.000000,0.000000
1708693826326967664,0.000000,0.000000,1.000000,0.000000
1708693826427036257,0.000000,0.000000,1.000000,0.000000
1708693826527112845,0.000000,0.000000,1.000000,0.000000
1708693826627179927,0.050000,0.000000,0.950000,0.000000
1708693826727289658,0.000000,0.052632,0.947368,0.000000
1708693826827392600,0.000000,0.000000,1.000000,0.000000
1708693826927440108,0.000000,0.000000,1.000000,0.000000
1708693827027556236,0.000000,0.000000,1.000000,0.000000
1708693827127666059,0.000000,0.000000,1.000000,0.000000
1708693827227763384,0.000000,0.000000,1.000000,0.000000
1708693827327867824,0.000000,0.000000,1.000000,0.000000
1708693827427923466,0.000000,0.000000,1.000000,0.000000
1708693827528060423,0.000000,0.000000,1.000000,0.000000
1708693827628155543,0.000000,0.050000,0.950000,0.000000
1708693827728267605,0.000000,0.000000,1.000000,0.000000
1708693827828374624,0.000000,0.000000,1.000000,0.000000
1708693827928449390,0.000000,0.000000,1.000000,0.000000
1708693828028489040,0.000000,0.000000,1.000000,0.000000
1708693828128577911,0.000000,0.000000,1.000000,0.000000
1708693828228623625,0.000000,0.000000,1.000000,0.000000
1708693828328744821,0.000000,0.000000,1.000000,0.000000
1708693828428846308,0.000000,0.000000,1.000000,0.000000
1708693828528951944,0.000000,0.000000,1.000000,0.000000
1708693828629066902,0.000000,0.050000,0.950000,0.000000
1708693828729106620,0.000000,0.000000,1.000000,0.000000
1708693828829161994,0.000000,0.000000,1.000000,0.000000
1708693828929276391,0.050000,0.000000,0.950000,0.000000
1708693829029386518,0.000000,0.050000,0.950000,0.000000
1708693829129444376,0.000000,0.000000,1.000000,0.000000
1708693829229499470,0.000000,0.000000,1.000000,0.000000
1708693829329613914,0.000000,0.000000,1.000000,0.000000
1708693829429721709,0.000000,0.000000,1.000000,0.000000
1708693829529756816,0.000000,0.000000,1.000000,0.000000
1708693829629872022,0.000000,0.000000,1.000000,0.000000
1708693829729906415,0.000000,0.000000,1.000000,0.000000
1708693829829959572,0.000000,0.000000,1.000000,0.000000
1708693829930080640,0.000000,0.050000,0.950000,0.000000
1708693830030190590,0.000000,0.000000,1.000000,0.000000
1708693830130252192,0.055556,0.000000,0.944444,0.000000
1708693830230363159,0.222222,0.111111,0.666667,0.000000
1708693830330541787,0.562500,0.312500,0.125000,0.000000
1708693830430615796,0.523810,0.428571,0.047619,0.000000
1708693830530764581,0.650000,0.350000,0.000000,0.000000
1708693830630897898,0.857143,0.095238,0.047619,0.000000
1708693830730954628,0.800000,0.200000,0.000000,0.000000
1708693830831107309,0.842105,0.105263,0.052632,0.000000
1708693830931218022,0.600000,0.300000,0.100000,0.000000
1708693831031256560,0.952381,0.047619,0.000000,0.000000
1708693831131365417,0.789474,0.052632,0.157895,0.000000
1708693831231492859,0.523810,0.142857,0.333333,0.000000
1708693831331520457,0.052632,0.052632,0.894737,0.000000
1708693831431652318,0.000000,0.050000,0.950000,0.000000
1708693831531725007,0.000000,0.000000,1.000000,0.000000
1708693831631772525,0.000000,0.000000,1.000000,0.000000
1708693831731896925,0.000000,0.000000,1.000000,0.000000
1708693831832009484,0.052632,0.000000,0.947368,0.000000
1708693831932046226,0.000000,0.000000,1.000000,0.000000
1708693832032079315,0.277778,0.111111,0.611111,0.000000
1708693832132267177,0.529412,0.352941,0.117647,0.000000
1708693832232382118,0.600000,0.350000,0.050000,0.000000
1708693832332437265,0.650000,0.300000,0.050000,0.000000
1708693832432591263,0.684211,0.315789,0.000000,0.000000
1708693832532708991,0.631579,0.368421,0.000000,0.000000
1708693832632832159,0.619048,0.380952,0.000000,0.000000
1708693832732960992,0.800000,0.200000,0.000000,0.000000
1708693832833056526,1.000000,0.000000,0.000000,0.000000
1708693832933198445,0.950000,0.050000,0.000000,0.000000
1708693833033326612,0.950000,0.050000,0.000000,0.000000
1708693833133379248,0.850000,0.150000,0.000000,0.000000
1708693833233508320,0.900000,0.100000,0.000000,0.000000
1708693833333650851,0.473684,0.105263,0.421053,0.000000
1708693833433707153,0.000000,0.055556,0.944444,0.000000
1708693833533780862,0.000000,0.000000,1.000000,0.055556
1708693833633905655,0.047619,0.047619,0.904762,0.000000
1708693833734011138,0.000000,0.000000,1.000000,0.000000
1708693833834130207,0.000000,0.000000,1.000000,0.000000
