Time,User,Kernel,Idle,IoWait
1708694325132570683,0.031250,0.015625,0.953125,0.000000
1708694325152656611,0.065574,0.032787,0.901639,0.000000
1708694325172757684,0.292308,0.153846,0.553846,0.000000
1708694325192863358,0.015152,0.030303,0.954545,0.000000
1708694325212954938,0.015873,0.015873,0.968254,0.000000
1708694325233059674,0.015385,0.030769,0.953846,0.000000
1708694325253125642,0.000000,0.031250,0.968750,0.000000
1708694325273212948,0.203125,0.046875,0.750000,0.000000
1708694325293325290,0.366667,0.083333,0.550000,0.000000
1708694325313443902,0.155172,0.086207,0.758621,0.000000
1708694325333535049,0.093750,0.015625,0.890625,0.000000
1708694325353636174,0.093750,0.046875,0.859375,0.000000
1708694325373754375,0.032787,0.032787,0.934426,0.000000
1708694325393850487,0.031250,0.093750,0.875000,0.000000
1708694325413952627,0.049180,0.065574,0.885246,0.000000
1708694325434070643,0.034483,0.068966,0.896552,0.000000
1708694325454182760,0.080645,0.080645,0.838710,0.000000
1708694325474297704,0.096774,0.096774,0.806452,0.000000
1708694325494425367,0.081967,0.098361,0.819672,0.000000
1708694325514535577,0.086207,0.034483,0.879310,0.000000
1708694325534639557,0.065574,0.098361,0.836066,0.000000
1708694325554750443,0.068966,0.051724,0.879310,0.000000
1708694325574856886,0.034483,0.137931,0.827586,0.000000
1708694325594977135,0.062500,0.140625,0.796875,0.000000
1708694325615104567,0.098361,0.081967,0.819672,0.000000
1708694325635266033,0.050847,0.118644,0.830508,0.000000
1708694325655399997,0.084746,0.084746,0.830508,0.000000
1708694325675515929,0.065574,0.098361,0.836066,0.000000
1708694325695648523,0.065574,0.131148,0.803279,0.000000
1708694325715760142,0.068966,0.086207,0.844828,0.000000
1708694325735885877,0.065574,0.131148,0.803279,0.000000
1708694325756034325,0.065574,0.147541,0.786885,0.000000
1708694325776128759,0.079365,0.126984,0.793651,0.000000
1708694325796261468,0.033333,0.133333,0.833333,0.000000
1708694325816380446,0.080645,0.129032,0.790323,0.000000
1708694325836535305,0.096774,0.161290,0.741935,0.000000
1708694325856655264,0.140625,0.140625,0.718750,0.000000
1708694325876806127,0.193548,0.129032,0.677419,0.000000
1708694325896945396,0.290323,0.274194,0.435484,0.000000
1708694325917086648,0.319444,0.250000,0.430556,0.000000
1708694325937240901,0.353846,0.323077,0.323077,0.000000
1708694325957389753,0.403226,0.241935,0.354839,0.000000
1708694325977550113,0.453125,0.234375,0.312500,0.000000
1708694325997665947,0.460317,0.222222,0.317460,0.000000
1708694326017821290,0.437500,0.250000,0.312500,0.000000
1708694326038597858,0.387097,0.322581,0.290323,0.000000
1708694326058515282,0.393939,0.318182,0.287879,0.000000
1708694326078639217,0.333333,0.444444,0.222222,0.000000
1708694326098812626,0.516129,0.338710,0.145161,0.000000
1708694326118997165,0.650794,0.238095,0.111111,0.000000
1708694326139167136,0.655738,0.163934,0.180328,0.000000
1708694326159325331,0.567164,0.208955,0.223881,0.000000
1708694326179509450,0.524590,0.262295,0.213115,0.000000
1708694326199664960,0.600000,0.150000,0.250000,0.000000
1708694326219808631,0.575758,0.196970,0.227273,0.000000
1708694326239983209,0.548387,0.177419,0.274194,0.000000
1708694326260123025,0.575342,0.164384,0.260274,0.000000
1708694326280265749,0.603175,0.079365,0.317460,0.000000
1708694326300402484,0.597015,0.134328,0.268657,0.000000
1708694326320543620,0.688525,0.065574,0.245902,0.000000
1708694326340725578,0.709091,0.090909,0.200000,0.000000
1708694326360882751,0.622642,0.094340,0.283019,0.000000
1708694326381042247,0.695652,0.086957,0.217391,0.000000
1708694326401169343,0.616438,0.054795,0.328767,0.000000
1708694326421283522,0.338983,0.050847,0.610169,0.000000
1708694326441440697,0.047619,0.031746,0.920635,0.000000
1708694326461527187,0.016129,0.016129,0.967742,0.000000
1708694326481639850,0.048387,0.032258,0.919355,0.000000
1708694326501749864,0.014286,0.157143,0.828571,0.000000
1708694326521835531,0.000000,0.000000,1.000000,0.000000
1708694326541904233,0.000000,0.000000,1.000000,0.000000
1708694326561980486,0.000000,0.000000,1.000000,0.000000
1708694326582055688,0.000000,0.000000,1.000000,0.000000
1708694326602136439,0.000000,0.000000,1.000000,0.000000
1708694326622215556,0.016129,0.000000,0.983871,0.000000
1708694326642298625,0.000000,0.000000,1.000000,0.000000
1708694326662372273,0.000000,0.000000,1.000000,0.000000
1708694326682447020,0.000000,0.000000,1.000000,0.000000
1708694326702522970,0.000000,0.000000,1.000000,0.000000
1708694326722601207,0.000000,0.000000,1.000000,0.000000
1708694326742675785,0.000000,0.000000,1.000000,0.000000
1708694326762757276,0.000000,0.000000,1.000000,0.000000
1708694326782831326,0.000000,0.000000,1.000000,0.000000
1708694326802907807,0.000000,0.000000,1.000000,0.000000
1708694326822985215,0.000000,0.000000,1.000000,0.000000
1708694326843063262,0.000000,0.000000,1.000000,0.000000
1708694326863147082,0.000000,0.000000,1.000000,0.000000
1708694326883222567,0.000000,0.000000,1.000000,0.000000
1708694326903297641,0.000000,0.000000,1.000000,0.000000
1708694326923373275,0.000000,0.000000,1.000000,0.000000
1708694326943451870,0.000000,0.000000,1.000000,0.000000
1708694326963529554,0.000000,0.000000,1.000000,0.000000
1708694326983603067,0.000000,0.000000,1.000000,0.000000
1708694327003690088,0.000000,0.000000,1.000000,0.000000
1708694327023779551,0.000000,0.000000,1.000000,0.000000
1708694327043868077,0.000000,0.000000,1.000000,0.000000
1708694327063938738,0.000000,0.000000,1.000000,0.015873
1708694327084018192,0.000000,0.000000,1.000000,0.000000
1708694327104094230,0.000000,0.000000,1.000000,0.000000
1708694327124174341,0.000000,0.000000,1.000000,0.000000
1708694327144253352,0.000000,0.000000,1.000000,0.000000
1708694327164329367,0.000000,0.000000,1.000000,0.000000
1708694327184414083,0.000000,0.015625,0.984375,0.000000
1708694327204518078,0.000000,0.000000,1.000000,0.000000
1708694327224602874,0.000000,0.000000,1.000000,0.000000
1708694327244684908,0.000000,0.000000,1.000000,0.000000
1708694327264760232,0.000000,0.015625,0.984375,0.000000
1708694327284838948,0.000000,0.000000,1.000000,0.000000
1708694327304922658,0.210526,0.035088,0.754386,0.000000
1708694327325089630,0.281690,0.098592,0.619718,0.000000
1708694327345158976,0.032258,0.000000,0.967742,0.000000
1708694327365234223,0.000000,0.000000,1.000000,0.000000
1708694327385318044,0.000000,0.000000,1.000000,0.000000
1708694327405400570,0.029851,0.044776,0.925373,0.000000
1708694327425516416,0.032258,0.048387,0.919355,0.000000
1708694327445632048,0.032787,0.065574,0.901639,0.000000
1708694327465736376,0.032258,0.064516,0.903226,0.000000
1708694327485844815,0.048387,0.064516,0.887097,0.000000
1708694327505982881,0.016667,0.083333,0.900000,0.000000
1708694327526096694,0.032787,0.098361,0.868852,0.000000
1708694327546206509,0.033333,0.066667,0.900000,0.000000
1708694327566327420,0.065574,0.081967,0.852459,0.000000
1708694327586460480,0.066667,0.066667,0.866667,0.000000
1708694327606590831,0.065574,0.081967,0.852459,0.000000
1708694327626702498,0.065574,0.131148,0.803279,0.000000
1708694327646828062,0.064516,0.129032,0.806452,0.000000
1708694327666932468,0.047619,0.095238,0.857143,0.000000
1708694327687018990,0.136364,0.075758,0.787879,0.000000
1708694327707127225,0.169231,0.107692,0.723077,0.000000
1708694327727305304,0.206349,0.142857,0.650794,0.000000
1708694327747466761,0.203125,0.203125,0.593750,0.000000
1708694327767581745,0.366667,0.333333,0.300000,0.000000
1708694327787730694,0.578125,0.187500,0.234375,0.000000
1708694327807902088,0.491803,0.295082,0.213115,0.000000
1708694327828111319,0.522388,0.223881,0.253731,0.000000
1708694327848272494,0.432836,0.208955,0.358209,0.000000
1708694327868424169,0.383333,0.333333,0.283333,0.000000
1708694327888579319,0.453125,0.265625,0.281250,0.000000
1708694327908722713,0.507937,0.158730,0.333333,0.000000
1708694327928901251,0.607143,0.285714,0.107143,0.000000
1708694327949048544,0.716216,0.202703,0.081081,0.000000
1708694327974969744,0.592105,0.250000,0.157895,0.000000
1708694327993241871,0.678571,0.178571,0.142857,0.000000
1708694328013365542,0.533333,0.166667,0.300000,0.000000
1708694328033515380,0.564516,0.241935,0.193548,0.000000
1708694328053652314,0.741935,0.145161,0.112903,0.000000
1708694328073830138,0.728814,0.135593,0.135593,0.000000
1708694328093956057,0.686567,0.179104,0.134328,0.000000
1708694328114128635,0.709677,0.129032,0.161290,0.000000
1708694328134281602,0.586207,0.172414,0.241379,0.000000
1708694328154427674,0.666667,0.140351,0.192982,0.000000
1708694328174554759,0.765625,0.062500,0.171875,0.000000
1708694328194676523,0.629032,0.080645,0.290323,0.000000
1708694328214798339,0.603448,0.103448,0.293103,0.000000
1708694328234943274,0.483333,0.116667,0.400000,0.000000
1708694328255118765,0.448276,0.103448,0.448276,0.000000
1708694328275212643,0.380952,0.095238,0.523810,0.000000
1708694328295334767,0.571429,0.142857,0.285714,0.000000
1708694328315458620,0.184615,0.046154,0.769231,0.000000
1708694328335551308,0.000000,0.015625,0.984375,0.000000
1708694328355624311,0.000000,0.000000,1.000000,0.000000
1708694328375704266,0.016129,0.016129,0.967742,0.000000
1708694328395791335,0.015625,0.000000,0.984375,0.000000
1708694328415864833,0.000000,0.000000,1.000000,0.000000
1708694328435941309,0.000000,0.000000,1.000000,0.000000
1708694328456017282,0.000000,0.000000,1.000000,0.000000
1708694328476095616,0.000000,0.000000,1.000000,0.000000
1708694328496182425,0.000000,0.000000,1.000000,0.000000
1708694328516256600,0.000000,0.000000,1.000000,0.000000
1708694328536331671,0.000000,0.000000,1.000000,0.000000
1708694328556409772,0.000000,0.000000,1.000000,0.000000
1708694328576490304,0.000000,0.000000,1.000000,0.000000
1708694328596567690,0.000000,0.000000,1.000000,0.000000
1708694328616648581,0.000000,0.000000,1.000000,0.000000
1708694328636719644,0.000000,0.000000,1.000000,0.000000
1708694328656797216,0.000000,0.000000,1.000000,0.000000
1708694328676871258,0.000000,0.000000,1.000000,0.000000
1708694328696944454,0.000000,0.000000,1.000000,0.000000
1708694328717023224,0.000000,0.000000,1.000000,0.000000
1708694328737098114,0.000000,0.000000,1.000000,0.000000
1708694328757172521,0.000000,0.000000,1.000000,0.000000
1708694328777253124,0.000000,0.000000,1.000000,0.000000
1708694328797327627,0.000000,0.000000,1.000000,0.000000
1708694328817401723,0.000000,0.000000,1.000000,0.000000
1708694328837479862,0.000000,0.000000,1.000000,0.000000
1708694328857553795,0.000000,0.000000,1.000000,0.000000
1708694328877627265,0.000000,0.000000,1.000000,0.000000
1708694328897698995,0.000000,0.000000,1.000000,0.000000
1708694328917773557,0.000000,0.000000,1.000000,0.000000
1708694328937845795,0.000000,0.000000,1.000000,0.000000
1708694328957919524,0.000000,0.000000,1.000000,0.000000
1708694328977992532,0.000000,0.000000,1.000000,0.000000
1708694328998067970,0.000000,0.000000,1.000000,0.000000
1708694329018141514,0.000000,0.015385,0.984615,0.000000
1708694329038216175,0.000000,0.000000,1.000000,0.000000
1708694329058290338,0.000000,0.015625,0.984375,0.000000
1708694329078366100,0.000000,0.000000,1.000000,0.000000
1708694329098441891,0.000000,0.000000,1.000000,0.000000
1708694329118515293,0.000000,0.000000,1.000000,0.000000
1708694329138589840,0.000000,0.000000,1.000000,0.000000
1708694329158663245,0.000000,0.000000,1.000000,0.000000
1708694329178737751,0.000000,0.000000,1.000000,0.000000
1708694329198811578,0.000000,0.000000,1.000000,0.000000
1708694329218885610,0.000000,0.015385,0.984615,0.000000
1708694329238960278,0.000000,0.000000,1.000000,0.000000
1708694329259033524,0.000000,0.000000,1.000000,0.000000
1708694329279106174,0.000000,0.015385,0.984615,0.000000
1708694329299180378,0.000000,0.000000,1.000000,0.000000
1708694329319254261,0.000000,0.000000,1.000000,0.000000
1708694329339328229,0.000000,0.000000,1.000000,0.000000
1708694329359402991,0.000000,0.000000,1.000000,0.000000
1708694329379476132,0.000000,0.015625,0.984375,0.000000
1708694329399552396,0.000000,0.000000,1.000000,0.000000
1708694329419626956,0.000000,0.000000,1.000000,0.000000
1708694329439702777,0.000000,0.000000,1.000000,0.000000
1708694329459774997,0.000000,0.000000,1.000000,0.000000
1708694329479849550,0.000000,0.000000,1.000000,0.000000
1708694329499923433,0.000000,0.015625,0.984375,0.000000
1708694329519997321,0.000000,0.000000,1.000000,0.000000
1708694329540070872,0.000000,0.000000,1.000000,0.000000
1708694329560143716,0.000000,0.015385,0.984615,0.000000
1708694329580217275,0.000000,0.015625,0.984375,0.000000
1708694329600291923,0.000000,0.015385,0.984615,0.000000
1708694329620366240,0.000000,0.000000,1.000000,0.000000
1708694329640440102,0.000000,0.000000,1.000000,0.000000
1708694329660513075,0.000000,0.000000,1.000000,0.000000
1708694329680586166,0.000000,0.000000,1.000000,0.000000
1708694329700661552,0.000000,0.000000,1.000000,0.000000
1708694329720736051,0.000000,0.000000,1.000000,0.000000
1708694329740808653,0.000000,0.015385,0.984615,0.000000
1708694329760882378,0.000000,0.000000,1.000000,0.000000
1708694329780956617,0.000000,0.000000,1.000000,0.000000
1708694329801048065,0.000000,0.000000,1.000000,0.000000
1708694329821115522,0.000000,0.000000,1.000000,0.000000
1708694329841189339,0.000000,0.000000,1.000000,0.000000
1708694329861263008,0.000000,0.000000,1.000000,0.000000
1708694329881337158,0.000000,0.000000,1.000000,0.000000
1708694329901410196,0.000000,0.000000,1.000000,0.000000
1708694329921484180,0.000000,0.000000,1.000000,0.000000
1708694329941558158,0.000000,0.000000,1.000000,0.000000
1708694329961629821,0.000000,0.000000,1.000000,0.000000
1708694329981702714,0.000000,0.000000,1.000000,0.000000
1708694330001775675,0.000000,0.000000,1.000000,0.000000
1708694330021849756,0.000000,0.000000,1.000000,0.000000
1708694330041922473,0.000000,0.000000,1.000000,0.000000
1708694330061995190,0.000000,0.000000,1.000000,0.000000
1708694330082068366,0.000000,0.000000,1.000000,0.000000
1708694330102140779,0.000000,0.000000,1.000000,0.000000
1708694330122213590,0.000000,0.000000,1.000000,0.000000
1708694330142286193,0.000000,0.000000,1.000000,0.000000
1708694330162358596,0.000000,0.000000,1.000000,0.000000
1708694330182431610,0.000000,0.000000,1.000000,0.000000
1708694330202505991,0.000000,0.000000,1.000000,0.000000
1708694330222580997,0.000000,0.000000,1.000000,0.000000
1708694330242662163,0.000000,0.000000,1.000000,0.000000
1708694330262735320,0.000000,0.000000,1.000000,0.000000
1708694330282816657,0.000000,0.000000,1.000000,0.000000
1708694330302888005,0.000000,0.000000,1.000000,0.000000
1708694330322962032,0.000000,0.000000,1.000000,0.000000
1708694330343036239,0.000000,0.000000,1.000000,0.000000
1708694330363109215,0.000000,0.000000,1.000000,0.000000
1708694330383182132,0.000000,0.000000,1.000000,0.000000
1708694330403255292,0.000000,0.000000,1.000000,0.000000
1708694330423327871,0.000000,0.000000,1.000000,0.000000
1708694330443400600,0.000000,0.000000,1.000000,0.000000
1708694330463474085,0.000000,0.000000,1.000000,0.000000
1708694330483546394,0.000000,0.000000,1.000000,0.000000
1708694330503619865,0.000000,0.000000,1.000000,0.000000
1708694330523692166,0.000000,0.000000,1.000000,0.000000
1708694330543764736,0.000000,0.000000,1.000000,0.000000
1708694330563837761,0.000000,0.000000,1.000000,0.000000
1708694330583910338,0.000000,0.000000,1.000000,0.000000
1708694330603984406,0.000000,0.000000,1.000000,0.000000
1708694330624057185,0.000000,0.000000,1.000000,0.000000
1708694330644132285,0.000000,0.000000,1.000000,0.000000
1708694330664207147,0.000000,0.000000,1.000000,0.000000
1708694330684279305,0.000000,0.000000,1.000000,0.000000
1708694330704354050,0.000000,0.000000,1.000000,0.000000
1708694330724429669,0.000000,0.000000,1.000000,0.000000
1708694330744504768,0.000000,0.000000,1.000000,0.000000
1708694330764579155,0.000000,0.000000,1.000000,0.000000
1708694330784653987,0.000000,0.000000,1.000000,0.000000
1708694330804735513,0.000000,0.000000,1.000000,0.000000
1708694330824810067,0.000000,0.000000,1.000000,0.000000
1708694330844884027,0.000000,0.000000,1.000000,0.000000
1708694330864958580,0.000000,0.000000,1.000000,0.000000
1708694330885054828,0.000000,0.015385,0.984615,0.000000
1708694330905121826,0.000000,0.000000,1.000000,0.000000
1708694330925195994,0.000000,0.000000,1.000000,0.000000
1708694330945269531,0.000000,0.000000,1.000000,0.000000
1708694330965342670,0.000000,0.000000,1.000000,0.000000
1708694330985417962,0.000000,0.000000,1.000000,0.000000
1708694331005493420,0.000000,0.000000,1.000000,0.000000
1708694331025569417,0.015385,0.000000,0.984615,0.000000
1708694331045642650,0.000000,0.000000,1.000000,0.000000
1708694331065722514,0.000000,0.000000,1.000000,0.000000
1708694331085793680,0.000000,0.000000,1.000000,0.000000
1708694331105868823,0.000000,0.000000,1.000000,0.000000
1708694331125942351,0.000000,0.000000,1.000000,0.000000
1708694331146014651,0.000000,0.000000,1.000000,0.000000
1708694331166088250,0.000000,0.000000,1.000000,0.000000
1708694331186162608,0.000000,0.000000,1.000000,0.000000
1708694331206235205,0.000000,0.000000,1.000000,0.000000
1708694331226310306,0.000000,0.000000,1.000000,0.000000
1708694331246385096,0.000000,0.000000,1.000000,0.000000
1708694331266461265,0.000000,0.000000,1.000000,0.000000
1708694331286534348,0.000000,0.000000,1.000000,0.000000
1708694331306607180,0.000000,0.000000,1.000000,0.000000
1708694331326680862,0.000000,0.000000,1.000000,0.000000
1708694331346753701,0.000000,0.000000,1.000000,0.000000
1708694331366826582,0.015152,0.015152,0.969697,0.000000
1708694331386906089,0.000000,0.000000,1.000000,0.000000
1708694331406983744,0.000000,0.015385,0.984615,0.000000
1708694331427066368,0.000000,0.000000,1.000000,0.000000
1708694331447135496,0.000000,0.000000,1.000000,0.000000
1708694331467207988,0.000000,0.000000,1.000000,0.000000
1708694331487283031,0.000000,0.000000,1.000000,0.000000
1708694331507355985,0.000000,0.000000,1.000000,0.000000
1708694331527431327,0.000000,0.000000,1.000000,0.000000
1708694331547503941,0.000000,0.000000,1.000000,0.000000
1708694331567579092,0.000000,0.000000,1.000000,0.000000
1708694331587653311,0.000000,0.000000,1.000000,0.000000
1708694331607727659,0.000000,0.000000,1.000000,0.000000
1708694331627803671,0.000000,0.000000,1.000000,0.000000
1708694331647890141,0.000000,0.000000,1.000000,0.000000
1708694331667960768,0.000000,0.000000,1.000000,0.000000
1708694331688034573,0.000000,0.000000,1.000000,0.000000
1708694331708110423,0.000000,0.000000,1.000000,0.000000
1708694331728187676,0.000000,0.000000,1.000000,0.000000
1708694331748263595,0.000000,0.000000,1.000000,0.000000
1708694331768337973,0.000000,0.000000,1.000000,0.000000
1708694331788412789,0.000000,0.000000,1.000000,0.000000
1708694331808489890,0.000000,0.000000,1.000000,0.000000
1708694331828564462,0.000000,0.000000,1.000000,0.000000
1708694331848639565,0.000000,0.000000,1.000000,0.000000
1708694331868714417,0.000000,0.000000,1.000000,0.000000
1708694331888789614,0.000000,0.000000,1.000000,0.000000
1708694331908867630,0.000000,0.000000,1.000000,0.000000
1708694331928941471,0.000000,0.000000,1.000000,0.000000
1708694331948967142,0.000000,0.000000,1.000000,0.000000
1708694331969056530,0.000000,0.000000,1.000000,0.000000
1708694331989131062,0.000000,0.000000,1.000000,0.000000
1708694332009203452,0.000000,0.000000,1.000000,0.000000
1708694332029276583,0.000000,0.000000,1.000000,0.000000
1708694332049350565,0.000000,0.000000,1.000000,0.000000
1708694332069423608,0.000000,0.000000,1.000000,0.000000
1708694332089497699,0.000000,0.000000,1.000000,0.000000
1708694332109579150,0.000000,0.000000,1.000000,0.000000
1708694332129649370,0.000000,0.000000,1.000000,0.000000
1708694332149722692,0.000000,0.000000,1.000000,0.000000
1708694332169796380,0.000000,0.000000,1.000000,0.000000
1708694332189869505,0.000000,0.000000,1.000000,0.000000
1708694332209943313,0.000000,0.000000,1.000000,0.000000
1708694332230019642,0.000000,0.000000,1.000000,0.000000
1708694332250092307,0.000000,0.000000,1.000000,0.000000
1708694332270164429,0.000000,0.000000,1.000000,0.000000
1708694332290238707,0.000000,0.000000,1.000000,0.000000
1708694332310312684,0.000000,0.000000,1.000000,0.000000
1708694332330387617,0.000000,0.000000,1.000000,0.000000
1708694332350460193,0.000000,0.000000,1.000000,0.000000
1708694332370533118,0.000000,0.000000,1.000000,0.000000
1708694332390606255,0.000000,0.000000,1.000000,0.015625
1708694332410679540,0.000000,0.000000,1.000000,0.000000
1708694332430752609,0.000000,0.000000,1.000000,0.000000
1708694332450826947,0.000000,0.000000,1.000000,0.000000
1708694332470899799,0.000000,0.000000,1.000000,0.015625
1708694332490974332,0.000000,0.000000,1.000000,0.015873
1708694332511049505,0.000000,0.000000,1.000000,0.000000
1708694332531122032,0.000000,0.000000,1.000000,0.000000
1708694332551195207,0.000000,0.000000,1.000000,0.000000
1708694332571268746,0.000000,0.000000,1.000000,0.000000
1708694332591343160,0.000000,0.000000,1.000000,0.000000
1708694332611417646,0.000000,0.000000,1.000000,0.000000
1708694332631491612,0.000000,0.000000,1.000000,0.000000
1708694332651564783,0.000000,0.000000,1.000000,0.015625
1708694332671640017,0.000000,0.000000,1.000000,0.000000
1708694332691712764,0.000000,0.000000,1.000000,0.000000
1708694332711788448,0.000000,0.000000,1.000000,0.000000
1708694332731860701,0.000000,0.000000,1.000000,0.015625
1708694332751945688,0.000000,0.000000,1.000000,0.000000
1708694332772015948,0.000000,0.000000,1.000000,0.000000
1708694332792088849,0.000000,0.000000,1.000000,0.000000
1708694332812162494,0.000000,0.000000,1.000000,0.000000
1708694332832236347,0.000000,0.000000,1.000000,0.000000
1708694332852309898,0.000000,0.000000,1.000000,0.000000
1708694332872382391,0.000000,0.000000,1.000000,0.000000
1708694332892456281,0.000000,0.000000,1.000000,0.000000
1708694332912528831,0.000000,0.000000,1.000000,0.000000
1708694332932602562,0.000000,0.000000,1.000000,0.000000
1708694332952675290,0.000000,0.000000,1.000000,0.000000
1708694332972750311,0.000000,0.000000,1.000000,0.000000
1708694332992824888,0.000000,0.000000,1.000000,0.000000
1708694333012897851,0.000000,0.000000,1.000000,0.000000
1708694333032990517,0.000000,0.000000,1.000000,0.000000
1708694333053058420,0.000000,0.000000,1.000000,0.000000
1708694333073132814,0.000000,0.000000,1.000000,0.000000
1708694333093207118,0.000000,0.000000,1.000000,0.000000
1708694333113280796,0.000000,0.000000,1.000000,0.000000
1708694333133353407,0.000000,0.000000,1.000000,0.000000
1708694333153427362,0.000000,0.000000,1.000000,0.000000
1708694333173500360,0.000000,0.000000,1.000000,0.000000
1708694333193575371,0.000000,0.000000,1.000000,0.000000
1708694333213648314,0.000000,0.000000,1.000000,0.000000
1708694333233721815,0.000000,0.000000,1.000000,0.000000
1708694333253796706,0.000000,0.000000,1.000000,0.000000
1708694333273871123,0.000000,0.000000,1.000000,0.000000
1708694333293944797,0.000000,0.000000,1.000000,0.000000
1708694333314017933,0.000000,0.000000,1.000000,0.000000
1708694333334091583,0.000000,0.000000,1.000000,0.000000
1708694333354165254,0.000000,0.000000,1.000000,0.000000
1708694333374238255,0.000000,0.000000,1.000000,0.000000
1708694333394311956,0.000000,0.000000,1.000000,0.000000
1708694333414385638,0.000000,0.000000,1.000000,0.000000
1708694333434458636,0.000000,0.000000,1.000000,0.000000
1708694333454532888,0.000000,0.000000,1.000000,0.000000
1708694333474605221,0.000000,0.000000,1.000000,0.000000
1708694333494678056,0.000000,0.000000,1.000000,0.000000
1708694333514752237,0.000000,0.000000,1.000000,0.000000
1708694333534825059,0.000000,0.000000,1.000000,0.000000
1708694333554898908,0.000000,0.000000,1.000000,0.000000
1708694333574974332,0.000000,0.000000,1.000000,0.000000
1708694333595046486,0.000000,0.000000,1.000000,0.000000
1708694333615119612,0.000000,0.000000,1.000000,0.000000
1708694333635192620,0.000000,0.000000,1.000000,0.000000
1708694333655269069,0.000000,0.000000,1.000000,0.000000
1708694333675342419,0.000000,0.000000,1.000000,0.000000
1708694333695415863,0.000000,0.000000,1.000000,0.000000
1708694333715488608,0.000000,0.000000,1.000000,0.000000
1708694333735562299,0.000000,0.000000,1.000000,0.000000
1708694333755635573,0.000000,0.000000,1.000000,0.000000
1708694333775708922,0.000000,0.000000,1.000000,0.000000
1708694333795784702,0.000000,0.000000,1.000000,0.000000
1708694333815869781,0.000000,0.000000,1.000000,0.000000
1708694333835940344,0.000000,0.000000,1.000000,0.000000
1708694333856013428,0.000000,0.000000,1.000000,0.000000
1708694333876086287,0.000000,0.000000,1.000000,0.000000
1708694333896162533,0.000000,0.000000,1.000000,0.000000
1708694333916234458,0.000000,0.000000,1.000000,0.000000
1708694333936308196,0.000000,0.000000,1.000000,0.000000
1708694333956380808,0.000000,0.000000,1.000000,0.000000
1708694333976453672,0.000000,0.000000,1.000000,0.000000
1708694333996526773,0.000000,0.000000,1.000000,0.000000
1708694334016599916,0.000000,0.000000,1.000000,0.000000
1708694334036673101,0.000000,0.000000,1.000000,0.000000
1708694334056745968,0.000000,0.000000,1.000000,0.000000
1708694334076818824,0.000000,0.000000,1.000000,0.000000
1708694334096891791,0.000000,0.000000,1.000000,0.000000
1708694334116964332,0.000000,0.015385,0.984615,0.000000
1708694334137058964,0.000000,0.000000,1.000000,0.000000
1708694334157124541,0.000000,0.000000,1.000000,0.000000
1708694334177198338,0.000000,0.000000,1.000000,0.000000
1708694334197271598,0.000000,0.000000,1.000000,0.000000
1708694334217344541,0.000000,0.000000,1.000000,0.000000
1708694334237418237,0.000000,0.000000,1.000000,0.000000
1708694334257491084,0.000000,0.000000,1.000000,0.000000
1708694334277564351,0.000000,0.000000,1.000000,0.000000
1708694334297638962,0.000000,0.000000,1.000000,0.000000
1708694334317712019,0.000000,0.000000,1.000000,0.000000
1708694334337786275,0.000000,0.000000,1.000000,0.000000
1708694334357859498,0.000000,0.000000,1.000000,0.000000
1708694334377932777,0.000000,0.000000,1.000000,0.000000
1708694334398005218,0.000000,0.000000,1.000000,0.000000
1708694334418078219,0.000000,0.000000,1.000000,0.000000
1708694334438152720,0.000000,0.000000,1.000000,0.000000
1708694334458226255,0.000000,0.000000,1.000000,0.000000
1708694334478299830,0.000000,0.000000,1.000000,0.000000
1708694334498373135,0.000000,0.000000,1.000000,0.000000
1708694334518446865,0.000000,0.000000,1.000000,0.000000
1708694334538519453,0.000000,0.000000,1.000000,0.000000
1708694334558592389,0.000000,0.000000,1.000000,0.000000
1708694334578665953,0.000000,0.000000,1.000000,0.000000
1708694334598739851,0.000000,0.000000,1.000000,0.000000
1708694334618812184,0.000000,0.000000,1.000000,0.000000
1708694334638887532,0.000000,0.000000,1.000000,0.000000
1708694334658963400,0.000000,0.000000,1.000000,0.000000
1708694334679035933,0.000000,0.000000,1.000000,0.000000
1708694334699110833,0.000000,0.000000,1.000000,0.000000
1708694334719184166,0.000000,0.000000,1.000000,0.000000
1708694334739256844,0.000000,0.000000,1.000000,0.000000
1708694334759330907,0.000000,0.000000,1.000000,0.000000
1708694334779403788,0.000000,0.000000,1.000000,0.000000
1708694334799476296,0.000000,0.000000,1.000000,0.000000
1708694334819549435,0.000000,0.000000,1.000000,0.000000
1708694334839622141,0.000000,0.000000,1.000000,0.000000
1708694334859695573,0.000000,0.000000,1.000000,0.000000
1708694334879768951,0.000000,0.000000,1.000000,0.000000
1708694334899841912,0.000000,0.000000,1.000000,0.000000
1708694334919927466,0.000000,0.000000,1.000000,0.000000
1708694334939997406,0.000000,0.000000,1.000000,0.000000
1708694334960072385,0.000000,0.000000,1.000000,0.000000
1708694334980146363,0.000000,0.000000,1.000000,0.000000
1708694335000219544,0.000000,0.000000,1.000000,0.000000
1708694335020292082,0.000000,0.000000,1.000000,0.000000
1708694335040365956,0.000000,0.000000,1.000000,0.000000
1708694335060438379,0.000000,0.000000,1.000000,0.000000
1708694335080511591,0.000000,0.000000,1.000000,0.000000
1708694335100584426,0.000000,0.000000,1.000000,0.000000
1708694335120657491,0.000000,0.000000,1.000000,0.000000
1708694335140729989,0.000000,0.000000,1.000000,0.000000
1708694335160803158,0.000000,0.000000,1.000000,0.000000
1708694335180876347,0.000000,0.000000,1.000000,0.000000
1708694335200950109,0.000000,0.000000,1.000000,0.000000
1708694335220961970,0.000000,0.000000,1.000000,0.000000
1708694335241055522,0.000000,0.000000,1.000000,0.000000
1708694335261130894,0.000000,0.000000,1.000000,0.000000
1708694335281203237,0.000000,0.000000,1.000000,0.000000
1708694335301283384,0.000000,0.000000,1.000000,0.000000
1708694335321354975,0.000000,0.000000,1.000000,0.000000
1708694335341430231,0.000000,0.000000,1.000000,0.000000
1708694335361502918,0.000000,0.000000,1.000000,0.000000
1708694335381575328,0.000000,0.000000,1.000000,0.000000
1708694335401649094,0.000000,0.000000,1.000000,0.000000
1708694335421738723,0.000000,0.000000,1.000000,0.000000
1708694335441806345,0.000000,0.000000,1.000000,0.000000
1708694335461878724,0.000000,0.000000,1.000000,0.000000
1708694335481951362,0.000000,0.000000,1.000000,0.000000
1708694335502024264,0.000000,0.000000,1.000000,0.000000
1708694335522097162,0.000000,0.000000,1.000000,0.000000
1708694335542169621,0.000000,0.000000,1.000000,0.000000
1708694335562242259,0.000000,0.000000,1.000000,0.000000
1708694335582316075,0.000000,0.000000,1.000000,0.000000
1708694335602389658,0.000000,0.000000,1.000000,0.000000
1708694335622462202,0.000000,0.000000,1.000000,0.000000
1708694335642536824,0.000000,0.000000,1.000000,0.000000
1708694335662609353,0.000000,0.000000,1.000000,0.000000
1708694335682682113,0.000000,0.000000,1.000000,0.000000
1708694335702756895,0.000000,0.000000,1.000000,0.000000
1708694335722835074,0.000000,0.000000,1.000000,0.000000
1708694335742910818,0.000000,0.000000,1.000000,0.000000
1708694335762985122,0.000000,0.000000,1.000000,0.000000
1708694335783059115,0.000000,0.000000,1.000000,0.000000
1708694335803132052,0.000000,0.000000,1.000000,0.000000
1708694335823204290,0.000000,0.000000,1.000000,0.000000
1708694335843277098,0.000000,0.000000,1.000000,0.000000
1708694335863350537,0.000000,0.000000,1.000000,0.000000
1708694335883425155,0.000000,0.000000,1.000000,0.000000
1708694335903496849,0.000000,0.000000,1.000000,0.000000
1708694335923569061,0.000000,0.000000,1.000000,0.000000
1708694335943643570,0.000000,0.000000,1.000000,0.000000
1708694335963715724,0.000000,0.000000,1.000000,0.000000
1708694335983790312,0.000000,0.000000,1.000000,0.000000
1708694336003866663,0.000000,0.000000,1.000000,0.000000
1708694336023940425,0.000000,0.000000,1.000000,0.000000
1708694336044012951,0.000000,0.000000,1.000000,0.000000
1708694336064085854,0.000000,0.000000,1.000000,0.000000
1708694336084158262,0.000000,0.000000,1.000000,0.000000
1708694336104231460,0.000000,0.000000,1.000000,0.000000
1708694336124304036,0.000000,0.000000,1.000000,0.000000
1708694336144376947,0.000000,0.000000,1.000000,0.000000
1708694336164449538,0.000000,0.000000,1.000000,0.000000
1708694336184540175,0.064516,0.000000,0.935484,0.000000
1708694336204665250,0.186441,0.118644,0.694915,0.000000
1708694336224787288,0.179104,0.059701,0.761194,0.000000
1708694336244884969,0.033333,0.016667,0.950000,0.000000
1708694336265012958,0.422535,0.098592,0.478873,0.000000
1708694336285126496,0.454545,0.072727,0.472727,0.000000
1708694336305230025,0.288136,0.050847,0.661017,0.000000
1708694336325391334,0.087719,0.052632,0.859649,0.000000
1708694336345514502,0.186441,0.101695,0.711864,0.000000
1708694336365640202,0.084746,0.050847,0.864407,0.000000
1708694336385787659,0.129032,0.096774,0.774194,0.000000
1708694336405887973,0.155172,0.103448,0.741379,0.000000
1708694336425996639,0.100000,0.066667,0.833333,0.000000
1708694336446138823,0.066667,0.100000,0.833333,0.000000
1708694336466428975,0.096774,0.096774,0.806452,0.000000
1708694336486517460,0.098361,0.081967,0.819672,0.000000
1708694336506625426,0.035088,0.087719,0.877193,0.000000
1708694336526756423,0.071429,0.053571,0.875000,0.000000
1708694336546873253,0.050000,0.116667,0.833333,0.000000
1708694336566990752,0.129032,0.080645,0.790323,0.000000
1708694336587119035,0.065574,0.098361,0.836066,0.000000
1708694336607241268,0.066667,0.116667,0.816667,0.000000
1708694336627421096,0.098361,0.081967,0.819672,0.000000
1708694336647512410,0.123077,0.123077,0.753846,0.000000
1708694336667625124,0.100000,0.083333,0.816667,0.000000
1708694336687741662,0.068966,0.103448,0.827586,0.000000
1708694336707899670,0.098361,0.098361,0.803279,0.000000
1708694336728005346,0.098361,0.114754,0.786885,0.000000
1708694336748111066,0.067797,0.067797,0.864407,0.000000
1708694336768235267,0.131148,0.098361,0.770492,0.000000
1708694336788344821,0.033898,0.118644,0.847458,0.000000
1708694336808455846,0.080645,0.096774,0.822581,0.000000
1708694336828562234,0.053571,0.053571,0.892857,0.000000
1708694336848692925,0.065574,0.114754,0.819672,0.000000
1708694336868799528,0.050847,0.118644,0.830508,0.000000
1708694336888910809,0.048387,0.145161,0.806452,0.000000
1708694336909015685,0.081967,0.098361,0.819672,0.000000
1708694336929157089,0.048387,0.161290,0.790323,0.000000
1708694336949284147,0.078125,0.125000,0.796875,0.000000
1708694336969421175,0.114754,0.098361,0.786885,0.000000
1708694336989540690,0.114754,0.180328,0.704918,0.000000
1708694337009658581,0.171875,0.343750,0.484375,0.000000
1708694337029806391,0.296875,0.375000,0.328125,0.000000
1708694337049956115,0.484375,0.328125,0.187500,0.000000
1708694337070132595,0.476923,0.492308,0.030769,0.000000
1708694337090302419,0.593750,0.375000,0.031250,0.000000
1708694337110473320,0.587302,0.412698,0.000000,0.000000
1708694337130646280,0.625000,0.359375,0.015625,0.000000
1708694337150816799,0.640625,0.343750,0.015625,0.000000
1708694337170992049,0.593750,0.359375,0.046875,0.000000
1708694337191177461,0.698413,0.301587,0.000000,0.000000
1708694337211391988,0.703125,0.281250,0.015625,0.000000
1708694337231577675,0.777778,0.222222,0.000000,0.000000
1708694337251780873,0.815385,0.184615,0.000000,0.000000
1708694337271957171,0.746032,0.238095,0.015873,0.000000
1708694337292122437,0.655738,0.327869,0.016393,0.000000
1708694337312327934,0.671875,0.312500,0.015625,0.000000
1708694337332498247,0.730159,0.269841,0.000000,0.000000
1708694337352683544,0.718750,0.265625,0.015625,0.000000
1708694337372884017,0.873016,0.126984,0.000000,0.000000
1708694337393054452,0.844156,0.129870,0.025974,0.000000
1708694337413230825,0.761905,0.222222,0.015873,0.000000
1708694337433414649,0.890625,0.109375,0.000000,0.000000
1708694337453585884,0.859375,0.125000,0.015625,0.000000
1708694337473801460,0.843750,0.156250,0.000000,0.000000
1708694337493990126,0.838710,0.161290,0.000000,0.000000
1708694337525534847,0.911111,0.088889,0.000000,0.000000
1708694337541939987,0.873016,0.126984,0.000000,0.000000
1708694337562131517,0.846154,0.138462,0.015385,0.000000
1708694337582311469,0.920635,0.079365,0.000000,0.000000
1708694337602519026,0.875000,0.125000,0.000000,0.000000
1708694337622685271,0.968750,0.031250,0.000000,0.000000
1708694337642878237,0.968750,0.015625,0.015625,0.000000
1708694337672051793,0.955056,0.044944,0.000000,0.000000
1708694337689240321,0.938462,0.046154,0.015385,0.000000
1708694337709434891,0.953125,0.046875,0.000000,0.000000
1708694337740799296,0.988764,0.011236,0.000000,0.000000
1708694337757245419,0.923077,0.061538,0.015385,0.000000
1708694337777425824,0.890625,0.109375,0.000000,0.000000
1708694337797584946,0.903226,0.096774,0.000000,0.000000
1708694337820695585,0.923077,0.061538,0.015385,0.000000
1708694337839898317,0.906250,0.062500,0.031250,0.000000
1708694337860624622,0.935484,0.064516,0.000000,0.000000
1708694337880578164,0.661017,0.135593,0.203390,0.016949
1708694337900709325,0.645161,0.096774,0.258065,0.016129
1708694337920951631,0.772727,0.106061,0.121212,0.000000
1708694337941048203,0.196970,0.287879,0.515152,0.015152
1708694337961154496,0.105263,0.140351,0.754386,0.017544
1708694337981260665,0.098361,0.065574,0.836066,0.000000
1708694338001367979,0.015873,0.047619,0.936508,0.000000
1708694338021475420,0.761905,0.047619,0.190476,0.015873
1708694338041683473,0.147541,0.032787,0.819672,0.000000
1708694338061767014,0.034483,0.017241,0.948276,0.017241
1708694338081861059,0.000000,0.000000,1.000000,0.000000
1708694338101928217,0.000000,0.016129,0.983871,0.000000
1708694338122026852,0.000000,0.000000,1.000000,0.000000
1708694338142107232,0.000000,0.000000,1.000000,0.000000
1708694338162185077,0.000000,0.000000,1.000000,0.000000
1708694338182261503,0.000000,0.000000,1.000000,0.015625
1708694338202353548,0.015385,0.000000,0.984615,0.000000
1708694338222432003,0.000000,0.000000,1.000000,0.000000
1708694338242521292,0.000000,0.015385,0.984615,0.000000
1708694338262600144,0.000000,0.000000,1.000000,0.000000
1708694338282676179,0.000000,0.015625,0.984375,0.000000
1708694338302773169,0.000000,0.000000,1.000000,0.015873
1708694338322845256,0.000000,0.000000,1.000000,0.000000
1708694338342924491,0.000000,0.015625,0.984375,0.015625
1708694338363002328,0.000000,0.000000,1.000000,0.000000
1708694338383086220,0.000000,0.000000,1.000000,0.016129
1708694338403169868,0.000000,0.000000,1.000000,0.000000
1708694338423256144,0.000000,0.000000,1.000000,0.000000
1708694338443329529,0.000000,0.000000,1.000000,0.000000
1708694338463410614,0.000000,0.000000,1.000000,0.000000
1708694338483507213,0.000000,0.015625,0.984375,0.015625
1708694338503589980,0.000000,0.000000,1.000000,0.000000
1708694338523677789,0.000000,0.000000,1.000000,0.000000
1708694338543757627,0.000000,0.015873,0.984127,0.015873
1708694338563840039,0.000000,0.015625,0.984375,0.000000
1708694338583926464,0.000000,0.030769,0.969231,0.015385
1708694338604018636,0.000000,0.000000,1.000000,0.000000
1708694338624097122,0.000000,0.015625,0.984375,0.000000
1708694338644175421,0.000000,0.015873,0.984127,0.015873
1708694338664252874,0.000000,0.000000,1.000000,0.000000
1708694338684346436,0.000000,0.015625,0.984375,0.015625
1708694338704455919,0.000000,0.015625,0.984375,0.000000
1708694338724534029,0.000000,0.031746,0.968254,0.031746
1708694338744614918,0.000000,0.015873,0.984127,0.031746
1708694338764703716,0.000000,0.015873,0.984127,0.015873
1708694338784785179,0.000000,0.000000,1.000000,0.000000
1708694338804858136,0.000000,0.000000,1.000000,0.015873
1708694338824942377,0.000000,0.000000,1.000000,0.032258
1708694338844969235,0.000000,0.000000,1.000000,0.032787
1708694338865069316,0.000000,0.000000,1.000000,0.032258
1708694338885146925,0.000000,0.000000,1.000000,0.000000
1708694338905223593,0.000000,0.015625,0.984375,0.000000
1708694338925305598,0.000000,0.000000,1.000000,0.000000
1708694338945381972,0.000000,0.000000,1.000000,0.000000
1708694338965461829,0.015625,0.000000,0.984375,0.000000
1708694338985547899,0.000000,0.015385,0.984615,0.015385
1708694339005621170,0.000000,0.000000,1.000000,0.000000
1708694339025698317,0.000000,0.000000,1.000000,0.000000
1708694339045776598,0.000000,0.015385,0.984615,0.000000
1708694339065867172,0.000000,0.000000,1.000000,0.000000
1708694339085944053,0.000000,0.000000,1.000000,0.000000
1708694339106021013,0.000000,0.000000,1.000000,0.000000
1708694339126107302,0.000000,0.015625,0.984375,0.015625
1708694339146186479,0.000000,0.000000,1.000000,0.000000
1708694339166268624,0.000000,0.000000,1.000000,0.000000
1708694339186350449,0.000000,0.015625,0.984375,0.015625
1708694339206423956,0.000000,0.015385,0.984615,0.000000
1708694339226501169,0.000000,0.000000,1.000000,0.000000
1708694339246577907,0.000000,0.000000,1.000000,0.000000
1708694339266659581,0.000000,0.015625,0.984375,0.000000
1708694339286741509,0.000000,0.000000,1.000000,0.000000
1708694339306816989,0.000000,0.000000,1.000000,0.000000
1708694339326899432,0.000000,0.000000,1.000000,0.000000
1708694339346979297,0.000000,0.000000,1.000000,0.015625
1708694339367054312,0.000000,0.000000,1.000000,-0.015873
1708694339387131720,0.000000,0.000000,1.000000,0.015625
1708694339407205782,0.000000,0.000000,1.000000,0.000000
1708694339427282559,0.000000,0.000000,1.000000,0.000000
1708694339447376454,0.000000,0.000000,1.000000,0.000000
1708694339467451233,0.000000,0.000000,1.000000,0.000000
