Time,User,Kernel,Idle,IoWait
1708614724011613222,0.094937,0.031646,0.873418,0.000000
1708614724111720284,0.043478,0.012422,0.944099,0.000000
1708614724211824960,0.112540,0.019293,0.868167,0.000000
1708614724311934598,0.093248,0.077170,0.829582,0.000000
1708614724412082280,0.061017,0.101695,0.837288,0.000000
1708614724512194737,0.022951,0.078689,0.898361,0.000000
1708614724612316432,0.015873,0.047619,0.936508,0.000000
1708614724712449341,0.175549,0.156740,0.667712,0.000000
1708614724812627116,0.391026,0.269231,0.339744,0.000000
1708614724912777916,0.649682,0.264331,0.085987,0.000000
1708614725013450607,0.687697,0.246057,0.066246,0.000000
1708614725113434254,0.723810,0.193651,0.082540,0.000000
1708614725213591755,0.663551,0.174455,0.161994,0.000000
1708614725313711669,0.614379,0.133987,0.251634,0.000000
1708614725413857380,0.435986,0.117647,0.446367,0.000000
1708614725513953842,0.031847,0.009554,0.958599,0.000000
1708614725614055532,0.003115,0.003115,0.993769,0.000000
1708614725714127320,0.000000,0.000000,1.000000,0.000000
1708614725814205868,0.000000,0.003125,0.996875,0.000000
1708614725914298328,0.000000,0.000000,1.000000,0.000000
1708614726014380273,0.009434,0.000000,0.990566,0.000000
1708614726114499075,0.009346,0.015576,0.975078,0.000000
1708614726214616690,0.049844,0.006231,0.943925,0.000000
1708614726314710141,0.025237,0.018927,0.955836,0.000000
1708614726414836511,0.019048,0.034921,0.946032,0.000000
1708614726514945013,0.018987,0.028481,0.952532,0.000000
1708614726615024767,0.009524,0.015873,0.974603,0.000000
1708614726715118639,0.071651,0.049844,0.878505,0.000000
1708614726815231343,0.158576,0.113269,0.728155,0.000000
1708614726915382488,0.363636,0.090909,0.545455,0.000000
1708614727015491468,0.352349,0.070470,0.577181,0.000000
1708614727115609355,0.184818,0.059406,0.755776,0.000000
1708614727215717760,0.047468,0.028481,0.924051,0.000000
1708614727315830217,0.165605,0.054140,0.780255,0.000000
1708614727415932979,0.000000,0.006289,0.993711,0.000000
1708614727516017789,0.000000,0.000000,1.000000,0.000000
1708614727616092947,0.003125,0.000000,0.996875,0.000000
1708614727716168979,0.000000,0.000000,1.000000,0.000000
1708614727816245541,0.000000,0.003125,0.996875,0.000000
1708614727916322930,0.003125,0.000000,0.996875,0.000000
1708614728016402291,0.000000,0.003125,0.996875,0.000000
1708614728116480440,0.000000,0.000000,1.000000,0.000000
1708614728216560119,0.012308,0.012308,0.975385,0.000000
1708614728316662164,0.000000,0.003125,0.996875,0.000000
1708614728416733043,0.000000,0.003135,0.996865,0.000000
1708614728516811410,0.000000,0.000000,1.000000,0.000000
1708614728616888422,0.000000,0.003135,0.996865,0.000000
1708614728716964784,0.000000,0.000000,1.000000,0.000000
1708614728817040596,0.000000,0.003125,0.996875,0.000000
1708614728917116656,0.000000,0.000000,1.000000,0.000000
1708614729017192512,0.000000,0.000000,1.000000,0.000000
1708614729117268484,0.000000,0.000000,1.000000,0.000000
1708614729217345526,0.000000,0.000000,1.000000,0.000000
1708614729317421469,0.000000,0.000000,1.000000,0.000000
1708614729417497267,0.000000,0.000000,1.000000,0.000000
1708614729517573930,0.000000,0.000000,1.000000,0.000000
1708614729617651098,0.000000,0.000000,1.000000,0.000000
1708614729717727986,0.000000,0.000000,1.000000,0.000000
1708614729817806795,0.000000,0.000000,1.000000,0.000000
1708614729917902437,0.000000,0.000000,1.000000,0.000000
1708614730017990330,0.003125,0.000000,0.996875,0.000000
1708614730118074392,0.000000,0.000000,1.000000,0.000000
1708614730218151383,0.003135,0.000000,0.996865,0.000000
1708614730318239825,0.000000,0.000000,1.000000,0.000000
1708614730418329094,0.009375,0.006250,0.984375,0.000000
1708614730518453258,0.034591,0.018868,0.946541,0.000000
1708614730618545296,0.163987,0.093248,0.742765,0.000000
1708614730718658596,0.064815,0.024691,0.910494,0.000000
1708614730818729423,0.079268,0.054878,0.865854,0.000000
1708614730918879245,0.141066,0.025078,0.833856,0.000000
1708614731018971407,0.003135,0.003135,0.993730,0.000000
1708614731119041649,0.000000,0.003125,0.996875,0.000000
1708614731219112862,0.000000,0.000000,1.000000,0.000000
1708614731319191364,0.000000,0.000000,1.000000,0.000000
1708614731419265323,0.000000,0.000000,1.000000,0.000000
1708614731519350850,0.000000,0.003145,0.996855,0.000000
1708614731619446200,0.000000,0.000000,1.000000,0.000000
1708614731719517449,0.000000,0.000000,1.000000,0.000000
1708614731819591885,0.000000,0.000000,1.000000,0.000000
1708614731919665778,0.000000,0.000000,1.000000,0.000000
1708614732019742744,0.000000,0.000000,1.000000,0.000000
1708614732119818769,0.000000,0.003125,0.996875,0.000000
1708614732219892880,0.000000,0.000000,1.000000,0.000000
1708614732319969458,0.000000,0.000000,1.000000,0.000000
1708614732420044468,0.000000,0.000000,1.000000,0.000000
1708614732520122577,0.000000,0.000000,1.000000,0.000000
1708614732620197054,0.000000,0.000000,1.000000,0.000000
1708614732720276327,0.000000,0.003125,0.996875,0.000000
1708614732820351799,0.003115,0.003115,0.993769,0.000000
1708614732920427518,0.000000,0.000000,1.000000,0.000000
1708614733020507197,0.000000,0.000000,1.000000,0.000000
1708614733120583054,0.000000,0.000000,1.000000,0.000000
1708614733220662713,0.000000,0.003125,0.996875,0.000000
1708614733320746612,0.000000,0.000000,1.000000,0.000000
1708614733420824408,0.000000,0.003125,0.996875,0.000000
1708614733520913514,0.003125,0.000000,0.996875,0.000000
1708614733620998923,0.000000,0.000000,1.000000,0.000000
1708614733721079504,0.000000,0.000000,1.000000,0.000000
1708614733821163168,0.000000,0.000000,1.000000,0.000000
1708614733921249171,0.000000,0.000000,1.000000,0.000000
1708614734021331719,0.003115,0.000000,0.996885,0.000000
1708614734121417452,0.000000,0.000000,1.000000,0.000000
1708614734221494759,0.000000,0.003125,0.996875,0.000000
1708614734321579161,0.000000,0.000000,1.000000,0.000000
1708614734421675164,0.155556,0.060317,0.784127,0.000000
1708614734521813283,0.340278,0.145833,0.513889,0.000000
1708614734621929183,0.207612,0.314879,0.477509,0.000000
1708614734722089810,0.310680,0.320388,0.368932,0.000000
1708614734822203716,0.581250,0.390625,0.028125,0.000000
1708614734922375443,0.681388,0.305994,0.012618,0.000000
1708614735028889113,0.725948,0.244898,0.029155,0.000000
1708614735126961003,0.921630,0.075235,0.003135,0.000000
1708614735227160958,0.880878,0.112853,0.006270,0.000000
1708614735327309702,0.912226,0.078370,0.009404,0.000000
1708614735427501762,0.911392,0.079114,0.009494,0.000000
1708614735527642589,0.898734,0.088608,0.012658,0.000000
1708614735627782659,0.308197,0.078689,0.613115,0.000000
1708614735727867303,0.012346,0.052469,0.935185,0.000000
1708614735827972442,0.000000,0.003125,0.996875,0.000000
1708614735928054914,0.000000,0.003135,0.996865,0.000000
1708614736028153158,0.003115,0.006231,0.990654,0.000000
1708614736128255357,0.000000,0.003145,0.996855,0.000000
1708614736228346934,0.003125,0.006250,0.990625,0.000000
1708614736328436567,0.000000,0.012500,0.987500,0.000000
1708614736428526498,0.000000,0.012500,0.987500,0.000000
1708614736528618377,0.003096,0.012384,0.984520,0.000000
1708614736628706614,0.003125,0.006250,0.990625,0.000000
1708614736728795500,0.000000,0.006250,0.993750,0.000000
1708614736828893173,0.003115,0.006231,0.990654,0.000000
1708614736928985621,0.000000,0.000000,1.000000,0.000000
1708614737029068028,0.006250,0.000000,0.993750,0.000000
1708614737129148090,0.003125,0.000000,0.996875,0.000000
1708614737229223917,0.000000,0.003115,0.996885,0.000000
1708614737329302802,0.003125,0.000000,0.996875,0.000000
1708614737429380963,0.003135,0.000000,0.996865,0.000000
1708614737529473277,0.009464,0.006309,0.984227,0.000000
1708614737629582899,0.000000,0.009375,0.990625,0.000000
1708614737729664995,0.006231,0.006231,0.987539,0.000000
1708614737829749791,0.003145,0.003145,0.993711,0.000000
1708614737929839540,0.021944,0.028213,0.949843,0.000000
1708614738029938611,0.214286,0.018634,0.767081,0.000000
1708614738130063468,0.006390,0.003195,0.990415,0.000000
1708614738230156616,0.000000,0.000000,1.000000,0.000000
1708614738330238388,0.003115,0.003115,0.993769,0.000000
1708614738430310895,0.000000,0.000000,1.000000,0.000000
1708614738530386789,0.000000,0.000000,1.000000,0.000000
1708614738630469665,0.000000,0.000000,1.000000,0.000000
1708614738730555049,0.003125,0.000000,0.996875,0.000000
1708614738830645578,0.000000,0.000000,1.000000,0.000000
1708614738930732577,0.000000,0.003125,0.996875,0.000000
1708614739030818882,0.003115,0.003115,0.993769,0.000000
1708614739130902809,0.006231,0.000000,0.993769,0.000000
1708614739230985110,0.003125,0.000000,0.996875,0.000000
1708614739331063989,0.000000,0.000000,1.000000,0.000000
1708614739431143878,0.000000,0.000000,1.000000,0.000000
1708614739531225174,0.000000,0.003125,0.996875,0.000000
1708614739631309169,0.000000,0.000000,1.000000,0.000000
1708614739731393158,0.003125,0.000000,0.996875,0.000000
1708614739831477409,0.000000,0.003125,0.996875,0.000000
1708614739931556891,0.003125,0.000000,0.996875,0.000000
1708614740031639386,0.000000,0.000000,1.000000,0.000000
1708614740131722257,0.003125,0.000000,0.996875,0.000000
1708614740231807016,0.000000,0.000000,1.000000,0.000000
1708614740331889417,0.003115,0.000000,0.996885,0.000000
1708614740431971314,0.000000,0.003125,0.996875,0.000000
1708614740532058402,0.000000,0.000000,1.000000,0.000000
1708614740632140450,0.000000,0.000000,1.000000,0.000000
1708614740732221363,0.000000,0.003125,0.996875,0.000000
1708614740832308534,0.000000,0.000000,1.000000,0.000000
1708614740932391385,0.003115,0.000000,0.996885,0.000000
1708614741032472081,0.000000,0.000000,1.000000,0.000000
1708614741132553912,0.000000,0.000000,1.000000,0.000000
1708614741232637104,0.003125,0.000000,0.996875,0.000000
1708614741332719352,0.000000,0.000000,1.000000,0.000000
1708614741432801788,0.000000,0.000000,1.000000,0.000000
1708614741532885210,0.000000,0.000000,1.000000,0.000000
1708614741632966854,0.003115,0.000000,0.996885,0.000000
1708614741733046083,0.000000,0.000000,1.000000,0.000000
1708614741833132259,0.000000,0.000000,1.000000,0.000000
1708614741933215271,0.000000,0.000000,1.000000,0.000000
1708614742033298731,0.003125,0.000000,0.996875,0.000000
1708614742133379283,0.000000,0.000000,1.000000,0.000000
1708614742233462717,0.000000,0.000000,1.000000,0.000000
1708614742333548497,0.003125,0.000000,0.996875,0.000000
1708614742433633137,0.000000,0.003125,0.996875,0.000000
1708614742533713442,0.000000,0.000000,1.000000,0.000000
1708614742633796993,0.000000,0.000000,1.000000,0.000000
1708614742733879661,0.000000,0.000000,1.000000,0.000000
1708614742833960322,0.000000,0.000000,1.000000,0.000000
1708614742934043211,0.000000,0.000000,1.000000,0.000000
1708614743034125312,0.000000,0.000000,1.000000,0.000000
1708614743134205329,0.000000,0.000000,1.000000,0.000000
1708614743234297463,0.000000,0.000000,1.000000,0.000000
1708614743334377145,0.000000,0.000000,1.000000,0.000000
1708614743434459016,0.000000,0.003125,0.996875,0.000000
1708614743534538686,0.000000,0.000000,1.000000,0.000000
1708614743634615732,0.000000,0.000000,1.000000,0.000000
1708614743734700474,0.000000,0.000000,1.000000,0.000000
1708614743834804530,0.000000,0.000000,1.000000,0.000000
1708614743934882947,0.000000,0.000000,1.000000,0.000000
1708614744034965049,0.000000,0.000000,1.000000,0.000000
1708614744135042255,0.003115,0.003115,0.993769,0.000000
1708614744235128355,0.000000,0.000000,1.000000,0.000000
1708614744335213101,0.003125,0.000000,0.996875,0.000000
1708614744435298211,0.003125,0.000000,0.996875,0.000000
1708614744535386200,0.000000,0.000000,1.000000,0.000000
1708614744635468161,0.000000,0.003125,0.996875,0.000000
1708614744735553510,0.003125,0.000000,0.996875,0.000000
1708614744835637460,0.000000,0.000000,1.000000,0.000000
1708614744935709618,0.000000,0.000000,1.000000,0.000000
1708614745035785529,0.000000,0.000000,1.000000,0.000000
1708614745135867977,0.097792,0.056782,0.845426,0.000000
1708614745235987914,0.424242,0.121212,0.454545,0.000000
1708614745336128803,0.316498,0.255892,0.427609,0.000000
1708614745436259414,0.343042,0.330097,0.326861,0.000000
1708614745536386106,0.582278,0.379747,0.037975,0.000000
1708614745636533049,0.698113,0.292453,0.009434,0.000000
1708614745736689052,0.742947,0.241379,0.015674,0.000000
1708614745836759171,0.903125,0.093750,0.003125,0.000000
1708614745944774372,0.915663,0.084337,0.000000,0.000000
1708614746042381100,0.931250,0.065625,0.003125,0.000000
1708614746142543226,0.900000,0.090625,0.009375,0.000000
1708614746242704218,0.864615,0.073846,0.061538,0.000000
1708614746342871207,0.441791,0.104478,0.453731,0.000000
1708614746442945742,0.015974,0.015974,0.968051,0.000000
1708614746543048213,0.000000,0.000000,1.000000,0.000000
1708614746643117200,0.000000,0.006250,0.993750,0.000000
1708614746743212145,0.024768,0.018576,0.956656,0.000000
1708614746843319519,0.446667,0.126667,0.426667,0.000000
1708614746943449273,0.246212,0.272727,0.481061,0.000000
1708614747043608248,0.411150,0.229965,0.358885,0.000000
1708614747143768841,0.671924,0.312303,0.015773,0.000000
1708614747243928250,0.651899,0.335443,0.012658,0.000000
1708614747344080187,0.662461,0.318612,0.018927,0.000000
1708614747444268344,0.868750,0.125000,0.006250,0.000000
1708614747544882165,0.959502,0.037383,0.003115,0.000000
1708614747645589763,0.893082,0.100629,0.006289,0.000000
1708614747745539454,0.921630,0.075235,0.003135,0.000000
1708614747845707761,0.880878,0.100313,0.018809,0.000000
1708614747945866926,0.726415,0.128931,0.144654,0.000000
1708614748045985658,0.048232,0.067524,0.884244,0.000000
1708614748146026372,0.003155,0.003155,0.993691,0.000000
1708614748246146720,0.000000,0.006250,0.993750,0.000000
1708614748346253821,0.009375,0.003125,0.987500,0.000000
1708614748446374886,0.334405,0.057878,0.607717,0.000000
1708614748546516950,0.314286,0.200000,0.485714,0.000000
1708614748646663061,0.288660,0.274914,0.436426,0.000000
1708614748746926795,0.571429,0.340426,0.088146,0.000000
1708614748847084516,0.666667,0.320755,0.012579,0.000000
1708614748947260920,0.734375,0.259375,0.006250,0.000000
1708614749047447119,0.753125,0.240625,0.006250,0.000000
1708614749147677080,0.906250,0.090625,0.003125,0.000000
1708614749252260570,0.936747,0.063253,0.000000,0.000000
1708614749350891219,0.921630,0.075235,0.003135,0.000000
1708614749451076142,0.902821,0.087774,0.009404,0.000000
1708614749551247605,0.796774,0.112903,0.090323,0.000000
1708614749651367978,0.278638,0.071207,0.650155,0.000000
1708614749751486366,0.009231,0.036923,0.953846,0.000000
1708614749851579208,0.003125,0.006250,0.990625,0.000000
1708614749951666699,0.006231,0.006231,0.987539,0.000000
