Time,User,Kernel,Idle,IoWait
1708693814722410714,0.105263,0.052632,0.842105,0.000000
1708693814822506795,0.300000,0.050000,0.650000,0.000000
1708693814922599632,0.052632,0.000000,0.947368,0.000000
1708693815022688275,0.200000,0.400000,0.400000,0.000000
1708693815122812280,0.111111,0.277778,0.611111,0.000000
1708693815222962300,0.111111,0.000000,0.888889,0.000000
1708693815326984488,0.050000,0.100000,0.850000,0.000000
1708693815425709829,0.700000,0.300000,0.000000,0.000000
1708693815525858554,0.450000,0.500000,0.050000,0.000000
1708693815625978679,0.600000,0.350000,0.050000,0.000000
1708693815726106940,0.578947,0.368421,0.052632,0.000000
1708693815826226203,0.789474,0.210526,0.000000,0.000000
1708693815926301731,0.857143,0.142857,0.000000,0.000000
1708693816026464033,0.950000,0.050000,0.000000,0.000000
1708693816126601940,0.850000,0.150000,0.000000,0.000000
1708693816226726725,0.857143,0.142857,0.000000,0.000000
1708693816326863196,0.900000,0.100000,0.000000,0.000000
1708693816426933230,0.842105,0.105263,0.052632,0.000000
1708693816527061120,0.315789,0.157895,0.526316,0.000000
1708693816627101811,0.047619,0.095238,0.857143,0.000000
1708693816727207300,0.000000,0.000000,1.000000,0.000000
1708693816827228621,0.000000,0.050000,0.950000,0.000000
1708693816927305972,0.000000,0.000000,1.000000,0.000000
1708693817027394166,0.050000,0.000000,0.950000,0.000000
1708693817128035490,0.000000,0.050000,0.950000,0.000000
1708693817231782007,0.315789,0.000000,0.684211,0.000000
1708693817330618020,0.470588,0.294118,0.235294,0.000000
1708693817430718858,0.235294,0.411765,0.352941,0.000000
1708693817530778397,0.450000,0.350000,0.200000,0.000000
1708693817630886340,0.650000,0.300000,0.050000,0.000000
1708693817730981844,0.600000,0.400000,0.000000,0.000000
1708693817831082816,0.700000,0.250000,0.050000,0.000000
1708693817931164088,0.578947,0.315789,0.105263,0.000000
1708693818031267902,0.904762,0.095238,0.000000,0.000000
1708693818131359743,0.900000,0.100000,0.000000,0.000000
1708693818231454509,0.947368,0.052632,0.000000,0.000000
1708693818331549357,0.904762,0.095238,0.000000,0.000000
1708693818431645655,0.894737,0.105263,0.000000,0.000000
1708693818531730635,0.900000,0.050000,0.050000,0.000000
1708693818631807813,0.400000,0.150000,0.450000,0.000000
1708693818731831935,0.050000,0.050000,0.900000,0.000000
1708693818831880221,0.000000,0.052632,0.947368,0.000000
1708693818931968670,0.050000,0.000000,0.950000,0.000000
1708693819032049174,0.052632,0.052632,0.894737,0.000000
1708693819132140273,0.315789,0.000000,0.684211,0.000000
1708693819232234663,0.357143,0.428571,0.214286,0.000000
1708693819332333077,0.187500,0.312500,0.500000,0.000000
1708693819432371142,0.571429,0.285714,0.142857,0.000000
1708693819532490749,0.666667,0.277778,0.055556,0.000000
1708693819632571376,0.666667,0.285714,0.047619,0.000000
1708693819732669895,0.736842,0.263158,0.000000,0.000000
1708693819832765283,0.904762,0.095238,0.000000,0.000000
1708693819932794742,0.900000,0.100000,0.000000,0.000000
1708693820032879302,0.894737,0.105263,0.000000,0.000000
1708693820132964362,0.904762,0.095238,0.000000,0.000000
1708693820232995779,0.947368,0.052632,0.000000,0.000000
1708693820333077242,0.857143,0.142857,0.000000,0.000000
1708693820433126753,0.833333,0.166667,0.000000,0.000000
1708693820533221784,0.300000,0.050000,0.650000,0.000000
1708693820633282067,0.000000,0.052632,0.947368,0.000000
1708693820733345740,0.000000,0.052632,0.947368,0.000000
1708693820833402740,0.000000,0.000000,1.000000,0.000000
1708693820933582216,0.050000,0.000000,0.950000,0.000000
1708693821033590194,0.000000,0.000000,1.000000,0.000000
1708693821133701463,0.000000,0.000000,1.000000,0.000000
1708693821233858748,0.000000,0.000000,1.000000,0.000000
1708693821333880675,0.000000,0.000000,1.000000,0.000000
1708693821433922291,0.000000,0.052632,0.947368,0.000000
1708693821533971506,0.000000,0.000000,1.000000,0.000000
1708693821634065281,0.000000,0.000000,1.000000,0.000000
1708693821734165534,0.000000,0.000000,1.000000,0.000000
1708693821834257041,0.000000,0.000000,1.000000,0.000000
1708693821934316463,0.000000,0.000000,1.000000,0.000000
1708693822034421543,0.000000,0.000000,1.000000,0.000000
1708693822134493406,0.000000,0.000000,1.000000,0.000000
1708693822234563456,0.000000,0.000000,1.000000,0.000000
1708693822334635742,0.000000,0.000000,1.000000,0.000000
1708693822434698226,0.000000,0.000000,1.000000,0.000000
1708693822534773122,0.000000,0.000000,1.000000,0.000000
1708693822634830434,0.000000,0.000000,1.000000,0.000000
1708693822734907376,0.000000,0.000000,1.000000,0.000000
1708693822834963081,0.000000,0.000000,1.000000,0.000000
1708693822935040387,0.000000,0.000000,1.000000,0.000000
1708693823035037026,0.000000,0.000000,1.000000,0.000000
1708693823135144483,0.000000,0.000000,1.000000,0.000000
1708693823235216219,0.000000,0.000000,1.000000,0.000000
1708693823335282303,0.000000,0.000000,1.000000,0.000000
1708693823435357297,0.000000,0.000000,1.000000,0.000000
1708693823535432599,0.000000,0.000000,1.000000,0.000000
1708693823635506256,0.000000,0.000000,1.000000,0.000000
1708693823735572150,0.000000,0.000000,1.000000,0.000000
1708693823835651187,0.000000,0.000000,1.000000,0.000000
1708693823935671237,0.000000,0.000000,1.000000,0.000000
1708693824035806853,0.000000,0.000000,1.000000,0.000000
1708693824135890859,0.000000,0.000000,1.000000,0.000000
1708693824235963473,0.000000,0.000000,1.000000,0.000000
1708693824336046890,0.000000,0.000000,1.000000,0.000000
1708693824436124247,0.000000,0.000000,1.000000,0.000000
1708693824536164606,0.050000,0.000000,0.950000,0.000000
1708693824636302742,0.000000,0.050000,0.950000,0.000000
1708693824736325305,0.000000,0.000000,1.000000,0.000000
1708693824836540781,0.000000,0.000000,1.000000,0.000000
1708693824936593161,0.000000,0.000000,1.000000,0.000000
1708693825036648029,0.000000,0.000000,1.000000,0.000000
1708693825136670276,0.000000,0.000000,1.000000,0.000000
1708693825236810708,0.000000,0.000000,1.000000,0.000000
1708693825336897935,0.000000,0.000000,1.000000,0.000000
1708693825436992907,0.000000,0.000000,1.000000,0.000000
1708693825537100625,0.000000,0.000000,1.000000,0.000000
1708693825637268383,0.000000,0.000000,1.000000,0.000000
1708693825737312238,0.000000,0.050000,0.950000,0.000000
1708693825837392920,0.000000,0.000000,1.000000,0.000000
1708693825937477165,0.000000,0.000000,1.000000,0.000000
1708693826037493651,0.000000,0.000000,1.000000,0.000000
1708693826137617556,0.000000,0.000000,1.000000,0.000000
1708693826237729311,0.000000,0.000000,1.000000,0.000000
1708693826337792057,0.000000,0.000000,1.000000,0.000000
1708693826437838418,0.000000,0.050000,0.950000,0.000000
1708693826537973118,0.000000,0.000000,1.000000,0.000000
1708693826638059204,0.000000,0.000000,1.000000,0.000000
1708693826738184766,0.000000,0.000000,1.000000,0.000000
1708693826838278695,0.000000,0.000000,1.000000,0.000000
1708693826938307527,0.000000,0.000000,1.000000,0.000000
1708693827038411218,0.000000,0.000000,1.000000,0.000000
1708693827138436407,0.000000,0.000000,1.000000,0.000000
1708693827238562318,0.000000,0.000000,1.000000,0.000000
1708693827338658998,0.000000,0.000000,1.000000,0.000000
1708693827438696858,0.000000,0.000000,1.000000,0.000000
1708693827538820779,0.000000,0.000000,1.000000,0.000000
1708693827638909202,0.000000,0.000000,1.000000,0.000000
1708693827738963381,0.000000,0.000000,1.000000,0.000000
1708693827839035759,0.000000,0.000000,1.000000,0.000000
1708693827939120251,0.000000,0.000000,1.000000,0.000000
1708693828039210197,0.000000,0.000000,1.000000,0.000000
1708693828139307352,0.000000,0.000000,1.000000,0.000000
1708693828239395089,0.000000,0.000000,1.000000,0.000000
1708693828339432006,0.000000,0.000000,1.000000,0.000000
1708693828439518430,0.000000,0.000000,1.000000,0.000000
1708693828539569994,0.000000,0.000000,1.000000,0.000000
1708693828639675658,0.000000,0.000000,1.000000,0.000000
1708693828739767667,0.000000,0.000000,1.000000,0.000000
1708693828839934135,0.000000,0.000000,1.000000,0.000000
1708693828939954945,0.000000,0.000000,1.000000,0.000000
1708693829040054503,0.000000,0.000000,1.000000,0.000000
1708693829140103087,0.000000,0.000000,1.000000,0.000000
1708693829240169200,0.000000,0.000000,1.000000,0.000000
1708693829340249378,0.000000,0.000000,1.000000,0.000000
1708693829440295887,0.000000,0.000000,1.000000,0.000000
1708693829540396062,0.000000,0.000000,1.000000,0.000000
1708693829640427340,0.000000,0.000000,1.000000,0.000000
1708693829740538622,0.000000,0.050000,0.950000,0.000000
1708693829840609854,0.000000,0.000000,1.000000,0.000000
1708693829940680770,0.000000,0.000000,1.000000,0.000000
1708693830040708460,0.000000,0.000000,1.000000,0.000000
1708693830140808042,0.058824,0.058824,0.882353,0.000000
1708693830240895915,0.555556,0.333333,0.111111,0.000000
1708693830340993807,0.500000,0.500000,0.000000,0.000000
1708693830441104737,0.631579,0.315789,0.052632,0.000000
1708693830541238966,0.714286,0.285714,0.000000,0.000000
1708693830641314215,0.684211,0.315789,0.000000,0.000000
1708693830741448307,0.761905,0.238095,0.000000,0.000000
1708693830841578250,0.650000,0.350000,0.000000,0.000000
1708693830941632373,0.750000,0.250000,0.000000,0.000000
1708693831041789544,0.894737,0.105263,0.000000,0.000000
1708693831141859296,0.950000,0.050000,0.000000,0.000000
1708693831241942295,0.952381,0.047619,0.000000,0.000000
1708693831342040501,1.000000,0.000000,0.000000,0.000000
1708693831442190949,0.857143,0.142857,0.000000,0.000000
1708693831542291126,0.473684,0.157895,0.368421,0.000000
1708693831642393705,0.052632,0.000000,0.947368,0.000000
1708693831742511174,0.000000,0.000000,1.000000,0.000000
1708693831842591592,0.000000,0.052632,0.947368,0.000000
1708693831943372359,0.050000,0.050000,0.900000,0.000000
1708693832043222334,0.470588,0.058824,0.470588,0.000000
1708693832143273509,0.375000,0.562500,0.062500,0.000000
1708693832243394827,0.611111,0.333333,0.055556,0.000000
1708693832344086928,0.761905,0.238095,0.000000,0.000000
1708693832443999877,0.750000,0.250000,0.000000,0.000000
1708693832544077012,0.750000,0.250000,0.000000,0.000000
1708693832644219573,0.700000,0.300000,0.000000,0.000000
1708693832744332403,0.894737,0.105263,0.000000,0.000000
1708693832844385759,0.950000,0.050000,0.000000,0.000000
1708693832944557972,0.857143,0.142857,0.000000,0.000000
1708693833044675007,1.000000,0.000000,0.000000,0.000000
1708693833144807960,0.900000,0.100000,0.000000,0.000000
1708693833244900838,0.800000,0.150000,0.050000,0.000000
1708693833345007772,0.500000,0.100000,0.400000,0.000000
1708693833445047143,0.000000,0.052632,0.947368,0.000000
1708693833545159103,0.000000,0.000000,1.000000,0.000000
1708693833645252645,0.000000,0.000000,1.000000,0.000000
1708693833745357987,0.000000,0.000000,1.000000,0.000000
