Time,User,Kernel,Idle,IoWait
1708693814724120112,0.105263,0.052632,0.842105,0.000000
1708693814824159286,0.315789,0.000000,0.684211,0.000000
1708693814924281495,0.111111,0.166667,0.722222,0.000000
1708693815024404856,0.117647,0.176471,0.705882,0.000000
1708693815124535338,0.058824,0.117647,0.823529,0.000000
1708693815224639012,0.105263,0.263158,0.631579,0.000000
1708693815324766512,0.526316,0.315789,0.157895,0.000000
1708693815424839118,0.631579,0.263158,0.105263,0.000000
1708693815524983434,0.666667,0.285714,0.047619,0.000000
1708693815625062277,0.842105,0.157895,0.000000,0.000000
1708693815725154823,0.666667,0.333333,0.000000,0.000000
1708693815825306407,0.750000,0.250000,0.000000,0.000000
1708693815925397044,0.809524,0.190476,0.000000,0.000000
1708693816025528657,0.736842,0.263158,0.000000,0.000000
1708693816125652304,0.850000,0.100000,0.050000,0.000000
1708693816225743836,0.789474,0.157895,0.052632,0.000000
1708693816325850927,0.666667,0.095238,0.238095,0.000000
1708693816425910424,0.611111,0.055556,0.333333,0.000000
1708693816526050600,0.000000,0.105263,0.894737,0.000000
1708693816626200316,0.000000,0.000000,1.000000,0.000000
1708693816726244546,0.000000,0.000000,1.000000,0.000000
1708693816826375809,0.000000,0.000000,1.000000,0.000000
1708693816926483132,0.000000,0.050000,0.950000,0.000000
1708693817026495109,0.000000,0.000000,1.000000,0.000000
1708693817126637691,0.000000,0.000000,1.000000,0.000000
1708693817226728863,0.250000,0.400000,0.350000,0.000000
1708693817326864263,0.437500,0.312500,0.250000,0.000000
1708693817426972038,0.187500,0.375000,0.437500,0.000000
1708693817527095107,0.523810,0.190476,0.285714,0.000000
1708693817627232344,0.444444,0.333333,0.222222,0.000000
1708693817727342791,0.578947,0.368421,0.052632,0.000000
1708693817827440352,0.700000,0.300000,0.000000,0.000000
1708693817927573992,0.700000,0.300000,0.000000,0.000000
1708693818027669733,0.850000,0.150000,0.000000,0.000000
1708693818127807995,0.894737,0.105263,0.000000,0.000000
1708693818227931117,0.900000,0.100000,0.000000,0.000000
1708693818328053379,0.809524,0.190476,0.000000,0.000000
1708693818428174741,0.894737,0.105263,0.000000,0.000000
1708693818528295164,0.900000,0.100000,0.000000,0.000000
1708693818628385194,0.666667,0.190476,0.142857,0.000000
1708693818728480273,0.105263,0.052632,0.842105,0.000000
1708693818828589119,0.000000,0.000000,1.000000,0.000000
1708693818928665157,0.000000,0.000000,1.000000,0.000000
1708693819028710341,0.000000,0.050000,0.950000,0.000000
1708693819128830839,0.250000,0.000000,0.750000,0.000000
1708693819228970828,0.529412,0.235294,0.235294,0.000000
1708693819329497770,0.277778,0.388889,0.333333,0.000000
1708693819429491739,0.650000,0.300000,0.050000,0.000000
1708693819529584587,0.650000,0.350000,0.000000,0.000000
1708693819629729904,0.700000,0.300000,0.000000,0.000000
1708693819729835592,0.714286,0.285714,0.000000,0.000000
1708693819829918205,0.736842,0.263158,0.000000,0.000000
1708693819930068138,0.850000,0.150000,0.000000,0.000000
1708693820030122272,0.800000,0.200000,0.000000,0.000000
1708693820130271389,0.900000,0.100000,0.000000,0.000000
1708693820230392153,0.900000,0.100000,0.000000,0.000000
1708693820330467630,0.800000,0.150000,0.050000,0.000000
1708693820430574066,0.850000,0.100000,0.050000,0.000000
1708693820530693070,0.157895,0.105263,0.736842,0.000000
1708693820630887835,0.000000,0.000000,1.000000,0.000000
1708693820730894499,0.000000,0.000000,1.000000,0.000000
1708693820831018121,0.000000,0.000000,1.000000,0.000000
1708693820931112308,0.000000,0.050000,0.950000,0.000000
1708693821031174594,0.000000,0.000000,1.000000,0.000000
1708693821131326450,0.000000,0.000000,1.000000,0.000000
1708693821231437686,0.000000,0.000000,1.000000,0.000000
1708693821331620053,0.000000,0.000000,1.000000,0.000000
1708693821431632251,0.000000,0.000000,1.000000,0.000000
1708693821531756662,0.000000,0.000000,1.000000,0.000000
1708693821631949262,0.000000,0.000000,1.000000,0.000000
1708693821731958416,0.000000,0.000000,1.000000,0.000000
1708693821832091826,0.000000,0.050000,0.950000,0.000000
1708693821932182353,0.000000,0.000000,1.000000,0.000000
1708693822032279560,0.000000,0.000000,1.000000,0.000000
1708693822132364894,0.000000,0.000000,1.000000,0.000000
1708693822232457248,0.000000,0.000000,1.000000,0.000000
1708693822332503923,0.000000,0.000000,1.000000,0.000000
1708693822432622456,0.000000,0.000000,1.000000,0.000000
1708693822532728428,0.000000,0.000000,1.000000,0.000000
1708693822632819836,0.000000,0.000000,1.000000,0.000000
1708693822732928218,0.000000,0.000000,1.000000,0.000000
1708693822833026356,0.000000,0.000000,1.000000,0.000000
1708693822933060596,0.000000,0.000000,1.000000,0.000000
1708693823033208983,0.050000,0.000000,0.950000,0.000000
1708693823133325016,0.000000,0.000000,1.000000,0.000000
1708693823233406355,0.000000,0.000000,1.000000,0.000000
1708693823333473697,0.000000,0.000000,1.000000,0.000000
1708693823433506243,0.000000,0.000000,1.000000,0.000000
1708693823533633786,0.000000,0.000000,1.000000,0.000000
1708693823633721540,0.000000,0.000000,1.000000,0.000000
1708693823733808575,0.000000,0.000000,1.000000,0.000000
1708693823833912867,0.000000,0.000000,1.000000,0.000000
1708693823934027644,0.000000,0.000000,1.000000,0.000000
1708693824034133237,0.000000,0.000000,1.000000,0.000000
1708693824134217629,0.000000,0.000000,1.000000,0.000000
1708693824234312320,0.000000,0.000000,1.000000,0.000000
1708693824334367878,0.000000,0.000000,1.000000,0.000000
1708693824434433395,0.000000,0.000000,1.000000,0.000000
1708693824534547378,0.000000,0.000000,1.000000,0.000000
1708693824634616115,0.000000,0.000000,1.000000,0.000000
1708693824734807908,0.000000,0.000000,1.000000,0.000000
1708693824834830147,0.000000,0.000000,1.000000,0.000000
1708693824934911952,0.000000,0.000000,1.000000,0.000000
1708693825035068295,0.000000,0.000000,1.000000,0.000000
1708693825135115511,0.000000,0.000000,1.000000,0.000000
1708693825235167007,0.000000,0.000000,1.000000,0.000000
1708693825335248352,0.000000,0.000000,1.000000,0.000000
1708693825435305397,0.000000,0.000000,1.000000,0.000000
1708693825535435616,0.000000,0.000000,1.000000,0.000000
1708693825635526492,0.000000,0.000000,1.000000,0.000000
1708693825735629063,0.000000,0.000000,1.000000,0.000000
1708693825835786063,0.000000,0.000000,1.000000,0.000000
1708693825935833428,0.000000,0.000000,1.000000,0.000000
1708693826035913582,0.000000,0.000000,1.000000,0.000000
1708693826136016773,0.000000,0.000000,1.000000,0.000000
1708693826236102382,0.000000,0.000000,1.000000,0.000000
1708693826336174200,0.000000,0.000000,1.000000,0.000000
1708693826436237114,0.000000,0.000000,1.000000,0.000000
1708693826536369795,0.000000,0.000000,1.000000,0.000000
1708693826636453459,0.000000,0.000000,1.000000,0.000000
1708693826736564375,0.000000,0.000000,1.000000,0.000000
1708693826836559578,0.000000,0.000000,1.000000,0.000000
1708693826936634434,0.000000,0.000000,1.000000,0.000000
1708693827036721058,0.000000,0.000000,1.000000,0.000000
1708693827136772933,0.000000,0.000000,1.000000,0.000000
1708693827236849159,0.000000,0.000000,1.000000,0.000000
1708693827336911237,0.000000,0.000000,1.000000,0.000000
1708693827437005470,0.000000,0.000000,1.000000,0.000000
1708693827537115540,0.000000,0.000000,1.000000,0.000000
1708693827637193262,0.000000,0.000000,1.000000,0.000000
1708693827737309481,0.000000,0.000000,1.000000,0.000000
1708693827837449629,0.000000,0.000000,1.000000,0.000000
1708693827937511124,0.000000,0.000000,1.000000,0.000000
1708693828037633987,0.050000,0.000000,0.950000,0.000000
1708693828137800321,0.000000,0.000000,1.000000,0.000000
1708693828237821027,0.000000,0.000000,1.000000,0.000000
1708693828337927699,0.000000,0.000000,1.000000,0.000000
1708693828438014112,0.000000,0.000000,1.000000,0.000000
1708693828538097377,0.000000,0.000000,1.000000,0.000000
1708693828638113933,0.000000,0.000000,1.000000,0.000000
1708693828738247221,0.000000,0.000000,1.000000,0.000000
1708693828838329460,0.000000,0.000000,1.000000,0.000000
1708693828938345171,0.000000,0.000000,1.000000,0.000000
1708693829038450753,0.000000,0.000000,1.000000,0.000000
1708693829138495354,0.000000,0.000000,1.000000,0.000000
1708693829238578801,0.000000,0.000000,1.000000,0.000000
1708693829338663840,0.000000,0.000000,1.000000,0.000000
1708693829438704482,0.000000,0.000000,1.000000,0.000000
1708693829538760860,0.000000,0.000000,1.000000,0.000000
1708693829638840243,0.000000,0.000000,1.000000,0.000000
1708693829738939193,0.000000,0.000000,1.000000,0.000000
1708693829838967385,0.000000,0.000000,1.000000,0.000000
1708693829939032518,0.000000,0.000000,1.000000,0.000000
1708693830039137768,0.000000,0.000000,1.000000,0.000000
1708693830147583971,0.111111,0.000000,0.888889,0.000000
1708693830244911025,0.470588,0.470588,0.058824,0.000000
1708693830344969190,0.529412,0.352941,0.117647,0.000000
1708693830445126973,0.600000,0.400000,0.000000,0.000000
1708693830545258564,0.619048,0.380952,0.000000,0.000000
1708693830645393886,0.550000,0.450000,0.000000,0.000000
1708693830745525245,0.736842,0.263158,0.000000,0.000000
1708693830845670754,0.900000,0.100000,0.000000,0.000000
1708693830945800024,0.800000,0.200000,0.000000,0.000000
1708693831045929991,0.800000,0.200000,0.000000,0.000000
1708693831146057687,0.857143,0.142857,0.000000,0.000000
1708693831246190391,0.947368,0.052632,0.000000,0.000000
1708693831346309924,0.761905,0.142857,0.095238,0.000000
1708693831446424336,0.800000,0.150000,0.050000,0.000000
1708693831546530362,0.105263,0.052632,0.842105,0.000000
1708693831646642989,0.000000,0.050000,0.950000,0.000000
1708693831746748396,0.000000,0.000000,1.000000,0.000000
1708693831846849221,0.000000,0.000000,1.000000,0.000000
1708693831946956867,0.055556,0.000000,0.944444,0.000000
1708693832047334581,0.315789,0.210526,0.473684,0.000000
1708693832147378860,0.500000,0.444444,0.055556,0.000000
1708693832247456541,0.647059,0.235294,0.117647,0.000000
1708693832347547170,0.666667,0.333333,0.000000,0.000000
1708693832447590135,0.750000,0.250000,0.000000,0.000000
1708693832547678747,0.600000,0.400000,0.000000,0.000000
1708693832647794261,0.550000,0.300000,0.150000,0.000000
1708693832747867388,0.750000,0.200000,0.050000,0.000000
1708693832847982731,0.850000,0.150000,0.000000,0.000000
1708693832948096732,0.842105,0.157895,0.000000,0.000000
1708693833048235588,0.761905,0.238095,0.000000,0.000000
1708693833148344695,0.894737,0.105263,0.000000,0.000000
1708693833248469676,0.850000,0.100000,0.050000,0.000000
1708693833348543526,0.666667,0.142857,0.190476,0.000000
1708693833448652928,0.000000,0.000000,1.000000,0.000000
1708693833548756161,0.000000,0.000000,1.000000,0.000000
1708693833648848559,0.000000,0.050000,0.950000,0.000000
1708693833748889955,0.000000,0.000000,1.000000,0.000000
