Time,User,Kernel,Idle,IoWait
1708693814713231916,0.058824,0.000000,0.941176,0.000000
1708693814813385996,0.157895,0.052632,0.789474,0.000000
1708693814913497768,0.150000,0.050000,0.800000,0.000000
1708693815013546274,0.312500,0.312500,0.375000,0.000000
1708693815113715136,0.105263,0.263158,0.631579,0.000000
1708693815213772692,0.111111,0.111111,0.777778,0.000000
1708693815313906579,0.666667,0.222222,0.111111,0.000000
1708693815414004222,0.666667,0.333333,0.000000,0.000000
1708693815514173635,0.631579,0.368421,0.000000,0.000000
1708693815614297968,0.600000,0.400000,0.000000,0.000000
1708693815714431623,0.650000,0.350000,0.000000,0.000000
1708693815814571508,0.761905,0.190476,0.047619,0.000000
1708693815914707168,0.952381,0.047619,0.000000,0.000000
1708693816014836365,0.950000,0.050000,0.000000,0.000000
1708693816114972799,0.950000,0.050000,0.000000,0.000000
1708693816215105565,0.950000,0.050000,0.000000,0.000000
1708693816315243553,0.950000,0.050000,0.000000,0.000000
1708693816415292514,0.947368,0.052632,0.000000,0.000000
1708693816515344028,0.052632,0.105263,0.842105,0.000000
1708693816615479594,0.000000,0.000000,1.000000,0.000000
1708693816715539685,0.000000,0.000000,1.000000,0.000000
1708693816815673266,0.000000,0.050000,0.950000,0.000000
1708693816915786737,0.000000,0.000000,1.000000,0.000000
1708693817015913594,0.000000,0.000000,1.000000,0.000000
1708693817115966966,0.000000,0.050000,0.950000,0.000000
1708693817216103354,0.315789,0.105263,0.578947,0.000000
1708693817316213647,0.294118,0.470588,0.235294,0.000000
1708693817416368032,0.388889,0.388889,0.222222,0.000000
1708693817516463591,0.578947,0.421053,0.000000,0.000000
1708693817616599592,0.750000,0.250000,0.000000,0.000000
1708693817716734638,0.631579,0.263158,0.105263,0.000000
1708693817816867414,0.809524,0.142857,0.047619,0.000000
1708693817916935533,0.842105,0.157895,0.000000,0.000000
1708693818017086356,0.750000,0.250000,0.000000,0.000000
1708693818125560240,0.863636,0.136364,0.000000,0.000000
1708693818222897355,0.900000,0.100000,0.000000,0.000000
1708693818323032971,0.789474,0.210526,0.000000,0.000000
1708693818423143620,0.850000,0.100000,0.050000,0.000000
1708693818523252823,1.000000,0.000000,0.000000,0.000000
1708693818623390698,0.421053,0.052632,0.526316,0.000000
1708693818723501801,0.052632,0.052632,0.894737,0.000000
1708693818823609893,0.000000,0.000000,1.000000,0.000000
1708693818923708370,0.000000,0.000000,1.000000,0.000000
1708693819023749741,0.050000,0.050000,0.900000,0.000000
1708693819123876927,0.222222,0.000000,0.777778,0.000000
1708693819224369205,0.285714,0.428571,0.285714,0.000000
1708693819324457190,0.411765,0.411765,0.176471,0.000000
1708693819424444328,0.619048,0.380952,0.000000,0.000000
1708693819524504936,0.700000,0.300000,0.000000,0.000000
1708693819624583330,0.631579,0.368421,0.000000,0.000000
1708693819724747926,0.650000,0.350000,0.000000,0.000000
1708693819824869987,0.666667,0.285714,0.047619,0.000000
1708693819924994660,0.850000,0.150000,0.000000,0.000000
1708693820025117890,0.950000,0.050000,0.000000,0.000000
1708693820125230012,0.950000,0.050000,0.000000,0.000000
1708693820225330493,0.900000,0.100000,0.000000,0.000000
1708693820327159411,0.900000,0.100000,0.000000,0.000000
1708693820426623842,0.900000,0.100000,0.000000,0.000000
1708693820527088273,0.550000,0.100000,0.350000,0.000000
1708693820627010981,0.000000,0.100000,0.900000,0.000000
1708693820727061819,0.052632,0.000000,0.947368,0.000000
1708693820827157244,0.050000,0.000000,0.950000,0.000000
1708693820927211250,0.000000,0.000000,1.000000,0.000000
1708693821027261161,0.000000,0.000000,1.000000,0.000000
1708693821127356879,0.000000,0.050000,0.950000,0.000000
1708693821227394301,0.000000,0.095238,0.904762,0.000000
1708693821327468473,0.000000,0.000000,1.000000,0.000000
1708693821427546473,0.000000,0.000000,1.000000,0.000000
1708693821527621347,0.000000,0.000000,1.000000,0.000000
1708693821627698125,0.000000,0.000000,1.000000,0.000000
1708693821727729312,0.000000,0.000000,1.000000,0.000000
1708693821827813727,0.000000,0.000000,1.000000,0.000000
1708693821927874078,0.000000,0.000000,1.000000,0.000000
1708693822027945804,0.000000,0.000000,1.000000,0.000000
1708693822128018166,0.000000,0.000000,1.000000,0.000000
1708693822228078289,0.000000,0.000000,1.000000,0.000000
1708693822328127895,0.000000,0.000000,1.000000,0.000000
1708693822428139583,0.000000,0.000000,1.000000,0.000000
1708693822528240970,0.050000,0.000000,0.950000,0.000000
1708693822628313067,0.000000,0.000000,1.000000,0.000000
1708693822728385920,0.000000,0.000000,1.000000,0.000000
1708693822828415174,0.000000,0.000000,1.000000,0.000000
1708693822928469932,0.000000,0.000000,1.000000,0.000000
1708693823028555893,0.000000,0.000000,1.000000,0.000000
1708693823128630373,0.000000,0.000000,1.000000,0.000000
1708693823228705284,0.000000,0.000000,1.000000,0.000000
1708693823328780936,0.000000,0.000000,1.000000,0.000000
1708693823428794431,0.000000,0.000000,1.000000,0.000000
1708693823528893999,0.000000,0.000000,1.000000,0.000000
1708693823628937087,0.000000,0.000000,1.000000,0.000000
1708693823729024471,0.000000,0.000000,1.000000,0.000000
1708693823829058639,0.000000,0.000000,1.000000,0.000000
1708693823929176733,0.000000,0.000000,1.000000,0.000000
1708693824029205804,0.000000,0.000000,1.000000,0.000000
1708693824129279071,0.000000,0.000000,1.000000,0.000000
1708693824229370618,0.000000,0.000000,1.000000,0.000000
1708693824329469923,0.000000,0.000000,1.000000,0.000000
1708693824429591773,0.000000,0.000000,1.000000,0.000000
1708693824529710854,0.000000,0.000000,1.000000,0.000000
1708693824629806242,0.000000,0.000000,1.000000,0.000000
1708693824729915990,0.000000,0.000000,1.000000,0.000000
1708693824830127075,0.000000,0.050000,0.950000,0.000000
1708693824930141057,0.000000,0.000000,1.000000,0.000000
1708693825030259913,0.000000,0.000000,1.000000,0.000000
1708693825130358198,0.000000,0.000000,1.000000,0.000000
1708693825230464714,0.000000,0.000000,1.000000,0.000000
1708693825330553072,0.000000,0.000000,1.000000,0.000000
1708693825430599685,0.000000,0.000000,1.000000,0.000000
1708693825530747789,0.000000,0.000000,1.000000,0.000000
1708693825630802488,0.000000,0.000000,1.000000,0.000000
1708693825730962783,0.000000,0.000000,1.000000,0.000000
1708693825831008934,0.000000,0.000000,1.000000,0.000000
1708693825931077110,0.000000,0.000000,1.000000,0.000000
1708693826031135462,0.000000,0.000000,1.000000,0.000000
1708693826131220806,0.000000,0.000000,1.000000,0.000000
1708693826231266422,0.000000,0.000000,1.000000,0.000000
1708693826331355731,0.000000,0.000000,1.000000,0.000000
1708693826431497066,0.000000,0.050000,0.950000,0.000000
1708693826531541522,0.000000,0.000000,1.000000,0.000000
1708693826631617931,0.000000,0.000000,1.000000,0.000000
1708693826731669005,0.000000,0.000000,1.000000,0.000000
1708693826831758153,0.000000,0.000000,1.000000,0.000000
1708693826931800856,0.000000,0.000000,1.000000,0.000000
1708693827031886974,0.000000,0.000000,1.000000,0.000000
1708693827131936427,0.000000,0.000000,1.000000,0.000000
1708693827232020409,0.000000,0.000000,1.000000,0.000000
1708693827332072069,0.000000,0.000000,1.000000,0.000000
1708693827432156370,0.000000,0.000000,1.000000,0.000000
1708693827532283507,0.000000,0.000000,1.000000,0.000000
1708693827632359714,0.000000,0.000000,1.000000,0.000000
1708693827732509134,0.000000,0.000000,1.000000,0.000000
1708693827832598163,0.000000,0.000000,1.000000,0.000000
1708693827932774549,0.000000,0.000000,1.000000,0.000000
1708693828032793060,0.000000,0.000000,1.000000,0.000000
1708693828132977184,0.000000,0.000000,1.000000,0.000000
1708693828233000060,0.000000,0.000000,1.000000,0.000000
1708693828333091249,0.000000,0.000000,1.000000,0.000000
1708693828433170243,0.000000,0.000000,1.000000,0.000000
1708693828533390816,0.000000,0.000000,1.000000,0.000000
1708693828633397382,0.000000,0.000000,1.000000,0.000000
1708693828733480842,0.000000,0.050000,0.950000,0.000000
1708693828833627362,0.000000,0.000000,1.000000,0.000000
1708693828933683639,0.000000,0.000000,1.000000,0.000000
1708693829033818918,0.000000,0.000000,1.000000,0.000000
1708693829133922407,0.000000,0.000000,1.000000,0.000000
1708693829234029225,0.000000,0.000000,1.000000,0.000000
1708693829334147099,0.000000,0.000000,1.000000,0.000000
1708693829434247760,0.000000,0.000000,1.000000,0.000000
1708693829534274534,0.000000,0.000000,1.000000,0.000000
1708693829634345162,0.000000,0.000000,1.000000,0.000000
1708693829734427325,0.000000,0.000000,1.000000,0.000000
1708693829834539001,0.000000,0.000000,1.000000,0.000000
1708693829934632004,0.000000,0.000000,1.000000,0.000000
1708693830034745067,0.000000,0.050000,0.950000,0.000000
1708693830134827150,0.166667,0.000000,0.833333,0.000000
1708693830234924523,0.444444,0.333333,0.222222,0.000000
1708693830335033593,0.444444,0.500000,0.055556,0.000000
1708693830435163040,0.550000,0.350000,0.100000,0.000000
1708693830535296729,0.578947,0.315789,0.105263,0.000000
1708693830635371765,0.700000,0.300000,0.000000,0.000000
1708693830735519116,0.631579,0.368421,0.000000,0.000000
1708693830835644635,0.750000,0.200000,0.050000,0.000000
1708693830935773208,0.947368,0.052632,0.000000,0.000000
1708693831035899400,0.809524,0.190476,0.000000,0.000000
1708693831136023127,0.850000,0.150000,0.000000,0.000000
1708693831236148213,0.900000,0.100000,0.000000,0.000000
1708693831336270080,0.900000,0.100000,0.000000,0.000000
1708693831436379521,0.800000,0.050000,0.150000,0.000000
1708693831536504277,0.222222,0.055556,0.722222,0.000000
1708693831636554834,0.000000,0.000000,1.000000,0.000000
1708693831736615097,0.000000,0.052632,0.947368,0.000000
1708693831836737610,0.000000,0.000000,1.000000,0.000000
1708693831936849557,0.055556,0.000000,0.944444,0.000000
1708693832036962861,0.263158,0.052632,0.684211,0.000000
1708693832137086466,0.470588,0.470588,0.058824,0.000000
1708693832237216373,0.444444,0.277778,0.277778,0.000000
1708693832337342122,0.750000,0.250000,0.000000,0.000000
1708693832437468729,0.684211,0.315789,0.000000,0.000000
1708693832537598764,0.600000,0.400000,0.000000,0.000000
1708693832637725177,0.750000,0.250000,0.000000,0.000000
1708693832737851433,0.650000,0.350000,0.000000,0.000000
1708693832837981471,0.800000,0.200000,0.000000,0.000000
1708693832938110508,0.900000,0.100000,0.000000,0.000000
1708693833038239249,0.900000,0.100000,0.000000,0.000000
1708693833138367958,0.800000,0.200000,0.000000,0.000000
1708693833238490954,0.894737,0.105263,0.000000,0.000000
1708693833340542725,0.714286,0.142857,0.142857,0.000000
1708693833440034123,0.250000,0.050000,0.700000,0.000000
1708693833540072660,0.000000,0.000000,1.000000,0.000000
1708693833640149433,0.000000,0.052632,0.947368,0.000000
1708693833740269011,0.000000,0.000000,1.000000,0.000000
