Time,User,Kernel,Idle,IoWait
1708598446167464562,0.143750,0.050000,0.806250,0.000000
1708598446267591105,0.143770,0.076677,0.779553,0.000000
1708598446367797949,0.051195,0.054608,0.894198,0.000000
1708598446467894790,0.057432,0.067568,0.875000,0.000000
1708598446568005324,0.061889,0.091205,0.846906,0.000000
1708598446668111473,0.181818,0.087774,0.730408,0.000000
1708598446768235992,0.458746,0.168317,0.372937,0.000000
1708598446868396670,0.448845,0.115512,0.435644,0.000000
1708598446968492050,0.006329,0.009494,0.984177,0.000000
1708598447068592005,0.000000,0.000000,1.000000,0.000000
1708598447168684880,0.000000,0.000000,1.000000,0.000000
1708598447268785636,0.000000,0.000000,1.000000,0.000000
1708598447368880966,0.000000,0.000000,1.000000,0.000000
1708598447468969403,0.000000,0.000000,1.000000,0.000000
1708598447569063497,0.000000,0.000000,1.000000,0.000000
1708598447669162025,0.000000,0.000000,1.000000,0.000000
1708598447769257011,0.000000,0.000000,1.000000,0.000000
1708598447869355283,0.000000,0.000000,1.000000,0.000000
1708598447969448631,0.000000,0.003125,0.996875,0.000000
1708598448069546977,0.000000,0.000000,1.000000,0.000000
1708598448169639696,0.000000,0.000000,1.000000,0.000000
1708598448269737082,0.201299,0.071429,0.727273,0.000000
1708598448369884376,0.059603,0.072848,0.867550,0.000000
1708598448470008645,0.070000,0.106667,0.823333,0.000000
1708598448570150151,0.111111,0.124579,0.764310,0.000000
1708598448670289816,0.423077,0.314103,0.262821,0.000000
1708598448770507731,0.606918,0.352201,0.040881,0.000000
1708598448870669729,0.601881,0.338558,0.059561,0.000000
1708598448970882894,0.767516,0.207006,0.025478,0.000000
1708598449071030703,0.819620,0.139241,0.041139,0.000000
1708598449171195844,0.737342,0.139241,0.123418,0.000000
1708598449271375744,0.644951,0.143322,0.211726,0.000000
1708598449371490835,0.398773,0.098160,0.503067,0.000000
1708598449471612740,0.019048,0.012698,0.968254,0.000000
1708598449571742491,0.000000,0.000000,1.000000,0.000000
1708598449671845126,0.000000,0.000000,1.000000,0.000000
1708598449771963387,0.000000,0.003125,0.996875,0.000000
1708598449872085099,0.000000,0.003135,0.996865,0.000000
1708598449972217455,0.000000,0.006250,0.993750,0.000000
1708598450072345139,0.000000,0.003135,0.996865,0.000000
1708598450172465901,0.003145,0.003145,0.993711,0.006289
1708598450272596926,0.000000,0.012821,0.987179,0.025641
1708598450372732243,0.000000,0.009646,0.990354,0.028939
1708598450472861787,0.000000,0.009464,0.990536,0.009464
1708598450572991013,0.000000,0.003195,0.996805,0.019169
1708598450673115372,0.003165,0.006329,0.990506,0.012658
1708598450773244336,0.000000,0.006250,0.993750,0.000000
1708598450873359937,0.000000,0.003145,0.996855,0.003145
1708598450973482757,0.000000,0.000000,1.000000,0.003145
1708598451073595134,0.000000,0.000000,1.000000,0.003145
1708598451173705067,0.003135,0.000000,0.996865,0.000000
1708598451273805593,0.003155,0.003155,0.993691,0.006309
1708598451373906710,0.003135,0.006270,0.990596,0.003135
1708598451474008855,0.031646,0.018987,0.949367,0.009494
1708598451574131415,0.155063,0.066456,0.778481,0.009494
1708598451674314413,0.016393,0.000000,0.983607,0.026230
1708598451774421451,0.003247,0.003247,0.993506,0.029221
1708598451874530056,0.000000,0.003155,0.996845,0.009464
1708598451974637951,0.000000,0.000000,1.000000,0.003145
1708598452074745389,0.000000,0.000000,1.000000,0.000000
1708598452174846695,0.000000,0.000000,1.000000,0.003145
1708598452274944828,0.000000,0.003135,0.996865,0.003135
1708598452375058502,0.003135,0.003135,0.993730,0.003135
1708598452475161774,0.028302,0.015723,0.955975,0.003145
1708598452575271904,0.040000,0.080000,0.880000,0.003077
1708598452675394908,0.187500,0.021875,0.790625,0.012500
1708598452775516951,0.000000,0.006289,0.993711,0.003145
1708598452875617617,0.003135,0.000000,0.996865,0.003135
1708598452975721458,0.000000,0.003226,0.996774,0.022581
1708598453075846939,0.279221,0.058442,0.662338,0.019481
1708598453175994746,0.187726,0.086643,0.725632,0.028881
1708598453276122939,0.090604,0.083893,0.825503,0.000000
1708598453376265702,0.112957,0.089701,0.797342,0.000000
1708598453476408057,0.080537,0.104027,0.815436,0.000000
1708598453576541201,0.087248,0.107383,0.805369,0.000000
1708598453676671904,0.093960,0.114094,0.791946,0.000000
1708598453776838239,0.121711,0.200658,0.677632,0.000000
1708598453876974155,0.347267,0.308682,0.344051,0.000000
1708598453977748563,0.653495,0.310030,0.036474,0.000000
1708598454077732216,0.721003,0.266458,0.012539,0.000000
1708598454177936246,0.776730,0.207547,0.015723,0.000000
1708598454278087413,0.887147,0.106583,0.006270,0.000000
1708598454378303718,0.883281,0.110410,0.006309,0.000000
1708598454478521197,0.919003,0.071651,0.009346,0.000000
1708598454578697461,0.905956,0.087774,0.006270,0.000000
1708598454678842808,0.453968,0.057143,0.488889,0.000000
1708598454778937200,0.015674,0.037618,0.946708,0.000000
1708598454879059133,0.000000,0.003135,0.996865,0.000000
1708598454979175432,0.000000,0.000000,1.000000,0.000000
1708598455079278055,0.000000,0.003135,0.996865,0.000000
1708598455179396910,0.000000,0.003135,0.996865,0.000000
1708598455279515809,0.000000,0.009375,0.990625,0.000000
1708598455379626526,0.000000,0.003145,0.996855,0.000000
1708598455479742884,0.000000,0.009375,0.990625,0.000000
1708598455579858878,0.000000,0.009404,0.990596,0.000000
1708598455679980793,0.000000,0.003135,0.996865,0.000000
1708598455780097973,0.000000,0.006250,0.993750,0.000000
1708598455880216741,0.000000,0.003135,0.996865,0.000000
1708598455980329869,0.000000,0.003135,0.996865,0.000000
1708598456080434672,0.000000,0.000000,1.000000,0.000000
1708598456180542571,0.000000,0.000000,1.000000,0.000000
1708598456280648317,0.000000,0.000000,1.000000,0.000000
1708598456380751649,0.000000,0.000000,1.000000,0.000000
1708598456480857743,0.000000,0.000000,1.000000,0.000000
1708598456580956223,0.000000,0.000000,1.000000,0.000000
1708598456681063156,0.000000,0.000000,1.000000,0.000000
1708598456781179680,0.000000,0.000000,1.000000,0.000000
1708598456881309599,0.000000,0.003125,0.996875,0.000000
1708598456981409014,0.000000,0.000000,1.000000,0.000000
1708598457081519834,0.000000,0.000000,1.000000,0.000000
1708598457181621151,0.000000,0.000000,1.000000,0.000000
1708598457281720119,0.003115,0.000000,0.996885,0.000000
1708598457381821781,0.000000,0.000000,1.000000,0.000000
1708598457481926234,0.000000,0.000000,1.000000,0.000000
1708598457582027359,0.000000,0.000000,1.000000,0.000000
1708598457682164324,0.003135,0.003135,0.993730,0.000000
1708598457782275184,0.000000,0.000000,1.000000,0.000000
1708598457882373601,0.000000,0.000000,1.000000,0.000000
1708598457982467958,0.000000,0.000000,1.000000,0.000000
1708598458082567306,0.000000,0.000000,1.000000,0.000000
1708598458182667424,0.000000,0.000000,1.000000,0.000000
1708598458282772437,0.000000,0.000000,1.000000,0.006289
1708598458382876954,0.000000,0.000000,1.000000,0.012698
1708598458482979480,0.000000,0.000000,1.000000,0.000000
1708598458583077318,0.000000,0.000000,1.000000,0.000000
1708598458683193618,0.000000,0.000000,1.000000,0.000000
1708598458783293621,0.000000,0.000000,1.000000,0.000000
1708598458883396840,0.000000,0.000000,1.000000,0.000000
1708598458983522783,0.000000,0.000000,1.000000,0.000000
1708598459083623527,0.003135,0.000000,0.996865,0.000000
1708598459183711095,0.028302,0.022013,0.949686,0.000000
1708598459283842626,0.084375,0.059375,0.856250,0.000000
1708598459383995304,0.320635,0.050794,0.628571,0.000000
1708598459484264485,0.332268,0.022364,0.645367,0.000000
1708598459584321343,0.003067,0.033742,0.963190,0.000000
1708598459684427194,0.000000,0.003125,0.996875,0.000000
1708598459784536312,0.000000,0.000000,1.000000,0.000000
1708598459884636388,0.000000,0.000000,1.000000,0.000000
1708598459984738250,0.000000,0.000000,1.000000,0.000000
1708598460084839060,0.000000,0.000000,1.000000,0.000000
1708598460184935680,0.000000,0.000000,1.000000,0.000000
1708598460285027751,0.000000,0.000000,1.000000,0.000000
1708598460385117484,0.000000,0.000000,1.000000,0.000000
1708598460485209020,0.000000,0.000000,1.000000,0.000000
1708598460585310296,0.000000,0.000000,1.000000,0.000000
1708598460685401810,0.000000,0.000000,1.000000,0.000000
1708598460785492078,0.000000,0.003125,0.996875,0.000000
1708598460885587506,0.000000,0.003125,0.996875,0.000000
1708598460985693487,0.000000,0.000000,1.000000,0.000000
1708598461085794643,0.000000,0.000000,1.000000,0.000000
1708598461185899577,0.000000,0.000000,1.000000,0.000000
1708598461285996139,0.000000,0.003125,0.996875,0.000000
1708598461386107586,0.000000,0.000000,1.000000,0.000000
1708598461486213369,0.000000,0.000000,1.000000,0.000000
1708598461586315288,0.000000,0.000000,1.000000,0.000000
1708598461686432979,0.000000,0.000000,1.000000,0.000000
1708598461786541919,0.000000,0.000000,1.000000,0.000000
1708598461886651211,0.000000,0.000000,1.000000,0.000000
1708598461986757558,0.000000,0.000000,1.000000,0.000000
1708598462086863123,0.000000,0.000000,1.000000,0.000000
1708598462186973982,0.000000,0.000000,1.000000,0.000000
1708598462287072484,0.000000,0.000000,1.000000,0.000000
1708598462387172792,0.000000,0.000000,1.000000,0.000000
1708598462487274490,0.000000,0.000000,1.000000,0.000000
1708598462587375607,0.000000,0.000000,1.000000,0.000000
1708598462687486219,0.000000,0.000000,1.000000,0.000000
1708598462787601625,0.003115,0.003115,0.993769,0.000000
1708598462887702660,0.000000,0.000000,1.000000,0.000000
1708598462987800860,0.000000,0.000000,1.000000,0.000000
1708598463087901614,0.000000,0.000000,1.000000,0.000000
1708598463188016016,0.000000,0.000000,1.000000,0.000000
1708598463288113066,0.000000,0.000000,1.000000,0.000000
1708598463388212437,0.000000,0.000000,1.000000,0.000000
1708598463488318829,0.000000,0.000000,1.000000,0.000000
1708598463588418997,0.000000,0.000000,1.000000,0.000000
1708598463688526478,0.000000,0.000000,1.000000,0.003145
1708598463788624387,0.000000,0.003135,0.996865,0.003135
1708598463888728560,0.060897,0.038462,0.900641,0.009615
1708598463988841515,0.328947,0.069079,0.601974,0.016447
1708598464088965956,0.091525,0.074576,0.833898,0.020339
1708598464189103893,0.073826,0.077181,0.848993,0.000000
1708598464289242779,0.070707,0.087542,0.841751,0.000000
1708598464389369585,0.077703,0.077703,0.844595,0.000000
1708598464489505848,0.074576,0.074576,0.850847,0.000000
1708598464589633657,0.100671,0.097315,0.802013,0.000000
1708598464689799543,0.309148,0.280757,0.410095,0.000000
1708598464789955227,0.642633,0.329154,0.028213,0.000000
1708598464890168197,0.707547,0.279874,0.012579,0.000000
1708598464990389923,0.703470,0.277603,0.018927,0.000000
1708598465090564785,0.875389,0.118380,0.006231,0.000000
1708598465191589361,0.925000,0.068750,0.006250,0.000000
1708598465297918222,0.939759,0.057229,0.003012,0.000000
1708598465396011259,0.924290,0.059937,0.015773,0.000000
1708598465496170769,0.725000,0.065625,0.209375,0.000000
1708598465596256305,0.043344,0.074303,0.882353,0.000000
1708598465696389443,0.003145,0.003145,0.993711,0.000000
1708598465796512765,0.000000,0.000000,1.000000,0.000000
1708598465896609446,0.000000,0.000000,1.000000,0.000000
1708598465996716719,0.003115,0.009346,0.987539,0.000000
1708598466096828796,0.000000,0.003145,0.996855,0.000000
1708598466196936422,0.000000,0.003145,0.996855,0.000000
1708598466297053713,0.000000,0.012500,0.987500,0.000000
1708598466397163416,0.000000,0.009404,0.990596,0.000000
1708598466497300783,0.000000,0.009375,0.990625,0.000000
1708598466597433296,0.003125,0.003125,0.993750,0.000000
1708598466697574033,0.000000,0.003135,0.996865,0.000000
1708598466797678407,0.000000,0.003135,0.996865,0.000000
1708598466897787611,0.000000,0.003135,0.996865,0.000000
1708598466997907738,0.000000,0.000000,1.000000,0.000000
1708598467098017318,0.000000,0.000000,1.000000,0.000000
1708598467198127516,0.000000,0.000000,1.000000,0.000000
1708598467298240965,0.000000,0.000000,1.000000,0.000000
1708598467398347216,0.000000,0.000000,1.000000,0.000000
1708598467498452637,0.000000,0.000000,1.000000,0.000000
1708598467598567239,0.000000,0.000000,1.000000,0.000000
1708598467698680214,0.003125,0.000000,0.996875,0.000000
1708598467798789136,0.000000,0.000000,1.000000,0.000000
1708598467898904860,0.000000,0.000000,1.000000,0.000000
1708598467999016906,0.000000,0.000000,1.000000,0.000000
1708598468099129879,0.000000,0.000000,1.000000,0.000000
1708598468199241519,0.003115,0.000000,0.996885,0.000000
1708598468299354083,0.000000,0.000000,1.000000,0.000000
1708598468399463947,0.000000,0.000000,1.000000,0.000000
1708598468499572688,0.000000,0.000000,1.000000,0.000000
1708598468599687772,0.000000,0.000000,1.000000,0.000000
1708598468699804534,0.000000,0.000000,1.000000,0.000000
1708598468799911539,0.000000,0.000000,1.000000,0.000000
1708598468900039969,0.000000,0.000000,1.000000,0.000000
1708598469000145701,0.000000,0.000000,1.000000,0.000000
1708598469100258741,0.000000,0.000000,1.000000,0.000000
1708598469200372319,0.000000,0.003125,0.996875,0.000000
1708598469300480849,0.000000,0.000000,1.000000,0.000000
1708598469400588055,0.000000,0.000000,1.000000,0.000000
1708598469500699531,0.000000,0.000000,1.000000,0.000000
1708598469600816123,0.000000,0.000000,1.000000,0.000000
1708598469700932195,0.000000,0.000000,1.000000,0.000000
1708598469801037958,0.003125,0.000000,0.996875,0.000000
1708598469901153959,0.000000,0.000000,1.000000,0.000000
1708598470001204638,0.015674,0.006270,0.978056,0.000000
1708598470101338677,0.025316,0.018987,0.955696,0.000000
1708598470201454309,0.056426,0.040752,0.902821,0.000000
1708598470301631167,0.376119,0.020896,0.602985,0.000000
1708598470401825184,0.106796,0.009709,0.883495,0.000000
1708598470501944022,0.003058,0.030581,0.966361,0.000000
1708598470602072397,0.000000,0.000000,1.000000,0.000000
1708598470702183644,0.000000,0.000000,1.000000,0.000000
1708598470802295702,0.000000,0.000000,1.000000,0.000000
1708598470902410155,0.000000,0.000000,1.000000,0.000000
1708598471002521835,0.000000,0.000000,1.000000,0.000000
1708598471102632181,0.000000,0.000000,1.000000,0.000000
1708598471202745689,0.000000,0.000000,1.000000,0.000000
1708598471302853761,0.000000,0.000000,1.000000,0.000000
1708598471402966855,0.000000,0.000000,1.000000,0.000000
1708598471503077932,0.000000,0.000000,1.000000,0.000000
1708598471603190309,0.000000,0.003125,0.996875,0.000000
1708598471703303397,0.000000,0.000000,1.000000,0.000000
1708598471803426182,0.000000,0.000000,1.000000,0.000000
1708598471903534228,0.000000,0.003125,0.996875,0.000000
1708598472003645162,0.000000,0.000000,1.000000,0.000000
1708598472103756428,0.000000,0.000000,1.000000,0.000000
1708598472203864738,0.000000,0.000000,1.000000,0.000000
1708598472303982371,0.000000,0.000000,1.000000,0.000000
1708598472404099744,0.000000,0.000000,1.000000,0.000000
1708598472504210381,0.000000,0.000000,1.000000,0.000000
1708598472604314029,0.000000,0.003125,0.996875,0.000000
1708598472704434632,0.000000,0.000000,1.000000,0.000000
1708598472804579232,0.000000,0.000000,1.000000,0.000000
1708598472904690953,0.000000,0.000000,1.000000,0.000000
1708598473004797307,0.000000,0.000000,1.000000,0.000000
1708598473104907508,0.000000,0.000000,1.000000,0.000000
1708598473205016402,0.000000,0.000000,1.000000,0.000000
1708598473305127137,0.000000,0.000000,1.000000,0.000000
1708598473405230781,0.000000,0.000000,1.000000,0.000000
1708598473505336118,0.000000,0.000000,1.000000,0.000000
1708598473605447964,0.003125,0.000000,0.996875,0.000000
1708598473705560773,0.000000,0.000000,1.000000,0.000000
1708598473805666849,0.000000,0.000000,1.000000,0.000000
1708598473905775662,0.000000,0.000000,1.000000,0.000000
1708598474005883350,0.000000,0.000000,1.000000,0.000000
1708598474105992392,0.000000,0.000000,1.000000,0.000000
1708598474206099447,0.000000,0.000000,1.000000,0.000000
1708598474306208576,0.000000,0.000000,1.000000,0.000000
1708598474406314600,0.000000,0.000000,1.000000,0.000000
1708598474506424492,0.000000,0.000000,1.000000,0.000000
1708598474606531382,0.000000,0.000000,1.000000,0.000000
1708598474706645674,0.000000,0.000000,1.000000,0.000000
1708598474806746860,0.000000,0.000000,1.000000,0.000000
1708598474906850544,0.000000,0.000000,1.000000,0.000000
1708598475006966810,0.000000,0.000000,1.000000,0.000000
1708598475107067303,0.000000,0.000000,1.000000,0.000000
1708598475207168940,0.000000,0.000000,1.000000,0.000000
1708598475307273419,0.000000,0.000000,1.000000,0.000000
1708598475407378946,0.000000,0.000000,1.000000,0.000000
1708598475507487612,0.000000,0.000000,1.000000,0.000000
1708598475607598429,0.000000,0.000000,1.000000,0.000000
1708598475707708556,0.000000,0.000000,1.000000,0.000000
1708598475807808628,0.003135,0.000000,0.996865,0.000000
1708598475912471028,0.351852,0.083333,0.564815,0.000000
1708598476011090796,0.155932,0.071186,0.772881,0.000000
1708598476111200207,0.072848,0.115894,0.811258,0.000000
1708598476211267091,0.096026,0.092715,0.811258,0.000000
1708598476311405600,0.072165,0.082474,0.845361,0.000000
1708598476411531452,0.081356,0.084746,0.833898,0.000000
1708598476511646065,0.073826,0.087248,0.838926,0.000000
1708598476611762155,0.116279,0.099668,0.784053,0.000000
1708598476711921170,0.463259,0.361022,0.175719,0.000000
1708598476812117600,0.567823,0.413249,0.018927,0.000000
1708598476912288638,0.639498,0.347962,0.012539,0.000000
1708598477012444235,0.805031,0.176101,0.018868,0.000000
1708598477112624449,0.867925,0.125786,0.006289,0.000000
1708598477219512352,0.881159,0.115942,0.002899,0.000000
1708598477317497310,0.921630,0.075235,0.003135,0.000000
1708598477422253287,0.909657,0.087227,0.003115,0.000000
1708598477520956733,0.905956,0.078370,0.015674,0.000000
1708598477621140472,0.537975,0.072785,0.389241,0.000000
1708598477721245908,0.037618,0.078370,0.884013,0.000000
1708598477821361048,0.003125,0.000000,0.996875,0.000000
1708598477921453825,0.000000,0.003145,0.996855,0.000000
1708598478021558468,0.000000,0.006270,0.993730,0.000000
1708598478121655328,0.000000,0.003145,0.996855,0.000000
1708598478221757583,0.000000,0.006289,0.993711,0.000000
1708598478321856973,0.000000,0.012500,0.987500,0.000000
1708598478421955779,0.000000,0.012461,0.987539,0.000000
1708598478522059158,0.000000,0.006289,0.993711,0.000000
1708598478622155891,0.000000,0.006250,0.993750,0.000000
1708598478722257219,0.000000,0.003135,0.996865,0.000000
1708598478822360680,0.000000,0.003135,0.996865,0.000000
1708598478922466717,0.000000,0.000000,1.000000,0.000000
1708598479022570294,0.000000,0.000000,1.000000,0.000000
1708598479122662971,0.003125,0.000000,0.996875,0.000000
1708598479222760502,0.000000,0.000000,1.000000,0.000000
1708598479322856008,0.000000,0.000000,1.000000,0.000000
1708598479422948669,0.000000,0.000000,1.000000,0.000000
1708598479523043496,0.000000,0.000000,1.000000,0.000000
1708598479623138866,0.000000,0.000000,1.000000,0.000000
1708598479723237553,0.000000,0.000000,1.000000,0.000000
1708598479823337588,0.000000,0.000000,1.000000,0.000000
1708598479923430784,0.000000,0.000000,1.000000,0.000000
1708598480023530365,0.000000,0.000000,1.000000,0.000000
1708598480123628883,0.000000,0.000000,1.000000,0.000000
1708598480223727661,0.000000,0.000000,1.000000,0.000000
1708598480323819941,0.000000,0.003125,0.996875,0.000000
1708598480423915498,0.000000,0.000000,1.000000,0.000000
1708598480524008936,0.000000,0.000000,1.000000,0.000000
1708598480624106397,0.000000,0.000000,1.000000,0.000000
1708598480724204374,0.003125,0.000000,0.996875,0.000000
1708598480824303900,0.000000,0.000000,1.000000,0.000000
1708598480924411301,0.000000,0.000000,1.000000,0.000000
1708598481024504905,0.000000,0.000000,1.000000,0.000000
1708598481124600949,0.000000,0.000000,1.000000,0.000000
1708598481224697224,0.000000,0.000000,1.000000,0.000000
1708598481324795338,0.003125,0.000000,0.996875,0.000000
1708598481424898208,0.000000,0.000000,1.000000,0.000000
1708598481524996021,0.000000,0.000000,1.000000,0.000000
1708598481625097472,0.000000,0.000000,1.000000,0.000000
1708598481725201461,0.000000,0.003125,0.996875,0.000000
1708598481825324331,0.000000,0.000000,1.000000,0.000000
1708598481925414038,0.000000,0.000000,1.000000,0.000000
1708598482025513788,0.000000,0.000000,1.000000,0.000000
1708598482125609027,0.000000,0.000000,1.000000,0.000000
1708598482225705653,0.000000,0.000000,1.000000,0.000000
1708598482325804724,0.000000,0.003125,0.996875,0.000000
1708598482425900390,0.000000,0.000000,1.000000,0.000000
1708598482525996084,0.000000,0.000000,1.000000,0.000000
1708598482626089620,0.003125,0.000000,0.996875,0.000000
1708598482726184001,0.000000,0.000000,1.000000,0.000000
1708598482826287107,0.000000,0.000000,1.000000,0.000000
1708598482926379910,0.000000,0.000000,1.000000,0.000000
1708598483026486196,0.003125,0.000000,0.996875,0.000000
1708598483126579685,0.000000,0.000000,1.000000,0.000000
1708598483226683418,0.062893,0.031447,0.905660,0.000000
1708598483326818569,0.379870,0.058442,0.561688,0.000000
1708598483427081483,0.091837,0.088435,0.819728,0.000000
1708598483527365791,0.081356,0.088136,0.830508,0.000000
1708598483627535576,0.089347,0.075601,0.835052,0.000000
1708598483727637897,0.075342,0.089041,0.835616,0.000000
1708598483827772165,0.075862,0.075862,0.848276,0.000000
1708598483927907156,0.070234,0.086957,0.842809,0.000000
1708598484028060618,0.180000,0.156667,0.663333,0.000000
1708598484128268404,0.514377,0.434505,0.051118,0.000000
1708598484228468810,0.620690,0.366771,0.012539,0.000000
1708598484328692805,0.638365,0.349057,0.012579,0.000000
1708598484428892261,0.815625,0.171875,0.012500,0.000000
1708598484529104103,0.905660,0.088050,0.006289,0.000000
1708598484629291035,0.933934,0.063063,0.003003,0.000000
1708598484729476231,0.889590,0.100946,0.009464,0.000000
1708598484831497075,0.928125,0.062500,0.009375,0.000000
1708598484931105585,0.867925,0.081761,0.050314,0.000000
1708598485031228571,0.198083,0.124601,0.677316,0.000000
1708598485131372474,0.187898,0.012739,0.799363,0.000000
1708598485231502453,0.003145,0.009434,0.987421,0.000000
1708598485331620748,0.096463,0.028939,0.874598,0.000000
1708598485431749153,0.403333,0.093333,0.503333,0.000000
1708598485531889489,0.084459,0.114865,0.800676,0.000000
1708598485632052452,0.088136,0.094915,0.816949,0.000000
1708598485732200228,0.075085,0.105802,0.819113,0.000000
1708598485832365572,0.065292,0.096220,0.838488,0.000000
1708598485932509704,0.074576,0.071186,0.854237,0.000000
1708598486032638447,0.062706,0.072607,0.864686,0.000000
1708598486132777963,0.288525,0.209836,0.501639,0.000000
1708598486232994912,0.569620,0.398734,0.031646,0.000000
1708598486333191197,0.633846,0.344615,0.021538,0.000000
1708598486433400332,0.746130,0.244582,0.009288,0.000000
1708598486533567566,0.862500,0.134375,0.003125,0.000000
1708598486645066837,0.849711,0.147399,0.002890,0.000000
1708598486741493854,0.886792,0.110063,0.003145,0.000000
1708598486841678094,0.953416,0.043478,0.003106,0.000000
1708598486941857267,0.908517,0.078864,0.012618,0.000000
1708598487042008610,0.668810,0.173633,0.157556,0.000000
1708598487142111063,0.316614,0.068966,0.614420,0.000000
1708598487242244116,0.006329,0.022152,0.971519,0.000000
1708598487342385976,0.003115,0.009346,0.987539,0.000000
1708598487442522672,0.000000,0.009346,0.990654,0.000000
1708598487542652693,0.000000,0.000000,1.000000,0.000000
1708598487642777578,0.000000,0.006250,0.993750,0.000000
1708598487742901928,0.000000,0.000000,1.000000,0.000000
1708598487843021959,0.000000,0.003135,0.996865,0.000000
1708598487943126756,0.000000,0.003125,0.996875,0.000000
1708598488043244059,0.000000,0.000000,1.000000,0.000000
1708598488143337426,0.000000,0.000000,1.000000,0.000000
1708598488243450696,0.000000,0.000000,1.000000,0.000000
1708598488343554105,0.000000,0.003125,0.996875,0.000000
1708598488443661059,0.000000,0.000000,1.000000,0.000000
1708598488543765769,0.000000,0.000000,1.000000,0.000000
1708598488643869989,0.000000,0.000000,1.000000,0.000000
1708598488743992079,0.003125,0.000000,0.996875,0.000000
1708598488844103415,0.000000,0.000000,1.000000,0.000000
1708598488944208881,0.000000,0.000000,1.000000,0.000000
1708598489044317386,0.000000,0.000000,1.000000,0.000000
1708598489144420586,0.000000,0.000000,1.000000,0.000000
1708598489244534791,0.000000,0.000000,1.000000,0.000000
1708598489344641208,0.000000,0.000000,1.000000,0.000000
1708598489444747695,0.000000,0.000000,1.000000,0.000000
1708598489544848265,0.000000,0.000000,1.000000,0.000000
1708598489644958921,0.000000,0.000000,1.000000,0.000000
1708598489745071137,0.000000,0.000000,1.000000,0.000000
1708598489845174920,0.000000,0.003125,0.996875,0.000000
1708598489945303564,0.000000,0.000000,1.000000,0.000000
1708598490045404272,0.000000,0.000000,1.000000,0.000000
1708598490145507759,0.000000,0.000000,1.000000,0.000000
1708598490245615107,0.000000,0.000000,1.000000,0.000000
1708598490345724598,0.000000,0.000000,1.000000,0.000000
1708598490445826773,0.000000,0.000000,1.000000,0.000000
1708598490545939144,0.000000,0.000000,1.000000,0.000000
1708598490646043016,0.000000,0.000000,1.000000,0.000000
1708598490746146611,0.000000,0.000000,1.000000,0.000000
1708598490846253224,0.000000,0.003115,0.996885,0.000000
1708598490946365439,0.000000,0.000000,1.000000,0.000000
1708598491046474750,0.000000,0.000000,1.000000,0.000000
1708598491146575842,0.000000,0.000000,1.000000,0.000000
1708598491246685779,0.000000,0.000000,1.000000,0.000000
1708598491346789107,0.000000,0.000000,1.000000,0.000000
1708598491446896511,0.000000,0.000000,1.000000,0.000000
1708598491547001163,0.000000,0.000000,1.000000,0.000000
1708598491647105832,0.000000,0.000000,1.000000,0.000000
1708598491747211979,0.000000,0.000000,1.000000,0.000000
1708598491847318547,0.000000,0.000000,1.000000,0.000000
1708598491947424131,0.000000,0.000000,1.000000,0.000000
1708598492047533736,0.000000,0.000000,1.000000,0.000000
1708598492147637105,0.000000,0.000000,1.000000,0.000000
1708598492247749319,0.000000,0.000000,1.000000,0.000000
1708598492347851568,0.000000,0.003125,0.996875,0.000000
1708598492455771304,0.277259,0.080997,0.641745,0.000000
1708598492553342743,0.205980,0.086379,0.707641,0.000000
1708598492653458758,0.103679,0.080268,0.816054,0.000000
1708598492753596489,0.083045,0.076125,0.840830,0.000000
1708598492853734490,0.085034,0.091837,0.823129,0.000000
1708598492953837125,0.092715,0.086093,0.821192,0.000000
1708598493053948654,0.066667,0.080000,0.853333,0.000000
1708598493154080610,0.112957,0.106312,0.780731,0.000000
1708598493254265848,0.429032,0.341935,0.229032,0.000000
1708598493354446799,0.600629,0.377358,0.022013,0.000000
1708598493454663265,0.685535,0.298742,0.015723,0.000000
1708598493554866630,0.771160,0.222571,0.006270,0.000000
1708598493664409383,0.863768,0.130435,0.005797,0.000000
1708598493761502444,0.903427,0.090343,0.006231,0.000000
1708598493861705452,0.934169,0.062696,0.003135,0.000000
1708598493961956187,0.943574,0.056426,0.000000,0.000000
1708598494062145201,0.884013,0.109718,0.006270,0.000000
1708598494162276469,0.582090,0.110448,0.307463,0.000000
1708598494262391097,0.021875,0.043750,0.934375,0.000000
1708598494362500854,0.000000,0.000000,1.000000,0.000000
1708598494466547685,0.275000,0.090625,0.634375,0.000000
1708598494565379277,0.218638,0.103943,0.677419,0.000000
1708598494665503539,0.103333,0.130000,0.766667,0.000000
1708598494765628175,0.091837,0.125850,0.782313,0.000000
1708598494865759560,0.111486,0.104730,0.783784,0.000000
1708598494965893879,0.094915,0.122034,0.783051,0.000000
1708598495066038928,0.108108,0.097973,0.793919,0.000000
1708598495166214707,0.123746,0.107023,0.769231,0.000000
1708598495266432075,0.473186,0.302839,0.223975,0.000000
1708598495366613504,0.640625,0.334375,0.025000,0.000000
1708598495485308946,0.711485,0.282913,0.005602,0.000000
1708598495579348692,0.786164,0.201258,0.012579,0.000000
1708598495679585229,0.890625,0.106250,0.003125,0.000000
1708598495779794837,0.921875,0.071875,0.006250,0.000000
1708598495879974253,0.930818,0.066038,0.003145,0.000000
1708598495980188139,0.902821,0.087774,0.009404,0.000000
1708598496080362996,0.608563,0.168196,0.223242,0.000000
1708598496180463524,0.365625,0.134375,0.500000,0.000000
1708598496280680018,0.336570,0.022654,0.640777,0.000000
1708598496380766570,0.006154,0.036923,0.956923,0.000000
1708598496480885123,0.091772,0.037975,0.870253,0.000000
1708598496581010037,0.351974,0.088816,0.559211,0.000000
1708598496681135799,0.103806,0.089965,0.806228,0.000000
1708598496781237611,0.113712,0.140468,0.745819,0.000000
1708598496881399703,0.086207,0.117241,0.796552,0.000000
1708598496981548544,0.105442,0.105442,0.789116,0.000000
1708598497081690718,0.088136,0.118644,0.793220,0.000000
1708598497181846221,0.109635,0.106312,0.784053,0.000000
1708598497281987612,0.254019,0.241158,0.504823,0.000000
1708598497382207772,0.636364,0.326019,0.037618,0.000000
1708598497482463793,0.653125,0.331250,0.015625,0.000000
1708598497582654980,0.667712,0.322884,0.009404,0.000000
1708598497682867183,0.751572,0.232704,0.015723,0.000000
1708598497783093376,0.912226,0.084639,0.003135,0.000000
1708598497883292960,0.928125,0.065625,0.006250,0.000000
1708598497988673292,0.951952,0.048048,0.000000,0.000000
1708598498087313152,0.902516,0.088050,0.009434,0.000000
1708598498187453364,0.735385,0.135385,0.129231,0.000000
1708598498287550373,0.095541,0.127389,0.777070,0.000000
1708598498387665693,0.198738,0.028391,0.772871,0.000000
1708598498487789645,0.003135,0.015674,0.981191,0.000000
1708598498587919718,0.000000,0.003145,0.996855,0.000000
1708598498688041053,0.000000,0.012461,0.987539,0.000000
1708598498788156208,0.000000,0.006270,0.993730,0.000000
1708598498888277122,0.000000,0.003135,0.996865,0.000000
1708598498988395299,0.000000,0.000000,1.000000,0.000000
1708598499088508410,0.000000,0.006250,0.993750,0.000000
1708598499188622860,0.000000,0.003135,0.996865,0.000000
1708598499288736162,0.003115,0.003115,0.993769,0.000000
1708598499388848065,0.000000,0.000000,1.000000,0.000000
1708598499488943817,0.000000,0.000000,1.000000,0.000000
1708598499589054389,0.000000,0.000000,1.000000,0.000000
