Time,User,Kernel,Idle,IoWait
1708614723208296947,0.085714,0.034921,0.879365,0.000000
1708614723308401455,0.000000,0.000000,1.000000,0.000000
1708614723408493523,0.121406,0.031949,0.846645,0.000000
1708614723508556645,0.079114,0.041139,0.879747,0.000000
1708614723608754764,0.090909,0.121212,0.787879,0.000000
1708614723708857592,0.055375,0.081433,0.863192,0.000000
1708614723808989640,0.015974,0.035144,0.948882,0.000000
1708614723909099790,0.156740,0.137931,0.705329,0.000000
1708614724009461232,0.376900,0.188450,0.434650,0.000000
1708614724109536569,0.550633,0.313291,0.136076,0.000000
1708614724214079884,0.681818,0.239394,0.078788,0.000000
1708614724317286919,0.660066,0.198020,0.141914,0.000000
1708614724415922029,0.689103,0.144231,0.166667,0.000000
1708614724516104356,0.676568,0.105611,0.217822,0.000000
1708614724616249712,0.551613,0.074194,0.374194,0.000000
1708614724716351247,0.062112,0.018634,0.919255,0.000000
1708614724816454053,0.000000,0.003155,0.996845,0.000000
1708614724916543053,0.000000,0.000000,1.000000,0.000000
1708614725016637348,0.000000,0.000000,1.000000,0.000000
1708614725116709974,0.003115,0.003115,0.993769,0.000000
1708614725216793506,0.009434,0.000000,0.990566,0.000000
1708614725316899268,0.000000,0.003135,0.996865,0.000000
1708614725416993478,0.062893,0.018868,0.918239,0.000000
1708614725517097207,0.006289,0.009434,0.984277,0.000000
1708614725617205103,0.019231,0.048077,0.932692,0.000000
1708614725717321414,0.006369,0.022293,0.971338,0.000000
1708614725817406830,0.006309,0.018927,0.974763,0.000000
1708614725917497845,0.047319,0.056782,0.895899,0.000000
1708614726017600874,0.151613,0.116129,0.732258,0.000000
1708614726117755137,0.424342,0.138158,0.437500,0.000000
1708614726217930643,0.483444,0.109272,0.407285,0.000000
1708614726318031341,0.077882,0.034268,0.887850,0.000000
1708614726418134034,0.167742,0.035484,0.796774,0.000000
1708614726518251098,0.000000,0.003155,0.996845,0.000000
1708614726618327170,0.000000,0.000000,1.000000,0.000000
1708614726718403951,0.000000,0.000000,1.000000,0.000000
1708614726818480484,0.000000,0.000000,1.000000,0.000000
1708614726918556422,0.000000,0.000000,1.000000,0.000000
1708614727018632736,0.000000,0.000000,1.000000,0.000000
1708614727118710318,0.000000,0.000000,1.000000,0.000000
1708614727218788062,0.000000,0.006250,0.993750,0.000000
1708614727318866685,0.000000,0.000000,1.000000,0.000000
1708614727418943699,0.000000,0.000000,1.000000,0.000000
1708614727519020927,0.000000,0.000000,1.000000,0.000000
1708614727619097192,0.000000,0.009317,0.990683,0.000000
1708614727719175711,0.006211,0.006211,0.987578,0.000000
1708614727819252619,0.000000,0.003125,0.996875,0.000000
1708614727919328049,0.003125,0.003125,0.993750,0.000000
1708614728019403006,0.003115,0.003115,0.993769,0.000000
1708614728119479218,0.000000,0.003125,0.996875,0.000000
1708614728219555829,0.003115,0.003115,0.993769,0.000000
1708614728319633015,0.000000,0.000000,1.000000,0.000000
1708614728419709151,0.003125,0.000000,0.996875,0.000000
1708614728519786901,0.000000,0.000000,1.000000,0.000000
1708614728619863099,0.000000,0.000000,1.000000,0.000000
1708614728719940626,0.003125,0.000000,0.996875,0.000000
1708614728820016068,0.003125,0.000000,0.996875,0.000000
1708614728920094169,0.003106,0.006211,0.990683,0.000000
1708614729020177451,0.006211,0.000000,0.993789,0.000000
1708614729120263339,0.003115,0.003115,0.993769,0.000000
1708614729220350048,0.003115,0.003115,0.993769,0.000000
1708614729320429134,0.003115,0.003115,0.993769,0.000000
1708614729420515582,0.003135,0.000000,0.996865,0.000000
1708614729520631848,0.003115,0.003115,0.993769,0.000000
1708614729620707863,0.009346,0.006231,0.984424,0.000000
1708614729720805026,0.034591,0.018868,0.946541,0.000000
1708614729820900040,0.192192,0.084084,0.723724,0.000000
1708614729921018817,0.000000,0.003155,0.996845,0.000000
1708614730021105681,0.006250,0.003125,0.990625,0.000000
1708614730121190391,0.000000,0.006231,0.993769,0.000000
1708614730221259080,0.003096,0.009288,0.987616,0.000000
1708614730321338865,0.006173,0.009259,0.984568,0.000000
1708614730421415782,0.012346,0.003086,0.984568,0.000000
1708614730521498442,0.009288,0.003096,0.987616,0.000000
1708614730621572735,0.009288,0.003096,0.987616,0.000000
1708614730721649965,0.006231,0.000000,0.993769,0.000000
1708614730821726722,0.006211,0.003106,0.990683,0.000000
1708614730921808808,0.003115,0.003115,0.993769,0.000000
1708614731021892101,0.009288,0.003096,0.987616,0.000000
1708614731121965591,0.009317,0.000000,0.990683,0.000000
1708614731222039010,0.009259,0.003086,0.987654,0.000000
1708614731322116918,0.003135,0.000000,0.996865,0.000000
1708614731422206663,0.003125,0.000000,0.996875,0.000000
1708614731522282022,0.000000,0.000000,1.000000,0.000000
1708614731622357481,0.000000,0.000000,1.000000,0.000000
1708614731722434491,0.000000,0.000000,1.000000,0.000000
1708614731822512480,0.000000,0.003125,0.996875,0.000000
1708614731922588861,0.000000,0.000000,1.000000,0.000000
1708614732022666435,0.000000,0.000000,1.000000,0.000000
1708614732122748262,0.000000,0.000000,1.000000,0.000000
1708614732222825423,0.003125,0.000000,0.996875,0.000000
1708614732322902564,0.000000,0.000000,1.000000,0.000000
1708614732422983069,0.000000,0.000000,1.000000,0.000000
1708614732523060388,0.003125,0.000000,0.996875,0.000000
1708614732623136608,0.000000,0.000000,1.000000,0.000000
1708614732723213596,0.000000,0.000000,1.000000,0.000000
1708614732823292957,0.000000,0.003125,0.996875,0.000000
1708614732923368377,0.003125,0.000000,0.996875,0.000000
1708614733023444301,0.000000,0.000000,1.000000,0.000000
1708614733123521260,0.000000,0.000000,1.000000,0.000000
1708614733223594980,0.000000,0.000000,1.000000,0.000000
1708614733323671416,0.000000,0.000000,1.000000,0.000000
1708614733423751831,0.000000,0.000000,1.000000,0.000000
1708614733523854449,0.003125,0.000000,0.996875,0.000000
1708614733623925720,0.000000,0.000000,1.000000,0.000000
1708614733724005761,0.000000,0.000000,1.000000,0.000000
1708614733824088144,0.000000,0.003135,0.996865,0.000000
1708614733924190854,0.006270,0.006270,0.987461,0.000000
1708614734024294379,0.028125,0.028125,0.943750,0.000000
1708614734124393260,0.170347,0.066246,0.763407,0.000000
1708614734224516885,0.003125,0.003125,0.993750,0.000000
1708614734324542491,0.003058,0.030581,0.966361,0.000000
1708614734424665892,0.143750,0.046875,0.809375,0.000000
1708614734524800592,0.371930,0.161404,0.466667,0.000000
1708614734624933752,0.210526,0.285714,0.503759,0.000000
1708614734725104570,0.306189,0.280130,0.413681,0.000000
1708614734842275234,0.612360,0.370787,0.016854,0.000000
1708614734936807066,0.655172,0.338558,0.006270,0.000000
1708614735036983859,0.745283,0.245283,0.009434,0.000000
1708614735137171526,0.862069,0.131661,0.006270,0.000000
1708614735237382496,0.928125,0.068750,0.003125,0.000000
1708614735348146724,0.947977,0.049133,0.002890,0.000000
1708614735444765347,0.890966,0.102804,0.006231,0.000000
1708614735544941527,0.851266,0.091772,0.056962,0.000000
1708614735645068796,0.570513,0.112179,0.317308,0.000000
1708614735745163377,0.016129,0.016129,0.967742,0.000000
1708614735845269767,0.000000,0.003135,0.996865,0.000000
1708614735945341537,0.000000,0.003135,0.996865,0.000000
1708614736045441870,0.003125,0.003125,0.993750,0.000000
1708614736145525877,0.000000,0.015528,0.984472,0.000000
1708614736245609535,0.000000,0.003145,0.996855,0.000000
1708614736345691921,0.003125,0.009375,0.987500,0.000000
1708614736445773684,0.000000,0.009404,0.990596,0.000000
1708614736545863011,0.000000,0.006270,0.993730,0.000000
1708614736645944473,0.003115,0.006231,0.990654,0.000000
1708614736746033067,0.000000,0.006250,0.993750,0.000000
1708614736846126861,0.000000,0.003135,0.996865,0.000000
1708614736946198125,0.000000,0.006231,0.993769,0.000000
1708614737046276225,0.003125,0.003125,0.993750,0.000000
1708614737146351988,0.000000,0.000000,1.000000,0.000000
1708614737246427924,0.000000,0.000000,1.000000,0.000000
1708614737346505400,0.000000,0.000000,1.000000,0.000000
1708614737446582944,0.000000,0.000000,1.000000,0.000000
1708614737546658711,0.000000,0.000000,1.000000,0.000000
1708614737646734993,0.000000,0.003125,0.996875,0.000000
1708614737746817465,0.000000,0.000000,1.000000,0.000000
1708614737846904175,0.000000,0.000000,1.000000,0.000000
1708614737946979452,0.003125,0.000000,0.996875,0.000000
1708614738047058227,0.000000,0.000000,1.000000,0.000000
1708614738147134122,0.003125,0.000000,0.996875,0.000000
1708614738247210076,0.000000,0.000000,1.000000,0.000000
1708614738347287843,0.000000,0.000000,1.000000,0.000000
1708614738447367732,0.003115,0.000000,0.996885,0.000000
1708614738547456582,0.000000,0.000000,1.000000,0.000000
1708614738647538786,0.000000,0.003125,0.996875,0.000000
1708614738747615584,0.000000,0.000000,1.000000,0.000000
1708614738847694393,0.003115,0.003115,0.993769,0.000000
1708614738947775784,0.012384,0.000000,0.987616,0.000000
1708614739047858505,0.006192,0.006192,0.987616,0.000000
1708614739147935573,0.000000,0.003125,0.996875,0.000000
1708614739248027501,0.003125,0.000000,0.996875,0.000000
1708614739348099646,0.000000,0.000000,1.000000,0.000000
1708614739448177346,0.000000,0.003125,0.996875,0.000000
1708614739548256054,0.000000,0.000000,1.000000,0.000000
1708614739648335755,0.000000,0.000000,1.000000,0.000000
1708614739748414734,0.000000,0.000000,1.000000,0.000000
1708614739848493963,0.003125,0.000000,0.996875,0.000000
1708614739948570977,0.000000,0.000000,1.000000,0.000000
1708614740048648333,0.000000,0.003125,0.996875,0.000000
1708614740148729010,0.000000,0.000000,1.000000,0.000000
1708614740248806315,0.000000,0.000000,1.000000,0.000000
1708614740348888031,0.003125,0.000000,0.996875,0.000000
1708614740448971401,0.000000,0.000000,1.000000,0.000000
1708614740549048776,0.000000,0.000000,1.000000,0.000000
1708614740649127977,0.000000,0.000000,1.000000,0.000000
1708614740749207759,0.000000,0.000000,1.000000,0.000000
1708614740849291982,0.000000,0.000000,1.000000,0.000000
1708614740949369227,0.003125,0.000000,0.996875,0.000000
1708614741049457311,0.000000,0.000000,1.000000,0.000000
1708614741149534748,0.000000,0.003125,0.996875,0.000000
1708614741249615720,0.000000,0.000000,1.000000,0.000000
1708614741349693558,0.000000,0.000000,1.000000,0.000000
1708614741449772856,0.000000,0.000000,1.000000,0.000000
1708614741549849272,0.000000,0.000000,1.000000,0.000000
1708614741649925558,0.000000,0.000000,1.000000,0.000000
1708614741750006817,0.000000,0.003125,0.996875,0.000000
1708614741850083495,0.000000,0.000000,1.000000,0.000000
1708614741950160685,0.000000,0.000000,1.000000,0.000000
1708614742050242704,0.000000,0.000000,1.000000,0.000000
1708614742150332190,0.000000,0.000000,1.000000,0.000000
1708614742250408052,0.000000,0.000000,1.000000,0.000000
1708614742350484398,0.003106,0.003106,0.993789,0.000000
1708614742450562279,0.000000,0.000000,1.000000,0.000000
1708614742550639804,0.000000,0.000000,1.000000,0.000000
1708614742650717075,0.000000,0.000000,1.000000,0.000000
1708614742750799081,0.000000,0.000000,1.000000,0.000000
1708614742850885814,0.000000,0.000000,1.000000,0.000000
1708614742950960938,0.000000,0.000000,1.000000,0.000000
1708614743051038337,0.000000,0.000000,1.000000,0.000000
1708614743151114374,0.000000,0.000000,1.000000,0.000000
1708614743251191276,0.000000,0.000000,1.000000,0.000000
1708614743351269568,0.000000,0.003125,0.996875,0.000000
1708614743451347003,0.003125,0.000000,0.996875,0.000000
1708614743551427116,0.000000,0.000000,1.000000,0.000000
1708614743651502677,0.000000,0.000000,1.000000,0.000000
1708614743751582529,0.000000,0.000000,1.000000,0.000000
1708614743851660665,0.000000,0.000000,1.000000,0.000000
1708614743951735983,0.000000,0.000000,1.000000,0.000000
1708614744051812044,0.000000,0.000000,1.000000,0.000000
1708614744151887365,0.000000,0.000000,1.000000,0.000000
1708614744251963725,0.000000,0.000000,1.000000,0.000000
1708614744352041004,0.000000,0.000000,1.000000,0.000000
1708614744452118100,0.000000,0.000000,1.000000,0.000000
1708614744552199431,0.000000,0.000000,1.000000,0.000000
1708614744652276583,0.000000,0.000000,1.000000,0.000000
1708614744752363161,0.000000,0.000000,1.000000,0.000000
1708614744852443835,0.000000,0.000000,1.000000,0.000000
1708614744952519843,0.000000,0.000000,1.000000,0.000000
1708614745052619449,0.003115,0.003115,0.993769,0.000000
1708614745152711509,0.141956,0.044164,0.813880,0.000000
1708614745252832930,0.432526,0.169550,0.397924,0.000000
1708614745352919633,0.251799,0.241007,0.507194,0.000000
1708614745453103290,0.424920,0.277955,0.297125,0.000000
1708614745553287118,0.625786,0.352201,0.022013,0.000000
1708614745653479607,0.662500,0.321875,0.015625,0.000000
1708614745782103198,0.845953,0.148825,0.005222,0.000000
1708614745872823038,0.880878,0.115987,0.003135,0.000000
1708614745977846077,0.890966,0.099688,0.009346,0.000000
1708614746077805775,0.921450,0.072508,0.006042,0.000000
1708614746177496334,0.868339,0.115987,0.015674,0.000000
1708614746277696462,0.777778,0.120370,0.101852,0.000000
1708614746377846697,0.110759,0.066456,0.822785,0.000000
1708614746477933528,0.044164,0.022082,0.933754,0.000000
1708614746578046847,0.197452,0.009554,0.792994,0.000000
1708614746678161623,0.006270,0.009404,0.984326,0.000000
1708614746778250291,0.100946,0.028391,0.870662,0.000000
1708614746878418120,0.414035,0.164912,0.421053,0.000000
1708614746978690173,0.243542,0.265683,0.490775,0.000000
1708614747079137763,0.493421,0.236842,0.269737,0.000000
1708614747179313534,0.701258,0.292453,0.006289,0.000000
1708614747279508706,0.644654,0.345912,0.009434,0.000000
1708614747393092872,0.756983,0.234637,0.008380,0.000000
1708614747499732427,0.857576,0.136364,0.006061,0.000000
1708614747596297551,0.912500,0.084375,0.003125,0.000000
1708614747702693537,0.927954,0.069164,0.002882,0.000000
1708614747800796367,0.908805,0.088050,0.003145,0.000000
1708614747900950767,0.816265,0.102410,0.081325,0.000000
1708614748001115669,0.326797,0.104575,0.568627,0.000000
1708614748101198869,0.009524,0.015873,0.974603,0.000000
1708614748201302738,0.000000,0.009346,0.990654,0.000000
1708614748301381022,0.000000,0.006250,0.993750,0.000000
1708614748401468547,0.097484,0.037736,0.864780,0.000000
1708614748501569853,0.451049,0.108392,0.440559,0.000000
1708614748601741749,0.279570,0.236559,0.483871,0.000000
1708614748701959242,0.356436,0.300330,0.343234,0.000000
1708614748802119129,0.593060,0.394322,0.012618,0.000000
1708614748902337816,0.616352,0.377358,0.006289,0.000000
1708614749002514221,0.692790,0.285266,0.021944,0.000000
1708614749111579936,0.910145,0.084058,0.005797,0.000000
1708614749214570400,0.867868,0.129129,0.003003,0.000000
1708614749312834696,0.909657,0.087227,0.003115,0.000000
1708614749413024618,0.908805,0.088050,0.003145,0.000000
1708614749524382037,0.885057,0.103448,0.011494,0.000000
1708614749620794288,0.652308,0.083077,0.264615,0.000000
1708614749720879338,0.035032,0.066879,0.898089,0.000000
1708614749820994022,0.000000,0.006289,0.993711,0.000000
1708614749921083723,0.003106,0.012422,0.984472,0.000000
