Time,User,Kernel,Idle,IoWait
1708693814717469800,0.055556,0.000000,0.944444,0.000000
1708693814817559819,0.200000,0.050000,0.750000,0.000000
1708693814917640301,0.176471,0.000000,0.823529,0.000000
1708693815017774723,0.294118,0.235294,0.470588,0.000000
1708693815117869304,0.105263,0.105263,0.789474,0.000000
1708693815217973611,0.055556,0.055556,0.888889,0.000000
1708693815318086005,0.055556,0.166667,0.777778,0.000000
1708693815418167785,0.421053,0.263158,0.315789,0.000000
1708693815518308053,0.578947,0.263158,0.157895,0.000000
1708693815618415621,0.619048,0.333333,0.047619,0.000000
1708693815718508476,0.800000,0.200000,0.000000,0.000000
1708693815818578270,0.736842,0.263158,0.000000,0.000000
1708693815918727411,0.809524,0.190476,0.000000,0.000000
1708693816018792533,0.850000,0.150000,0.000000,0.000000
1708693816118945372,0.950000,0.050000,0.000000,0.000000
1708693816219058613,0.900000,0.100000,0.000000,0.000000
1708693816319134385,0.950000,0.050000,0.000000,0.000000
1708693816419270711,0.789474,0.210526,0.000000,0.000000
1708693816519385940,0.400000,0.200000,0.400000,0.000000
1708693816619439907,0.050000,0.050000,0.900000,0.000000
1708693816719548668,0.000000,0.000000,1.000000,0.000000
1708693816819634296,0.000000,0.000000,1.000000,0.000000
1708693816919765095,0.000000,0.000000,1.000000,0.000000
1708693817019862507,0.000000,0.000000,1.000000,0.000000
1708693817120013497,0.000000,0.000000,1.000000,0.000000
1708693817220106361,0.238095,0.095238,0.666667,0.000000
1708693817320213594,0.444444,0.222222,0.333333,0.000000
1708693817420416677,0.312500,0.375000,0.312500,0.000000
1708693817520498890,0.315789,0.263158,0.421053,0.000000
1708693817620611131,0.684211,0.315789,0.000000,0.000000
1708693817720650223,0.650000,0.250000,0.100000,0.000000
1708693817820754465,0.666667,0.285714,0.047619,0.000000
1708693817920907501,0.700000,0.300000,0.000000,0.000000
1708693818021037260,0.800000,0.200000,0.000000,0.000000
1708693818121079228,0.900000,0.100000,0.000000,0.000000
1708693818221166514,0.900000,0.100000,0.000000,0.000000
1708693818321251403,0.800000,0.200000,0.000000,0.000000
1708693818421368179,0.850000,0.150000,0.000000,0.000000
1708693818521508082,0.900000,0.100000,0.000000,0.000000
1708693818621627521,0.684211,0.105263,0.210526,0.000000
1708693818721719473,0.055556,0.055556,0.888889,0.000000
1708693818821824266,0.000000,0.000000,1.000000,0.000000
1708693818921932469,0.000000,0.000000,1.000000,0.000000
1708693819021998628,0.047619,0.047619,0.904762,0.000000
1708693819122123538,0.222222,0.055556,0.722222,0.000000
1708693819222249573,0.500000,0.214286,0.285714,0.000000
1708693819322429657,0.235294,0.294118,0.470588,0.000000
1708693819422522669,0.578947,0.210526,0.210526,0.000000
1708693819522578913,0.684211,0.263158,0.052632,0.000000
1708693819622682042,0.666667,0.285714,0.047619,0.000000
1708693819722797451,0.800000,0.200000,0.000000,0.000000
1708693819822920072,0.850000,0.150000,0.000000,0.000000
1708693819923005650,0.850000,0.150000,0.000000,0.000000
1708693820023142937,0.850000,0.150000,0.000000,0.000000
1708693820123260577,0.950000,0.050000,0.000000,0.000000
1708693820223390431,0.850000,0.150000,0.000000,0.000000
1708693820323510580,0.789474,0.157895,0.052632,0.000000
1708693820423637236,0.611111,0.111111,0.277778,0.000000
1708693820523721908,0.450000,0.000000,0.550000,0.000000
1708693820623772406,0.000000,0.105263,0.894737,0.000000
1708693820723883326,0.000000,0.000000,1.000000,0.000000
1708693820823990572,0.000000,0.000000,1.000000,0.000000
1708693820924041088,0.000000,0.000000,1.000000,0.000000
1708693821024169479,0.000000,0.000000,1.000000,0.000000
1708693821124279040,0.000000,0.000000,1.000000,0.000000
1708693821224386704,0.000000,0.000000,1.000000,0.000000
1708693821324499809,0.050000,0.000000,0.950000,0.000000
1708693821424580240,0.000000,0.000000,1.000000,0.000000
1708693821524695664,0.000000,0.000000,1.000000,0.000000
1708693821624779164,0.000000,0.050000,0.950000,0.000000
1708693821724914486,0.000000,0.000000,1.000000,0.000000
1708693821824950838,0.000000,0.000000,1.000000,0.000000
1708693821925002392,0.000000,0.000000,1.000000,0.000000
1708693822025083905,0.000000,0.000000,1.000000,0.000000
1708693822125159889,0.000000,0.000000,1.000000,0.000000
1708693822225207770,0.000000,0.000000,1.000000,0.000000
1708693822325293273,0.000000,0.000000,1.000000,0.000000
1708693822425341223,0.000000,0.000000,1.000000,0.000000
1708693822525420275,0.000000,0.000000,1.000000,0.000000
1708693822625478546,0.000000,0.000000,1.000000,0.000000
1708693822725596589,0.000000,0.000000,1.000000,0.000000
1708693822825698575,0.000000,0.000000,1.000000,0.000000
1708693822925761826,0.000000,0.000000,1.000000,0.000000
1708693823025860182,0.000000,0.000000,1.000000,0.000000
1708693823125977498,0.000000,0.000000,1.000000,0.000000
1708693823226063624,0.000000,0.000000,1.000000,0.000000
1708693823326173714,0.000000,0.000000,1.000000,0.000000
1708693823426267917,0.000000,0.000000,1.000000,0.000000
1708693823526372326,0.000000,0.000000,1.000000,0.000000
1708693823626466594,0.000000,0.000000,1.000000,0.000000
1708693823726575715,0.000000,0.000000,1.000000,0.000000
1708693823826623723,0.000000,0.000000,1.000000,0.000000
1708693823926700829,0.000000,0.000000,1.000000,0.000000
1708693824026807481,0.000000,0.000000,1.000000,0.000000
1708693824126917522,0.000000,0.000000,1.000000,0.000000
1708693824226947798,0.000000,0.000000,1.000000,0.000000
1708693824327067242,0.000000,0.050000,0.950000,0.000000
1708693824427180595,0.000000,0.000000,1.000000,0.000000
1708693824527221288,0.000000,0.000000,1.000000,0.000000
1708693824627348904,0.000000,0.000000,1.000000,0.000000
1708693824727429964,0.000000,0.000000,1.000000,0.000000
1708693824827539022,0.000000,0.000000,1.000000,0.000000
1708693824927634914,0.000000,0.000000,1.000000,0.000000
1708693825027727405,0.000000,0.000000,1.000000,0.000000
1708693825127831177,0.000000,0.000000,1.000000,0.000000
1708693825227930710,0.000000,0.000000,1.000000,0.000000
1708693825327954269,0.000000,0.000000,1.000000,0.000000
1708693825428021270,0.000000,0.000000,1.000000,0.000000
1708693825528096027,0.000000,0.000000,1.000000,0.000000
1708693825628175230,0.000000,0.000000,1.000000,0.000000
1708693825728282391,0.000000,0.000000,1.000000,0.000000
1708693825828377906,0.000000,0.000000,1.000000,0.000000
1708693825928467652,0.000000,0.000000,1.000000,0.000000
1708693826028574061,0.000000,0.000000,1.000000,0.000000
1708693826128628994,0.000000,0.000000,1.000000,0.000000
1708693826228738815,0.000000,0.000000,1.000000,0.000000
1708693826328807739,0.000000,0.000000,1.000000,0.000000
1708693826428916830,0.000000,0.000000,1.000000,0.000000
1708693826529016237,0.000000,0.000000,1.000000,0.000000
1708693826629110520,0.000000,0.000000,1.000000,0.000000
1708693826729150736,0.000000,0.000000,1.000000,0.000000
1708693826829208213,0.000000,0.050000,0.950000,0.000000
1708693826929295655,0.000000,0.000000,1.000000,0.000000
1708693827029404615,0.000000,0.000000,1.000000,0.000000
1708693827129498181,0.000000,0.000000,1.000000,0.000000
1708693827229562862,0.000000,0.000000,1.000000,0.000000
1708693827329610256,0.000000,0.000000,1.000000,0.000000
1708693827429700746,0.000000,0.000000,1.000000,0.000000
1708693827529750414,0.000000,0.000000,1.000000,0.000000
1708693827629883485,0.000000,0.000000,1.000000,0.000000
1708693827729962061,0.000000,0.000000,1.000000,0.000000
1708693827830072083,0.000000,0.000000,1.000000,0.000000
1708693827930170586,0.000000,0.000000,1.000000,0.000000
1708693828030226235,0.000000,0.000000,1.000000,0.000000
1708693828130293464,0.000000,0.000000,1.000000,0.000000
1708693828230349889,0.000000,0.000000,1.000000,0.000000
1708693828330429469,0.000000,0.000000,1.000000,0.000000
1708693828430484466,0.000000,0.000000,1.000000,0.000000
1708693828530563165,0.000000,0.000000,1.000000,0.000000
1708693828630667112,0.000000,0.000000,1.000000,0.000000
1708693828730772527,0.000000,0.000000,1.000000,0.000000
1708693828830820501,0.000000,0.000000,1.000000,0.000000
1708693828930885429,0.000000,0.000000,1.000000,0.000000
1708693829030964588,0.000000,0.000000,1.000000,0.000000
1708693829131064232,0.000000,0.000000,1.000000,0.000000
1708693829231153408,0.000000,0.000000,1.000000,0.000000
1708693829331246100,0.000000,0.000000,1.000000,0.000000
1708693829431297838,0.000000,0.000000,1.000000,0.000000
1708693829531350930,0.000000,0.000000,1.000000,0.000000
1708693829631469081,0.000000,0.000000,1.000000,0.000000
1708693829731575140,0.050000,0.000000,0.950000,0.000000
1708693829831678297,0.000000,0.000000,1.000000,0.000000
1708693829931772002,0.000000,0.000000,1.000000,0.000000
1708693830031836928,0.000000,0.000000,1.000000,0.000000
1708693830131947770,0.100000,0.050000,0.850000,0.000000
1708693830232086124,0.555556,0.277778,0.166667,0.000000
1708693830332282468,0.333333,0.388889,0.277778,0.000000
1708693830432372307,0.578947,0.368421,0.052632,0.000000
1708693830532495327,0.600000,0.400000,0.000000,0.000000
1708693830632594314,0.550000,0.450000,0.000000,0.000000
1708693830732733365,0.700000,0.300000,0.000000,0.000000
1708693830832816220,0.714286,0.285714,0.000000,0.000000
1708693830932883150,0.950000,0.050000,0.000000,0.000000
1708693831033038809,0.800000,0.200000,0.000000,0.000000
1708693831133165787,0.850000,0.150000,0.000000,0.000000
1708693831233218264,0.750000,0.250000,0.000000,0.000000
1708693831333368789,0.789474,0.210526,0.000000,0.000000
1708693831433490465,0.904762,0.095238,0.000000,0.000000
1708693831533584755,0.277778,0.166667,0.555556,0.000000
1708693831633708484,0.000000,0.052632,0.947368,0.000000
1708693831733762461,0.000000,0.000000,1.000000,0.000000
1708693831833895598,0.000000,0.000000,1.000000,0.000000
1708693831933944318,0.052632,0.052632,0.894737,0.000000
1708693832034052077,0.421053,0.052632,0.526316,0.000000
1708693832134189545,0.352941,0.470588,0.176471,0.000000
1708693832234320162,0.470588,0.294118,0.235294,0.000000
1708693832334456109,0.550000,0.450000,0.000000,0.000000
1708693832434572649,0.700000,0.300000,0.000000,0.000000
1708693832534709422,0.650000,0.350000,0.000000,0.000000
1708693832634829357,0.800000,0.200000,0.000000,0.000000
1708693832734946058,0.761905,0.238095,0.000000,0.000000
1708693832835069615,0.894737,0.105263,0.000000,0.000000
1708693832935191873,0.900000,0.100000,0.000000,0.000000
1708693833035307131,0.850000,0.150000,0.000000,0.000000
1708693833135397036,0.850000,0.150000,0.000000,0.000000
1708693833236021655,0.842105,0.105263,0.052632,0.000000
1708693833335969839,0.636364,0.090909,0.272727,0.000000
1708693833436043933,0.000000,0.055556,0.944444,0.000000
1708693833536097590,0.000000,0.000000,1.000000,0.000000
1708693833636223808,0.050000,0.000000,0.950000,0.000000
1708693833736333867,0.000000,0.000000,1.000000,0.000000
1708693833836450768,0.000000,0.000000,1.000000,0.000000
