Time,User,Kernel,Idle,IoWait
1707990405968547236,0.011673,0.003891,0.984436,0.000000
1707990405988696800,0.015504,0.007752,0.976744,0.000000
1707990406008888880,0.015504,0.011628,0.972868,0.000000
1707990406029027623,0.015748,0.011811,0.972441,0.000000
1707990406049257717,0.019305,0.027027,0.953668,0.000000
1707990406069377688,0.015625,0.015625,0.968750,0.000000
1707990406089540219,0.019380,0.023256,0.957364,0.000000
1707990406109726533,0.015564,0.019455,0.964981,0.000000
1707990406129903091,0.023438,0.011719,0.964844,0.000000
1707990406150067352,0.015564,0.015564,0.968872,0.000000
1707990406170234248,0.023256,0.019380,0.957364,0.000000
1707990406190427360,0.019531,0.023438,0.957031,0.000000
1707990406210569239,0.042969,0.023438,0.933594,0.000000
1707990406230742762,0.032847,0.025547,0.941606,0.000000
1707990406252810554,0.027132,0.011628,0.961240,0.000000
1707990406272340730,0.034884,0.034884,0.930233,0.000000
1707990406292693068,0.027451,0.015686,0.956863,0.000000
1707990406312909517,0.031250,0.027344,0.941406,0.000000
1707990406333173924,0.027132,0.034884,0.937984,0.000000
1707990406353349772,0.023166,0.046332,0.930502,0.000000
1707990406373629757,0.019455,0.023346,0.957198,0.000000
1707990406393977776,0.035294,0.023529,0.941176,0.000000
1707990406415812792,0.028777,0.046763,0.924460,0.000000
1707990406435951491,0.042969,0.050781,0.906250,0.000000
1707990406455939554,0.031621,0.035573,0.932806,0.000000
1707990406476357294,0.046875,0.035156,0.917969,0.000000
1707990406496469245,0.023529,0.031373,0.945098,0.000000
1707990406516930668,0.019231,0.030769,0.950000,0.000000
1707990406537003118,0.019531,0.031250,0.949219,0.000000
1707990406557257306,0.023529,0.039216,0.937255,0.000000
1707990406577418428,0.038760,0.054264,0.906977,0.000000
1707990406597609739,0.031496,0.047244,0.921260,0.000000
1707990406617806244,0.035019,0.050584,0.914397,0.000000
1707990406638015793,0.039216,0.043137,0.917647,0.000000
1707990406658516201,0.042969,0.042969,0.914062,0.000000
1707990406678607486,0.062257,0.038911,0.898833,0.000000
1707990406698837130,0.047059,0.039216,0.913725,0.000000
1707990406719026989,0.042636,0.054264,0.903101,0.000000
1707990406739276493,0.038760,0.089147,0.872093,0.000000
1707990406759526715,0.054475,0.062257,0.883268,0.000000
1707990406782700451,0.050725,0.228261,0.721014,0.000000
1707990406802728859,0.076613,0.048387,0.875000,0.000000
1707990406822642852,0.083650,0.095057,0.821293,0.000000
1707990406843078481,0.091954,0.076628,0.831418,0.000000
1707990406863273734,0.087248,0.238255,0.674497,0.000000
1707990406883559799,0.115702,0.095041,0.789256,0.000000
1707990406903782500,0.111969,0.096525,0.791506,0.000000
1707990406924012111,0.125475,0.125475,0.749049,0.000000
1707990406944211309,0.134921,0.103175,0.761905,0.000000
1707990406964443885,0.106996,0.074074,0.818930,0.000000
1707990406984669620,0.153257,0.340996,0.505747,0.000000
1707990407004964069,0.149020,0.235294,0.615686,0.000000
1707990407025918072,0.149813,0.138577,0.711610,0.000000
1707990407045881599,0.156627,0.096386,0.746988,0.000000
1707990407066175659,0.142308,0.130769,0.726923,0.000000
1707990407086377785,0.167315,0.463035,0.369650,0.000000
1707990407106786743,0.121094,0.652344,0.226562,0.000000
1707990407127209950,0.197183,0.285211,0.517606,0.000000
1707990407147375094,0.201550,0.224806,0.573643,0.000000
1707990407167590717,0.268939,0.356061,0.375000,0.000000
1707990407187878355,0.289157,0.293173,0.417671,0.000000
1707990407208123429,0.340164,0.163934,0.495902,0.000000
1707990407228443367,0.317690,0.238267,0.444043,0.000000
1707990407248736349,0.226562,0.261719,0.511719,0.000000
1707990407269047781,0.320312,0.218750,0.460938,0.000000
1707990407289268681,0.418327,0.135458,0.446215,0.000000
1707990407309503330,0.207171,0.231076,0.561753,0.000000
1707990407329843827,0.193050,0.231660,0.575290,0.000000
1707990407350031260,0.197674,0.143411,0.658915,0.000000
1707990407370260236,0.332061,0.152672,0.515267,0.000000
1707990407390496635,0.306202,0.135659,0.558140,0.000000
1707990407410706446,0.145522,0.406716,0.447761,0.000000
1707990407431002138,0.186567,0.332090,0.481343,0.000000
1707990407451260365,0.281955,0.240602,0.477444,0.000000
1707990407471682597,0.274194,0.157258,0.568548,0.000000
1707990407491863539,0.262238,0.265734,0.472028,0.000000
1707990407512256184,0.183594,0.292969,0.523438,0.000000
1707990407532530550,0.189516,0.318548,0.491935,0.000000
1707990407552820549,0.288973,0.239544,0.471483,0.000000
1707990407573097280,0.292887,0.259414,0.447699,0.000000
1707990407593486232,0.174377,0.469751,0.355872,0.000000
1707990407613677807,0.368613,0.255474,0.375912,0.000000
1707990407633941280,0.219124,0.235060,0.545817,0.000000
1707990407654231235,0.262948,0.278884,0.458167,0.000000
1707990407674487465,0.277567,0.266160,0.456274,0.000000
1707990407694826037,0.309322,0.194915,0.495763,0.000000
1707990407715130823,0.217993,0.190311,0.591696,0.000000
1707990407735648303,0.224756,0.250814,0.524430,0.000000
1707990407755797429,0.173160,0.277056,0.549784,0.000000
1707990407776105394,0.186380,0.336918,0.476703,0.000000
1707990407796369786,0.269962,0.281369,0.448669,0.000000
1707990407816556300,0.343173,0.280443,0.376384,0.000000
1707990407836876821,0.278626,0.167939,0.553435,0.000000
1707990407857209352,0.202166,0.400722,0.397112,0.000000
1707990407877564038,0.221277,0.195745,0.582979,0.000000
1707990407897850891,0.201646,0.193416,0.604938,0.000000
1707990407918103822,0.233463,0.256809,0.509728,0.000000
1707990407938398846,0.112450,0.160643,0.726908,0.000000
1707990407958672372,0.137795,0.299213,0.562992,0.000000
1707990407979002756,0.214286,0.168067,0.617647,0.000000
1707990407999291252,0.166667,0.311321,0.522013,0.000000
1707990408019519070,0.153527,0.103734,0.742739,0.000000
1707990408039772149,0.164659,0.108434,0.726908,0.000000
1707990408060086980,0.128514,0.076305,0.795181,0.000000
1707990408080516775,0.054475,0.062257,0.883268,0.000000
1707990408100620954,0.087912,0.186813,0.725275,0.000000
1707990408120932699,0.065693,0.456204,0.478102,0.000000
1707990408141265562,0.152838,0.327511,0.519651,0.000000
1707990408161521194,0.286885,0.233607,0.479508,0.000000
1707990408181752709,0.177936,0.405694,0.416370,0.000000
1707990408202091720,0.382812,0.156250,0.460938,0.000000
1707990408222339442,0.216606,0.090253,0.693141,0.000000
1707990408242542815,0.150943,0.083019,0.766038,0.000000
1707990408263382257,0.087413,0.136364,0.776224,0.000000
1707990408283349747,0.056452,0.354839,0.588710,0.000000
1707990408303594790,0.056106,0.231023,0.712871,0.000000
1707990408323793056,0.046875,0.089844,0.863281,0.000000
1707990408344038367,0.088968,0.149466,0.761566,0.000000
1707990408364292932,0.072727,0.163636,0.763636,0.000000
1707990408384576249,0.088435,0.319728,0.591837,0.000000
1707990408404892895,0.085616,0.356164,0.558219,0.000000
1707990408425070524,0.136364,0.196970,0.666667,0.000000
1707990408445369662,0.253906,0.066406,0.679688,0.000000
1707990408465525233,0.050000,0.046154,0.903846,0.000000
1707990408485734810,0.012048,0.012048,0.975904,0.000000
1707990408505994779,0.016598,0.278008,0.705394,0.000000
1707990408526393532,0.039568,0.136691,0.823741,0.000000
1707990408546457750,0.014545,0.152727,0.832727,0.000000
1707990408566609656,0.074733,0.199288,0.725979,0.000000
1707990408586831919,0.088123,0.038314,0.873563,0.000000
1707990408607117818,0.042146,0.053640,0.904215,0.000000
1707990408627414351,0.007812,0.039062,0.953125,0.000000
1707990408647530107,0.007905,0.015810,0.976285,0.000000
1707990408667668984,0.011765,0.011765,0.976471,0.000000
1707990408687820509,0.007905,0.015810,0.976285,0.000000
1707990408707975099,0.010989,0.230769,0.758242,0.000000
1707990408728765301,0.042553,0.393617,0.563830,0.000000
1707990408749175767,0.008097,0.028340,0.963563,0.000000
1707990408769178652,0.020833,0.016667,0.962500,0.000000
1707990408789404005,0.040441,0.110294,0.849265,0.000000
1707990408809736531,0.044828,0.179310,0.775862,0.000000
1707990408830104584,0.052830,0.026415,0.920755,0.000000
1707990408850456521,0.060377,0.026415,0.913208,0.000000
1707990408870576051,0.007968,0.007968,0.984064,0.000000
1707990408890782908,0.003906,0.015625,0.980469,0.000000
1707990408910957197,0.000000,0.015564,0.984436,0.000000
1707990408931189932,0.003922,0.007843,0.988235,0.000000
1707990408951358273,0.003876,0.007752,0.988372,0.000000
1707990408971746218,0.007874,0.003937,0.988189,0.000000
1707990408991795690,0.000000,0.073077,0.926923,0.000000
1707990409011942187,0.007874,0.019685,0.972441,0.000000
1707990409032105035,0.007782,0.011673,0.980545,0.000000
1707990409052263586,0.000000,0.011858,0.988142,0.000000
1707990409072420441,0.000000,0.007812,0.992188,0.000000
1707990409092590490,0.000000,0.003937,0.996063,0.000000
1707990409112837550,0.000000,0.007752,0.992248,0.000000
1707990409133330644,0.007752,0.000000,0.992248,0.003876
1707990409153585040,0.003891,0.011673,0.984436,0.000000
1707990409173649246,0.007752,0.011628,0.980620,0.000000
1707990409193935484,0.003891,0.011673,0.984436,0.000000
1707990409214108078,0.007782,0.003891,0.988327,0.000000
1707990409235017137,0.007463,0.022388,0.970149,0.000000
1707990409255337146,0.023166,0.023166,0.953668,0.000000
1707990409275345603,0.011719,0.019531,0.968750,0.000000
1707990409295534320,0.011719,0.019531,0.968750,0.000000
1707990409315703448,0.015564,0.023346,0.961089,0.000000
1707990409336354171,0.030651,0.026820,0.942529,0.000000
1707990409356374804,0.027344,0.027344,0.945312,0.000000
1707990409376690259,0.015504,0.023256,0.961240,0.000000
1707990409396887638,0.011628,0.031008,0.957364,0.000000
1707990409418589143,0.025926,0.022222,0.951852,0.000000
1707990409438550564,0.035019,0.042802,0.922179,0.000000
1707990409458833983,0.038462,0.046154,0.915385,0.000000
1707990409479190435,0.042308,0.176923,0.780769,0.000000
1707990409499321617,0.045296,0.121951,0.832753,0.000000
1707990409519690213,0.019920,0.035857,0.944223,0.000000
1707990409539795992,0.069498,0.038610,0.891892,0.000000
1707990409559957388,0.049618,0.072519,0.877863,0.000000
1707990409580930470,0.041825,0.049430,0.908745,0.000000
1707990409601651012,0.055556,0.043651,0.900794,0.000000
1707990409622313176,0.046154,0.038462,0.915385,0.000000
1707990409642368998,0.050781,0.039062,0.910156,0.000000
1707990409662507295,0.046512,0.054264,0.899225,0.000000
1707990409682702955,0.023715,0.047431,0.928854,0.000000
1707990409703416504,0.038314,0.045977,0.915709,0.000000
1707990409723402058,0.035019,0.038911,0.926070,0.000000
1707990409743664304,0.035019,0.042802,0.922179,0.000000
1707990409763898453,0.031373,0.050980,0.917647,0.000000
1707990409784141450,0.039216,0.039216,0.921569,0.000000
1707990409804305375,0.024000,0.036000,0.940000,0.000000
1707990409824569124,0.046875,0.042969,0.910156,0.000000
1707990409844962272,0.039216,0.047059,0.913725,0.000000
1707990409865055943,0.040000,0.056000,0.904000,0.004000
1707990409885648204,0.031373,0.074510,0.894118,0.003922
1707990409905689651,0.051383,0.055336,0.893281,0.000000
1707990409926123863,0.070866,0.236220,0.692913,0.000000
1707990409946276151,0.085938,0.078125,0.835938,0.000000
1707990409966876353,0.086275,0.066667,0.847059,0.000000
1707990409986917537,0.068273,0.044177,0.887550,0.000000
1707990410007111039,0.100775,0.077519,0.821705,0.000000
1707990410027309419,0.082397,0.344569,0.573034,0.000000
1707990410047524904,0.130802,0.455696,0.413502,0.000000
1707990410067713760,0.122222,0.225926,0.651852,0.000000
1707990410088036050,0.199203,0.191235,0.609562,0.000000
1707990410108163086,0.084000,0.104000,0.812000,0.000000
1707990410128374032,0.126354,0.191336,0.682310,0.000000
1707990410148614248,0.226277,0.204380,0.569343,0.000000
1707990410168900373,0.298182,0.178182,0.523636,0.000000
1707990410189092353,0.169960,0.126482,0.703557,0.000000
1707990410209272986,0.193182,0.121212,0.685606,0.000000
1707990410229518704,0.098814,0.110672,0.790514,0.000000
1707990410249735480,0.189091,0.134545,0.676364,0.000000
1707990410270011798,0.280156,0.264591,0.455253,0.000000
1707990410290285646,0.100806,0.221774,0.677419,0.000000
1707990410310523840,0.128631,0.128631,0.742739,0.000000
1707990410330696224,0.142292,0.166008,0.691700,0.000000
1707990410350941878,0.227273,0.169421,0.603306,0.000000
1707990410371116190,0.330986,0.239437,0.429577,0.000000
1707990410391395847,0.279070,0.217054,0.503876,0.000000
1707990410411662262,0.257812,0.125000,0.617188,0.000000
1707990410431870054,0.187500,0.117188,0.695312,0.000000
1707990410452090924,0.241245,0.140078,0.618677,0.000000
1707990410472260099,0.114625,0.252964,0.632411,0.000000
1707990410492505541,0.204461,0.115242,0.680297,0.000000
1707990410512780784,0.180451,0.146617,0.672932,0.000000
1707990410532961910,0.127341,0.314607,0.558052,0.000000
1707990410553296764,0.275862,0.329502,0.394636,0.000000
1707990410573550816,0.217899,0.260700,0.521401,0.000000
1707990410593811848,0.301527,0.347328,0.351145,0.000000
1707990410614111624,0.255725,0.339695,0.404580,0.000000
1707990410634406861,0.431373,0.219608,0.349020,0.000000
1707990410654670767,0.190283,0.457490,0.352227,0.000000
1707990410674953576,0.246212,0.390152,0.363636,0.000000
1707990410695231547,0.303704,0.296296,0.400000,0.000000
1707990410715465138,0.293233,0.255639,0.451128,0.000000
1707990410735645563,0.216418,0.440299,0.343284,0.000000
1707990410755867803,0.246212,0.261364,0.492424,0.000000
1707990410776083678,0.294118,0.193277,0.512605,0.000000
1707990410796333260,0.250000,0.221831,0.528169,0.000000
1707990410816587390,0.215139,0.231076,0.553785,0.000000
1707990410836869534,0.171315,0.091633,0.737052,0.000000
1707990410857114528,0.114173,0.137795,0.748031,0.000000
1707990410877243486,0.081784,0.237918,0.680297,0.000000
1707990410899569167,0.071661,0.723127,0.205212,0.000000
1707990410919514331,0.160870,0.300000,0.539130,0.000000
1707990410939566905,0.233607,0.262295,0.504098,0.000000
1707990410959842514,0.308271,0.281955,0.409774,0.000000
1707990410980209351,0.273764,0.296578,0.429658,0.000000
1707990411000421302,0.252066,0.123967,0.623967,0.000000
1707990411020622555,0.289062,0.136719,0.574219,0.000000
1707990411040968797,0.139344,0.176230,0.684426,0.000000
1707990411061632072,0.079545,0.178030,0.742424,0.000000
1707990411081677373,0.058824,0.145098,0.796078,0.000000
1707990411101932506,0.079137,0.399281,0.521583,0.000000
1707990411122151292,0.131034,0.417241,0.451724,0.000000
1707990411142386690,0.216867,0.208835,0.574297,0.000000
1707990411162768520,0.260504,0.176471,0.563025,0.000000
1707990411182981933,0.252747,0.201465,0.545788,0.000000
1707990411203185494,0.140468,0.270903,0.588629,0.000000
1707990411223384320,0.097561,0.142857,0.759582,0.000000
1707990411243671687,0.113971,0.430147,0.455882,0.000000
1707990411263886872,0.210117,0.171206,0.618677,0.000000
1707990411284128389,0.207317,0.069106,0.723577,0.000000
1707990411304489876,0.114068,0.053232,0.832700,0.000000
1707990411324585454,0.024390,0.048780,0.926829,0.000000
1707990411344771612,0.040000,0.247273,0.712727,0.000000
1707990411364933246,0.039711,0.166065,0.794224,0.000000
1707990411385154269,0.086022,0.143369,0.770609,0.000000
1707990411405435516,0.113725,0.047059,0.839216,0.000000
1707990411425586300,0.041509,0.067925,0.890566,0.000000
1707990411445818085,0.024096,0.020080,0.955823,0.000000
1707990411465968128,0.037415,0.496599,0.465986,0.000000
1707990411486195744,0.032787,0.239344,0.727869,0.000000
1707990411506345759,0.058824,0.125000,0.816176,0.000000
1707990411526537871,0.033473,0.020921,0.945607,0.000000
1707990411546973503,0.042636,0.073643,0.883721,0.000000
1707990411567077677,0.034749,0.096525,0.868726,0.000000
1707990411587283664,0.070039,0.066148,0.863813,0.000000
1707990411607522240,0.073359,0.038610,0.888031,0.000000
1707990411628185702,0.010714,0.260714,0.728571,0.000000
1707990411648177183,0.046332,0.281853,0.671815,0.000000
1707990411668376781,0.025735,0.143382,0.830882,0.000000
1707990411688574592,0.034749,0.069498,0.895753,0.000000
1707990411708723727,0.053030,0.083333,0.863636,0.000000
1707990411728908462,0.081181,0.092251,0.826568,0.000000
1707990411749110530,0.069767,0.034884,0.895349,0.000000
1707990411769323767,0.113636,0.034091,0.852273,0.000000
1707990411789556927,0.144444,0.037037,0.818519,0.000000
1707990411809741772,0.103203,0.085409,0.811388,0.000000
1707990411829985516,0.067164,0.029851,0.902985,0.000000
1707990411850369054,0.000000,0.019380,0.980620,0.000000
1707990411870471726,0.032468,0.250000,0.717532,0.000000
1707990411890706387,0.007042,0.158451,0.834507,0.000000
1707990411910848237,0.011811,0.106299,0.881890,0.000000
1707990411931017479,0.027237,0.081712,0.891051,0.000000
1707990411951284351,0.031646,0.240506,0.727848,0.000000
1707990411971469134,0.033708,0.074906,0.891386,0.000000
1707990411991635810,0.143382,0.047794,0.808824,0.000000
1707990412011836615,0.004000,0.012000,0.984000,0.000000
1707990412032026564,0.019157,0.026820,0.954023,0.000000
1707990412052217289,0.003922,0.007843,0.988235,0.000000
1707990412072364560,0.011765,0.011765,0.976471,0.000000
1707990412092520671,0.007812,0.019531,0.972656,0.000000
1707990412112702430,0.015686,0.015686,0.968627,0.000000
1707990412132860023,0.028571,0.114286,0.857143,0.000000
1707990412153031312,0.031373,0.027451,0.941176,0.000000
1707990412173201007,0.015504,0.034884,0.949612,0.000000
1707990412193421028,0.015873,0.019841,0.964286,0.000000
1707990412213566412,0.023256,0.031008,0.945736,0.000000
1707990412233768621,0.011765,0.011765,0.976471,0.000000
1707990412254126901,0.008032,0.064257,0.927711,0.000000
1707990412274263526,0.028571,0.110204,0.861224,0.000000
1707990412294424061,0.022556,0.075188,0.902256,0.000000
1707990412314561478,0.023904,0.015936,0.960159,0.000000
1707990412334751505,0.033582,0.082090,0.884328,0.000000
1707990412354900181,0.056391,0.071429,0.872180,0.000000
1707990412375070269,0.069498,0.046332,0.884170,0.000000
1707990412395261845,0.054688,0.035156,0.910156,0.000000
1707990412415521667,0.031873,0.007968,0.960159,0.000000
1707990412435710503,0.011811,0.003937,0.984252,0.000000
1707990412456145553,0.019608,0.011765,0.968627,0.000000
1707990412476278324,0.007843,0.011765,0.980392,0.000000
1707990412496393770,0.011628,0.019380,0.968992,0.000000
1707990412516540181,0.011765,0.031373,0.956863,0.000000
1707990412536844079,0.019305,0.030888,0.949807,0.000000
1707990412557024600,0.007752,0.023256,0.968992,0.000000
1707990412577253064,0.019380,0.007752,0.972868,0.000000
1707990412597378288,0.007968,0.027888,0.964143,0.000000
1707990412617537298,0.013100,0.021834,0.965066,0.000000
1707990412637736120,0.037879,0.125000,0.837121,0.000000
1707990412657898142,0.015873,0.083333,0.900794,0.000000
1707990412678057589,0.036101,0.126354,0.837545,0.000000
1707990412698211400,0.012295,0.020492,0.967213,0.000000
1707990412718638583,0.062963,0.074074,0.862963,0.000000
1707990412738758250,0.019841,0.039683,0.940476,0.000000
1707990412759044738,0.032258,0.112903,0.854839,0.000000
1707990412779219431,0.018657,0.421642,0.559701,0.000000
1707990412799421338,0.067616,0.145907,0.786477,0.000000
1707990412819586504,0.045082,0.016393,0.938525,0.000000
1707990412839763577,0.058594,0.046875,0.894531,0.000000
1707990412859973177,0.048193,0.020080,0.931727,0.000000
1707990412880489439,0.028000,0.032000,0.940000,0.000000
1707990412900697930,0.100000,0.055556,0.844444,0.000000
1707990412920874178,0.060377,0.056604,0.883019,0.000000
1707990412941091638,0.034749,0.023166,0.942085,0.000000
1707990412961307584,0.043825,0.131474,0.824701,0.000000
1707990412981639429,0.061224,0.353741,0.585034,0.000000
1707990413001745675,0.048110,0.202749,0.749141,0.000000
1707990413021961348,0.064286,0.317857,0.617857,0.000000
1707990413042206946,0.077670,0.239482,0.682848,0.000000
1707990413062401360,0.078571,0.121429,0.800000,0.000000
1707990413082599949,0.139373,0.087108,0.773519,0.000000
1707990413102800354,0.104000,0.032000,0.864000,0.000000
1707990413122984864,0.065574,0.143443,0.790984,0.000000
1707990413143272357,0.174174,0.342342,0.483483,0.000000
1707990413163481829,0.050909,0.218182,0.730909,0.000000
1707990413183680816,0.029304,0.124542,0.846154,0.000000
1707990413203877892,0.090909,0.087413,0.821678,0.000000
1707990413224049718,0.077206,0.055147,0.867647,0.000000
1707990413244249510,0.027132,0.007752,0.965116,0.000000
1707990413264420742,0.015564,0.038911,0.945525,0.000000
1707990413284589602,0.007905,0.000000,0.992095,0.000000
1707990413304808991,0.011152,0.070632,0.918216,0.000000
1707990413324938846,0.012346,0.012346,0.975309,0.000000
1707990413345096509,0.000000,0.015748,0.984252,0.000000
1707990413365781464,0.003891,0.003891,0.992218,0.000000
1707990413385796019,0.000000,0.072797,0.927203,0.000000
1707990413405927264,0.003906,0.003906,0.992188,0.000000
1707990413426075673,0.000000,0.007874,0.992126,0.000000
1707990413446229735,0.000000,0.007782,0.992218,0.000000
1707990413466414408,0.000000,0.003891,0.996109,0.000000
1707990413486552416,0.000000,0.000000,1.000000,0.000000
1707990413506691897,0.000000,0.000000,1.000000,0.000000
1707990413526833754,0.000000,0.000000,1.000000,0.000000
1707990413546970536,0.000000,0.000000,1.000000,0.000000
1707990413567076423,0.000000,0.000000,1.000000,0.000000
1707990413587212297,0.000000,0.000000,1.000000,0.000000
1707990413607340573,0.000000,0.000000,1.000000,0.000000
1707990413627470255,0.000000,0.000000,1.000000,0.000000
1707990413647611198,0.000000,0.000000,1.000000,0.000000
1707990413667757288,0.000000,0.000000,1.000000,0.000000
1707990413687891476,0.000000,0.000000,1.000000,0.000000
1707990413708028789,0.000000,0.000000,1.000000,0.000000
1707990413728165539,0.000000,0.000000,1.000000,0.000000
1707990413748302522,0.000000,0.000000,1.000000,0.000000
1707990413768440838,0.000000,0.000000,1.000000,0.000000
1707990413788577301,0.000000,0.000000,1.000000,0.000000
1707990413808716409,0.000000,0.000000,1.000000,0.000000
1707990413828852905,0.000000,0.000000,1.000000,0.000000
1707990413848989580,0.000000,0.000000,1.000000,0.000000
1707990413869126422,0.000000,0.000000,1.000000,0.000000
1707990413889263826,0.000000,0.000000,1.000000,0.000000
1707990413909401331,0.000000,0.000000,1.000000,0.000000
1707990413929538626,0.000000,0.000000,1.000000,0.000000
1707990413949675610,0.000000,0.000000,1.000000,0.000000
1707990413969812629,0.000000,0.000000,1.000000,0.000000
1707990413989955706,0.000000,0.000000,1.000000,0.000000
1707990414010090962,0.000000,0.000000,1.000000,0.000000
1707990414030228745,0.000000,0.000000,1.000000,0.000000
1707990414050366508,0.000000,0.000000,1.000000,0.000000
1707990414070509223,0.000000,0.000000,1.000000,0.000000
1707990414090643544,0.000000,0.000000,1.000000,0.000000
1707990414110780509,0.000000,0.000000,1.000000,0.000000
1707990414130916778,0.000000,0.000000,1.000000,0.000000
1707990414151053690,0.000000,0.000000,1.000000,0.000000
1707990414171196670,0.000000,0.000000,1.000000,0.000000
1707990414191318581,0.000000,0.000000,1.000000,0.000000
1707990414211446526,0.000000,0.000000,1.000000,0.000000
1707990414231588137,0.000000,0.000000,1.000000,0.000000
1707990414251724638,0.000000,0.000000,1.000000,0.000000
1707990414271861875,0.000000,0.000000,1.000000,0.000000
1707990414291999036,0.000000,0.000000,1.000000,0.000000
1707990414312135664,0.000000,0.000000,1.000000,0.000000
1707990414332274138,0.000000,0.000000,1.000000,0.000000
1707990414352410091,0.000000,0.000000,1.000000,0.000000
1707990414372546586,0.000000,0.000000,1.000000,0.000000
1707990414392684141,0.000000,0.000000,1.000000,0.000000
1707990414412821452,0.000000,0.000000,1.000000,0.000000
1707990414432958559,0.000000,0.000000,1.000000,0.000000
1707990414453098091,0.000000,0.000000,1.000000,0.000000
1707990414473235649,0.000000,0.000000,1.000000,0.000000
1707990414493374664,0.000000,0.000000,1.000000,0.000000
1707990414513511135,0.000000,0.000000,1.000000,0.000000
1707990414533650694,0.000000,0.000000,1.000000,0.000000
1707990414553787306,0.000000,0.000000,1.000000,0.000000
1707990414573931535,0.000000,0.000000,1.000000,0.000000
1707990414594066709,0.000000,0.000000,1.000000,0.000000
1707990414614205369,0.000000,0.000000,1.000000,0.000000
1707990414634342475,0.000000,0.000000,1.000000,0.000000
1707990414654491296,0.000000,0.000000,1.000000,0.000000
1707990414674628932,0.000000,0.000000,1.000000,0.000000
1707990414694771022,0.000000,0.000000,1.000000,0.000000
1707990414714905461,0.000000,0.000000,1.000000,0.000000
1707990414735042010,0.000000,0.000000,1.000000,0.000000
1707990414755186034,0.000000,0.000000,1.000000,0.000000
1707990414775308837,0.000000,0.000000,1.000000,0.000000
1707990414795437060,0.000000,0.000000,1.000000,0.000000
1707990414815564834,0.000000,0.000000,1.000000,0.000000
1707990414835704964,0.000000,0.000000,1.000000,0.000000
1707990414855841476,0.000000,0.000000,1.000000,0.000000
1707990414875978742,0.000000,0.000000,1.000000,0.000000
1707990414896114694,0.000000,0.000000,1.000000,0.000000
1707990414916250903,0.000000,0.000000,1.000000,0.000000
1707990414936388310,0.000000,0.000000,1.000000,0.000000
1707990414956524285,0.000000,0.000000,1.000000,0.000000
1707990414976661361,0.000000,0.000000,1.000000,0.000000
1707990414996798269,0.000000,0.000000,1.000000,0.000000
1707990415016935882,0.000000,0.000000,1.000000,0.000000
1707990415037094850,0.000000,0.000000,1.000000,0.000000
1707990415057219610,0.000000,0.000000,1.000000,0.000000
1707990415077363114,0.000000,0.000000,1.000000,0.000000
1707990415097499222,0.000000,0.000000,1.000000,0.000000
1707990415117635360,0.000000,0.000000,1.000000,0.000000
1707990415137772020,0.000000,0.000000,1.000000,0.000000
1707990415157908969,0.000000,0.000000,1.000000,0.000000
1707990415178045391,0.000000,0.000000,1.000000,0.000000
1707990415198182358,0.000000,0.000000,1.000000,0.000000
1707990415218318824,0.000000,0.000000,1.000000,0.000000
1707990415238448332,0.000000,0.000000,1.000000,0.000000
1707990415258587710,0.000000,0.000000,1.000000,0.000000
1707990415278724497,0.000000,0.000000,1.000000,0.000000
1707990415298861601,0.000000,0.000000,1.000000,0.000000
1707990415319003551,0.000000,0.000000,1.000000,0.000000
1707990415339146976,0.000000,0.003876,0.996124,0.000000
1707990415359268960,0.000000,0.000000,1.000000,0.000000
1707990415379396379,0.000000,0.000000,1.000000,0.000000
1707990415399525709,0.000000,0.000000,1.000000,0.000000
1707990415419665062,0.000000,0.000000,1.000000,0.000000
1707990415439804303,0.000000,0.000000,1.000000,0.000000
1707990415459940379,0.000000,0.000000,1.000000,0.000000
1707990415480076569,0.000000,0.000000,1.000000,0.000000
1707990415500212204,0.000000,0.000000,1.000000,0.000000
1707990415520351047,0.000000,0.000000,1.000000,0.000000
1707990415540486545,0.000000,0.000000,1.000000,0.000000
1707990415560623400,0.000000,0.000000,1.000000,0.000000
1707990415580759807,0.000000,0.000000,1.000000,0.000000
1707990415600896654,0.000000,0.000000,1.000000,0.000000
1707990415621033014,0.000000,0.000000,1.000000,0.000000
1707990415641169295,0.000000,0.000000,1.000000,0.000000
1707990415661305356,0.000000,0.000000,1.000000,0.000000
1707990415681441705,0.000000,0.000000,1.000000,0.000000
1707990415701578308,0.000000,0.000000,1.000000,0.000000
1707990415721714556,0.000000,0.000000,1.000000,0.000000
1707990415741850988,0.000000,0.000000,1.000000,0.000000
1707990415761987605,0.000000,0.000000,1.000000,0.000000
1707990415782123556,0.000000,0.000000,1.000000,0.000000
1707990415802259696,0.000000,0.000000,1.000000,0.000000
1707990415822438361,0.000000,0.000000,1.000000,0.000000
1707990415842571634,0.000000,0.000000,1.000000,0.000000
1707990415862704045,0.000000,0.000000,1.000000,0.000000
1707990415882851017,0.011538,0.000000,0.988462,0.000000
1707990415902993247,0.000000,0.003891,0.996109,0.000000
1707990415923149606,0.000000,0.000000,1.000000,0.000000
1707990415943271815,0.000000,0.000000,1.000000,0.000000
1707990415963396968,0.000000,0.000000,1.000000,0.000000
1707990415983526765,0.003891,0.003891,0.992218,0.000000
1707990416003681011,0.003891,0.003891,0.992218,0.000000
1707990416023840828,0.007752,0.007752,0.984496,0.000000
1707990416043984975,0.011628,0.000000,0.988372,0.000000
1707990416064146048,0.011628,0.003876,0.984496,0.000000
1707990416084305963,0.003891,0.007782,0.988327,0.000000
1707990416104449063,0.007752,0.003876,0.988372,0.000000
1707990416124614257,0.011628,0.003876,0.984496,0.000000
1707990416144772192,0.003876,0.007752,0.988372,0.000000
1707990416164904382,0.007353,0.169118,0.823529,0.000000
1707990416185053781,0.000000,0.130952,0.869048,0.000000
1707990416205221651,0.016129,0.092742,0.891129,0.000000
1707990416225612019,0.003937,0.090551,0.905512,0.000000
1707990416245982744,0.037500,0.020833,0.941667,0.000000
1707990416266291147,0.019841,0.051587,0.928571,0.000000
1707990416286373494,0.038596,0.126316,0.835088,0.000000
1707990416306552015,0.012295,0.004098,0.983607,0.000000
1707990416326744318,0.040741,0.055556,0.903704,0.000000
1707990416346879855,0.057692,0.003846,0.938462,0.000000
1707990416367590946,0.011583,0.003861,0.984556,0.000000
1707990416387579165,0.007812,0.003906,0.988281,0.000000
1707990416407717425,0.000000,0.000000,1.000000,0.000000
1707990416427852188,0.000000,0.000000,1.000000,0.000000
1707990416447989805,0.000000,0.003876,0.996124,0.000000
1707990416468131903,0.000000,0.000000,1.000000,0.000000
1707990416488272571,0.003891,0.000000,0.996109,0.000000
1707990416508412746,0.000000,0.000000,1.000000,0.000000
1707990416528551738,0.000000,0.000000,1.000000,0.000000
1707990416548692209,0.000000,0.015936,0.984064,0.000000
1707990416568847952,0.003922,0.000000,0.996078,0.000000
1707990416588994948,0.000000,0.087591,0.912409,0.000000
1707990416609151372,0.003876,0.011628,0.984496,0.000000
1707990416629316483,0.007782,0.003891,0.988327,0.000000
1707990416649480265,0.003876,0.007752,0.988372,0.000000
1707990416669633529,0.011628,0.003876,0.984496,0.000000
1707990416689805374,0.007752,0.003876,0.988372,0.000000
1707990416709968605,0.007782,0.003891,0.988327,0.000000
1707990416730135060,0.011583,0.007722,0.980695,0.000000
1707990416750287419,0.007782,0.000000,0.992218,0.000000
1707990416770510047,0.003861,0.007722,0.988417,0.000000
1707990416790868349,0.004032,0.052419,0.943548,0.000000
1707990416810985769,0.020619,0.171821,0.807560,0.000000
1707990416831286854,0.018315,0.131868,0.849817,0.000000
1707990416851635971,0.023438,0.062500,0.914062,0.000000
1707990416871733468,0.055777,0.011952,0.932271,0.000000
1707990416891931347,0.068966,0.131034,0.800000,0.000000
1707990416912210164,0.018116,0.105072,0.876812,0.000000
1707990416932626914,0.033835,0.056391,0.909774,0.000000
1707990416953013774,0.038462,0.011538,0.950000,0.000000
1707990416973174185,0.041667,0.011364,0.946970,0.000000
1707990416993572894,0.057034,0.003802,0.939163,0.000000
1707990417013737066,0.007812,0.000000,0.992188,0.000000
1707990417034143224,0.000000,0.000000,1.000000,0.000000
1707990417054481880,0.000000,0.000000,1.000000,0.000000
1707990417074869705,0.000000,0.000000,1.000000,0.000000
1707990417095191173,0.000000,0.000000,1.000000,0.000000
1707990417115270654,0.000000,0.000000,1.000000,0.000000
1707990417135674321,0.000000,0.000000,1.000000,0.000000
1707990417155714346,0.000000,0.003861,0.996139,0.000000
1707990417175914871,0.007843,0.066667,0.925490,0.000000
1707990417196287871,0.007752,0.007752,0.984496,0.000000
1707990417216362873,0.011811,0.015748,0.972441,0.000000
1707990417236534188,0.007782,0.011673,0.980545,0.000000
1707990417256690523,0.007812,0.007812,0.984375,0.000000
1707990417276850127,0.007782,0.003891,0.988327,0.000000
1707990417297008963,0.011628,0.003876,0.984496,0.000000
1707990417317160406,0.007782,0.003891,0.988327,0.000000
1707990417337340597,0.011583,0.003861,0.984556,0.000000
1707990417357501039,0.000000,0.181818,0.818182,0.000000
1707990417377788031,0.053459,0.314465,0.632075,0.000000
1707990417398061670,0.025641,0.113553,0.860806,0.000000
1707990417418466815,0.038168,0.045802,0.916031,0.000000
1707990417438790107,0.012097,0.028226,0.959677,0.000000
1707990417458843224,0.007663,0.088123,0.904215,0.000000
1707990417478997135,0.056818,0.026515,0.916667,0.000000
1707990417499193593,0.053435,0.007634,0.938931,0.000000
1707990417519407363,0.027027,0.023166,0.949807,0.000000
1707990417539629624,0.000000,0.003861,0.996139,0.000000
1707990417560033328,0.000000,0.000000,1.000000,0.000000
1707990417580370885,0.000000,0.000000,1.000000,0.000000
1707990417600696597,0.000000,0.000000,1.000000,0.000000
1707990417620784054,0.000000,0.000000,1.000000,0.000000
1707990417640965955,0.000000,0.000000,1.000000,0.000000
1707990417661382949,0.000000,0.000000,1.000000,0.000000
1707990417681717942,0.000000,0.000000,1.000000,0.000000
1707990417702057349,0.000000,0.007968,0.992032,0.000000
1707990417722413941,0.003876,0.003876,0.992248,0.000000
1707990417742744711,0.000000,0.011719,0.988281,0.000000
1707990417762855215,0.000000,0.003891,0.996109,0.000000
1707990417783294126,0.003846,0.000000,0.996154,0.000000
1707990417803325098,0.000000,0.000000,1.000000,0.000000
1707990417823461384,0.000000,0.000000,1.000000,0.000000
1707990417843626968,0.000000,0.000000,1.000000,0.000000
1707990417864055076,0.000000,0.000000,1.000000,0.000000
1707990417884393558,0.000000,0.000000,1.000000,0.000000
1707990417904729374,0.000000,0.000000,1.000000,0.000000
1707990417925052748,0.000000,0.000000,1.000000,0.000000
1707990417945137583,0.000000,0.000000,1.000000,0.000000
1707990417965321994,0.000000,0.000000,1.000000,0.000000
1707990417985741617,0.000000,0.000000,1.000000,0.000000
1707990418006079219,0.000000,0.000000,1.000000,0.000000
1707990418026423805,0.000000,0.000000,1.000000,0.000000
1707990418046794601,0.000000,0.000000,1.000000,0.000000
1707990418067121708,0.000000,0.000000,1.000000,0.000000
1707990418087227514,0.000000,0.003861,0.996139,0.000000
1707990418107609167,0.000000,0.000000,1.000000,0.000000
1707990418127973493,0.000000,0.000000,1.000000,0.000000
1707990418148307695,0.000000,0.000000,1.000000,0.000000
1707990418168647752,0.000000,0.000000,1.000000,0.000000
1707990418188986156,0.000000,0.000000,1.000000,0.000000
1707990418209326514,0.000000,0.000000,1.000000,0.000000
1707990418229663383,0.000000,0.000000,1.000000,0.000000
1707990418249946272,0.000000,0.000000,1.000000,0.000000
1707990418270060720,0.000000,0.000000,1.000000,0.000000
1707990418290481050,0.000000,0.000000,1.000000,0.000000
1707990418310859905,0.000000,0.000000,1.000000,0.000000
1707990418331193356,0.000000,0.000000,1.000000,0.000000
1707990418351216206,0.000000,0.000000,1.000000,0.000000
1707990418371346729,0.000000,0.000000,1.000000,0.000000
1707990418391514545,0.000000,0.000000,1.000000,0.000000
1707990418411943203,0.000000,0.000000,1.000000,0.000000
1707990418432282765,0.000000,0.000000,1.000000,0.000000
1707990418452619967,0.000000,0.000000,1.000000,0.000000
1707990418472958473,0.000000,0.000000,1.000000,0.000000
1707990418493296752,0.000000,0.000000,1.000000,0.000000
1707990418513639989,0.000000,0.000000,1.000000,0.000000
1707990418533979363,0.000000,0.000000,1.000000,0.000000
1707990418554316393,0.000000,0.000000,1.000000,0.000000
1707990418574679815,0.000000,0.000000,1.000000,0.000000
1707990418594995998,0.000000,0.000000,1.000000,0.000000
1707990418615102764,0.000000,0.000000,1.000000,0.000000
1707990418635210777,0.000000,0.000000,1.000000,0.000000
1707990418655341556,0.000000,0.000000,1.000000,0.000000
1707990418675509622,0.000000,0.000000,1.000000,0.000000
1707990418695927184,0.000000,0.000000,1.000000,0.000000
1707990418716028855,0.000000,0.000000,1.000000,0.000000
1707990418736444648,0.000000,0.000000,1.000000,0.000000
1707990418756782804,0.000000,0.000000,1.000000,0.000000
1707990418777121995,0.000000,0.000000,1.000000,0.000000
1707990418797458262,0.000000,0.000000,1.000000,0.000000
1707990418817794646,0.000000,0.000000,1.000000,0.000000
1707990418838135561,0.000000,0.000000,1.000000,0.000000
1707990418858473928,0.000000,0.000000,1.000000,0.000000
1707990418878856073,0.000000,0.000000,1.000000,0.000000
1707990418899187681,0.000000,0.000000,1.000000,0.000000
1707990418919213467,0.000000,0.000000,1.000000,0.000000
1707990418939377731,0.000000,0.000000,1.000000,0.000000
1707990418959539566,0.000000,0.000000,1.000000,0.000000
1707990418979966854,0.000000,0.000000,1.000000,0.000000
1707990419000306970,0.000000,0.000000,1.000000,0.000000
1707990419020645998,0.000000,0.000000,1.000000,0.000000
1707990419040985271,0.000000,0.000000,1.000000,0.000000
1707990419061322324,0.000000,0.000000,1.000000,0.000000
1707990419081662568,0.000000,0.000000,1.000000,0.000000
1707990419101999560,0.000000,0.000000,1.000000,0.000000
1707990419122337746,0.000000,0.000000,1.000000,0.000000
1707990419142707542,0.000000,0.000000,1.000000,0.000000
1707990419163035907,0.000000,0.000000,1.000000,0.000000
1707990419183372473,0.000000,0.000000,1.000000,0.000000
1707990419203437762,0.000000,0.000000,1.000000,0.000000
1707990419223866469,0.000000,0.000000,1.000000,0.000000
1707990419244204870,0.000000,0.000000,1.000000,0.000000
1707990419264544554,0.000000,0.000000,1.000000,0.000000
1707990419284885696,0.000000,0.000000,1.000000,0.000000
1707990419305222748,0.000000,0.000000,1.000000,0.000000
1707990419325563335,0.000000,0.000000,1.000000,0.000000
1707990419345900606,0.000000,0.000000,1.000000,0.000000
1707990419366238869,0.000000,0.000000,1.000000,0.000000
1707990419386588124,0.000000,0.000000,1.000000,0.000000
1707990419406925652,0.000000,0.000000,1.000000,0.000000
1707990419427195141,0.000000,0.003846,0.996154,0.000000
1707990419447244127,0.000000,0.000000,1.000000,0.000000
1707990419467410552,0.000000,0.000000,1.000000,0.000000
1707990419487840035,0.000000,0.000000,1.000000,0.000000
1707990419508161717,0.000000,0.000000,1.000000,0.000000
1707990419528265117,0.000000,0.000000,1.000000,0.000000
1707990419548683440,0.000000,0.000000,1.000000,0.000000
1707990419569024374,0.000000,0.000000,1.000000,0.000000
1707990419589361732,0.000000,0.000000,1.000000,0.000000
1707990419609699621,0.000000,0.000000,1.000000,0.000000
1707990419630024927,0.000000,0.000000,1.000000,0.000000
1707990419650134277,0.000000,0.000000,1.000000,0.000000
1707990419670587279,0.000000,0.000000,1.000000,0.000000
1707990419690912753,0.000000,0.000000,1.000000,0.000000
1707990419711202141,0.000000,0.000000,1.000000,0.000000
1707990419731250323,0.000000,0.000000,1.000000,0.000000
1707990419751416737,0.000000,0.000000,1.000000,0.000000
1707990419771845721,0.000000,0.000000,1.000000,0.000000
1707990419792167519,0.000000,0.000000,1.000000,0.000000
1707990419812268506,0.000000,0.000000,1.000000,0.000000
1707990419832688210,0.000000,0.000000,1.000000,0.000000
1707990419853027314,0.000000,0.000000,1.000000,0.000000
1707990419873366587,0.000000,0.000000,1.000000,0.000000
1707990419893704689,0.000000,0.000000,1.000000,0.000000
1707990419914043854,0.000000,0.000000,1.000000,0.000000
1707990419934381985,0.000000,0.000000,1.000000,0.000000
1707990419954757194,0.000000,0.000000,1.000000,0.000000
1707990419975083758,0.000000,0.000000,1.000000,0.000000
1707990419995419548,0.000000,0.003846,0.996154,0.000000
1707990420015483785,0.000000,0.000000,1.000000,0.000000
1707990420035914027,0.000000,0.000000,1.000000,0.000000
1707990420056252832,0.000000,0.000000,1.000000,0.000000
1707990420076589799,0.000000,0.000000,1.000000,0.000000
1707990420096934338,0.000000,0.000000,1.000000,0.000000
1707990420117271705,0.000000,0.000000,1.000000,0.000000
1707990420137610649,0.000000,0.000000,1.000000,0.000000
1707990420157949761,0.000000,0.000000,1.000000,0.000000
1707990420178287585,0.000000,0.000000,1.000000,0.000000
1707990420198675234,0.000000,0.000000,1.000000,0.000000
1707990420218982572,0.000000,0.000000,1.000000,0.000000
1707990420239073978,0.000000,0.000000,1.000000,0.000000
1707990420259205479,0.000000,0.000000,1.000000,0.000000
1707990420279328474,0.000000,0.000000,1.000000,0.000000
1707990420299495664,0.000000,0.000000,1.000000,0.000000
1707990420319931581,0.000000,0.000000,1.000000,0.000000
1707990420340267103,0.000000,0.000000,1.000000,0.000000
1707990420360606341,0.000000,0.000000,1.000000,0.000000
1707990420380948038,0.000000,0.000000,1.000000,0.000000
