Time,User,Kernel,Idle,IoWait
1707474076532819186,0.300000,0.050000,0.650000,0.000000
1707474076632899370,0.500000,0.150000,0.350000,0.000000
1707474076733015266,0.352941,0.529412,0.117647,0.000000
1707474076833093982,0.650000,0.300000,0.050000,0.000000
1707474076933220368,0.571429,0.380952,0.047619,0.000000
1707474077033336866,0.684211,0.315789,0.000000,0.000000
1707474077133463943,0.600000,0.400000,0.000000,0.000000
1707474077233577365,0.809524,0.190476,0.000000,0.000000
1707474077333698257,0.900000,0.100000,0.000000,0.000000
1707474077433811901,1.000000,0.000000,0.000000,0.000000
1707474077533938208,0.900000,0.100000,0.000000,0.000000
1707474077634040130,1.000000,0.000000,0.000000,0.000000
1707474077734267155,0.900000,0.100000,0.000000,0.000000
1707474077834262699,0.400000,0.000000,0.600000,0.000000
1707474077934380569,0.157895,0.157895,0.684211,0.000000
1707474078034463150,0.000000,0.000000,1.000000,0.000000
1707474078134536478,0.000000,0.047619,0.952381,0.000000
1707474078234601225,0.000000,0.000000,1.000000,0.000000
1707474078334665278,0.000000,0.000000,1.000000,0.000000
1707474078434731324,0.000000,0.000000,1.000000,0.000000
1707474078534812217,0.400000,0.000000,0.600000,0.000000
1707474078634927924,0.444444,0.222222,0.333333,0.000000
1707474078735091258,0.333333,0.555556,0.111111,0.000000
1707474078835221431,0.473684,0.421053,0.105263,0.000000
1707474078935277664,0.750000,0.250000,0.000000,0.000000
1707474079035409265,0.761905,0.238095,0.000000,0.000000
1707474079135528021,0.700000,0.300000,0.000000,0.000000
1707474079235640700,0.800000,0.200000,0.000000,0.000000
1707474079335757566,1.000000,0.000000,0.000000,0.000000
1707474079435874833,0.952381,0.047619,0.000000,0.000000
1707474079535985096,1.000000,0.000000,0.000000,0.000000
1707474079636102661,1.000000,0.000000,0.000000,0.000000
1707474079736219339,0.857143,0.142857,0.000000,0.000000
1707474079836338139,0.450000,0.050000,0.500000,0.000000
1707474079936434673,0.100000,0.150000,0.750000,0.000000
1707474080036523481,0.166667,0.000000,0.833333,0.000000
1707474080136619302,0.090909,0.045455,0.863636,0.000000
1707474080236700491,0.100000,0.000000,0.900000,0.000000
1707474080336781860,0.000000,0.000000,1.000000,0.000000
1707474080436869336,0.285714,0.095238,0.619048,0.000000
1707474080536982366,0.555556,0.222222,0.222222,0.000000
1707474080637103575,0.187500,0.687500,0.125000,0.000000
1707474080740041322,0.650000,0.250000,0.100000,0.000000
1707474080839225207,0.750000,0.250000,0.000000,0.000000
1707474080939369230,0.750000,0.250000,0.000000,0.000000
1707474081039473347,0.714286,0.285714,0.000000,0.000000
1707474081139607132,0.800000,0.200000,0.000000,0.000000
1707474081239730475,1.000000,0.000000,0.000000,0.000000
1707474081339851631,1.000000,0.000000,0.000000,0.000000
1707474081439977185,0.904762,0.095238,0.000000,0.000000
1707474081540104621,0.894737,0.105263,0.000000,0.000000
1707474081640226931,0.904762,0.047619,0.047619,0.000000
1707474081740332816,0.200000,0.000000,0.800000,0.000000
1707474081840438408,0.050000,0.100000,0.850000,0.000000
1707474081940521054,0.000000,0.000000,1.000000,0.000000
1707474082040580493,0.000000,0.000000,1.000000,0.000000
1707474082140648200,0.000000,0.000000,1.000000,0.000000
1707474082240725882,0.000000,0.000000,1.000000,0.000000
1707474082340786755,0.000000,0.000000,1.000000,0.000000
1707474082440851530,0.000000,0.000000,1.000000,0.000000
1707474082540931515,0.238095,0.047619,0.714286,0.000000
1707474082644404954,0.315789,0.000000,0.684211,0.000000
1707474082743374054,0.411765,0.411765,0.176471,0.000000
1707474082843559494,0.380952,0.333333,0.285714,0.000000
1707474082943650551,0.684211,0.263158,0.052632,0.000000
1707474083043763950,0.500000,0.500000,0.000000,0.000000
1707474083143874247,0.600000,0.400000,0.000000,0.000000
1707474083243991812,0.736842,0.263158,0.000000,0.000000
1707474083344109750,0.800000,0.200000,0.000000,0.000000
1707474083444226040,0.950000,0.050000,0.000000,0.000000
1707474083544340668,0.950000,0.050000,0.000000,0.000000
1707474083644456610,1.000000,0.000000,0.000000,0.000000
1707474083744571959,0.952381,0.047619,0.000000,0.000000
1707474083844683127,0.850000,0.050000,0.100000,0.000000
1707474083944793771,0.263158,0.000000,0.736842,0.000000
1707474084044893940,0.190476,0.142857,0.666667,0.000000
1707474084144994356,0.105263,0.000000,0.894737,0.000000
1707474084245073145,0.000000,0.000000,1.000000,0.000000
1707474084345159989,0.095238,0.000000,0.904762,0.000000
1707474084445237895,0.000000,0.050000,0.950000,0.000000
1707474084545321058,0.300000,0.050000,0.650000,0.000000
1707474084645446443,0.421053,0.105263,0.473684,0.000000
1707474084745550628,0.388889,0.444444,0.166667,0.000000
1707474084845660403,0.631579,0.368421,0.000000,0.000000
1707474084945782844,0.650000,0.300000,0.050000,0.000000
1707474085045900157,0.700000,0.300000,0.000000,0.000000
1707474085146017401,0.736842,0.263158,0.000000,0.000000
1707474085246131166,0.800000,0.200000,0.000000,0.000000
1707474085346252479,0.952381,0.047619,0.000000,0.000000
1707474085446363982,1.000000,0.000000,0.000000,0.000000
1707474085546478624,0.950000,0.050000,0.000000,0.000000
1707474085646593884,1.000000,0.000000,0.000000,0.000000
1707474085746712549,1.000000,0.000000,0.000000,0.000000
1707474085846825310,0.380952,0.095238,0.523810,0.000000
1707474085946956505,0.100000,0.100000,0.800000,0.000000
1707474086047029909,0.000000,0.052632,0.947368,0.000000
1707474086147116051,0.000000,0.000000,1.000000,0.000000
1707474086247182042,0.000000,0.050000,0.950000,0.000000
1707474086347273449,0.000000,0.000000,1.000000,0.000000
1707474086447351217,0.100000,0.050000,0.850000,0.000000
1707474086553193183,0.400000,0.050000,0.550000,0.000000
1707474086651370615,0.333333,0.500000,0.166667,0.000000
1707474086751503974,0.222222,0.277778,0.500000,0.000000
1707474086851625322,0.700000,0.300000,0.000000,0.000000
1707474086951735097,0.631579,0.368421,0.000000,0.000000
1707474087051853210,0.700000,0.300000,0.000000,0.000000
1707474087151952967,0.750000,0.250000,0.000000,0.000000
1707474087252073333,0.857143,0.142857,0.000000,0.000000
1707474087352189908,1.000000,0.000000,0.000000,0.000000
1707474087452301434,1.000000,0.000000,0.000000,0.000000
1707474087552418511,0.904762,0.095238,0.000000,0.000000
1707474087652531376,1.000000,0.000000,0.000000,0.000000
1707474087752648881,0.900000,0.050000,0.050000,0.000000
1707474087852763095,0.100000,0.100000,0.800000,0.000000
1707474087952833327,0.050000,0.050000,0.900000,0.000000
1707474088052919298,0.000000,0.000000,1.000000,0.000000
1707474088152988952,0.000000,0.000000,1.000000,0.000000
1707474088253056301,0.000000,0.000000,1.000000,0.000000
1707474088353118955,0.000000,0.000000,1.000000,0.000000
1707474088453202807,0.200000,0.000000,0.800000,0.000000
1707474088553305001,0.210526,0.052632,0.736842,0.000000
1707474088662219777,0.285714,0.285714,0.428571,0.000000
1707474088759374349,0.470588,0.294118,0.235294,0.000000
1707474088859487841,0.619048,0.285714,0.095238,0.000000
1707474088959595356,0.789474,0.210526,0.000000,0.000000
1707474089059699110,0.666667,0.285714,0.047619,0.000000
1707474089159807236,0.800000,0.200000,0.000000,0.000000
1707474089259915477,0.900000,0.100000,0.000000,0.000000
1707474089360025709,0.850000,0.150000,0.000000,0.000000
1707474089460137110,0.850000,0.150000,0.000000,0.000000
1707474089560238509,0.900000,0.100000,0.000000,0.000000
1707474089660351642,1.000000,0.000000,0.000000,0.000000
1707474089760467089,0.900000,0.100000,0.000000,0.000000
1707474089860577643,0.526316,0.052632,0.421053,0.000000
1707474089960670055,0.050000,0.000000,0.950000,0.000000
1707474090060766436,0.200000,0.100000,0.700000,0.000000
1707474090160844898,0.000000,0.000000,1.000000,0.000000
1707474090260918784,0.052632,0.000000,0.947368,0.000000
1707474090360996021,0.050000,0.000000,0.950000,0.000000
1707474090461082694,0.350000,0.100000,0.550000,0.000000
1707474090561210581,0.470588,0.294118,0.235294,0.000000
1707474090661612192,0.263158,0.368421,0.368421,0.000000
1707474090761627716,0.700000,0.300000,0.000000,0.000000
1707474090861763409,0.750000,0.250000,0.000000,0.000000
1707474090961874735,0.600000,0.400000,0.000000,0.000000
1707474091061998044,0.800000,0.200000,0.000000,0.000000
1707474091162120647,0.750000,0.250000,0.000000,0.000000
1707474091262243840,0.950000,0.050000,0.000000,0.000000
1707474091362361478,1.000000,0.000000,0.000000,0.000000
1707474091462482228,0.950000,0.050000,0.000000,0.000000
1707474091562614590,0.950000,0.050000,0.000000,0.000000
1707474091662729417,0.950000,0.050000,0.000000,0.000000
1707474091762825429,0.190476,0.095238,0.714286,0.000000
1707474091862908459,0.050000,0.050000,0.900000,0.000000
1707474091962997196,0.047619,0.095238,0.857143,0.000000
1707474092063076959,0.000000,0.000000,1.000000,0.000000
1707474092163151258,0.000000,0.000000,1.000000,0.000000
1707474092263212677,0.000000,0.000000,1.000000,0.000000
1707474092363261284,0.000000,0.000000,1.000000,0.000000
1707474092463348269,0.210526,0.105263,0.684211,0.000000
1707474092563443274,0.428571,0.142857,0.428571,0.000000
1707474092663574178,0.294118,0.529412,0.176471,0.000000
1707474092763686167,0.238095,0.333333,0.428571,0.000000
1707474092863799323,0.800000,0.200000,0.000000,0.000000
1707474092963923940,0.684211,0.315789,0.000000,0.000000
1707474093064059279,0.666667,0.333333,0.000000,0.000000
1707474093164184879,0.900000,0.100000,0.000000,0.000000
1707474093264303359,0.850000,0.150000,0.000000,0.000000
1707474093364424044,1.000000,0.000000,0.000000,0.000000
1707474093464545606,0.904762,0.095238,0.000000,0.000000
1707474093564680674,1.000000,0.000000,0.000000,0.000000
1707474093664800137,0.950000,0.050000,0.000000,0.000000
1707474093764892887,0.700000,0.050000,0.250000,0.000000
1707474093864981742,0.055556,0.000000,0.944444,0.000000
1707474093965074004,0.150000,0.050000,0.800000,0.000000
1707474094065172121,0.150000,0.000000,0.850000,0.000000
1707474094165192362,0.047619,0.047619,0.904762,0.000000
1707474094265284017,0.000000,0.000000,1.000000,0.000000
1707474094365359306,0.000000,0.000000,1.000000,0.000000
1707474094465441913,0.300000,0.050000,0.650000,0.000000
1707474094565563372,0.500000,0.055556,0.444444,0.000000
1707474094665715783,0.421053,0.473684,0.105263,0.000000
1707474094765813719,0.500000,0.350000,0.150000,0.000000
1707474094865944661,0.800000,0.100000,0.100000,0.000000
1707474094966061131,0.600000,0.400000,0.000000,0.000000
1707474095066181762,0.850000,0.150000,0.000000,0.000000
1707474095166313148,0.800000,0.200000,0.000000,0.000000
1707474095266434290,0.750000,0.250000,0.000000,0.000000
1707474095366557292,0.800000,0.200000,0.000000,0.000000
1707474095466681375,0.900000,0.100000,0.000000,0.000000
1707474095566804583,0.950000,0.050000,0.000000,0.000000
1707474095666924392,0.894737,0.105263,0.000000,0.000000
1707474095767028463,0.409091,0.090909,0.500000,0.000000
1707474095867125368,0.052632,0.000000,0.947368,0.000000
1707474095967227073,0.000000,0.050000,0.950000,0.000000
1707474096067266687,0.200000,0.050000,0.750000,0.000000
1707474096167374811,0.050000,0.000000,0.950000,0.000000
1707474096267442894,0.052632,0.000000,0.947368,0.000000
1707474096367494317,0.000000,0.050000,0.950000,0.000000
1707474096467582350,0.000000,0.000000,1.000000,0.000000
1707474096567649688,0.000000,0.000000,1.000000,0.000000
1707474096667718289,0.000000,0.000000,1.000000,0.000000
1707474096767786946,0.000000,0.000000,1.000000,0.000000
1707474096867853080,0.000000,0.000000,1.000000,0.000000
1707474096967919003,0.000000,0.000000,1.000000,0.000000
1707474097067988878,0.000000,0.000000,1.000000,0.000000
1707474097168058031,0.000000,0.000000,1.000000,0.000000
1707474097268121844,0.000000,0.000000,1.000000,0.000000
1707474097368187183,0.000000,0.000000,1.000000,0.000000
1707474097468257815,0.000000,0.000000,1.000000,0.000000
1707474097568326409,0.000000,0.000000,1.000000,0.000000
1707474097668391673,0.000000,0.000000,1.000000,0.000000
1707474097768460848,0.000000,0.000000,1.000000,0.000000
1707474097868525966,0.000000,0.000000,1.000000,0.000000
1707474097968592017,0.000000,0.000000,1.000000,0.000000
1707474098068658769,0.000000,0.000000,1.000000,0.000000
1707474098168728237,0.000000,0.000000,1.000000,0.000000
1707474098268794421,0.000000,0.000000,1.000000,0.000000
1707474098368860233,0.000000,0.000000,1.000000,0.000000
1707474098468926936,0.000000,0.000000,1.000000,0.000000
1707474098568989832,0.000000,0.000000,1.000000,0.000000
1707474098669053851,0.000000,0.000000,1.000000,0.000000
1707474098769130055,0.000000,0.000000,1.000000,0.000000
1707474098869193705,0.000000,0.000000,1.000000,0.000000
1707474098969263354,0.000000,0.000000,1.000000,0.000000
1707474099069326110,0.000000,0.000000,1.000000,0.000000
1707474099169396170,0.000000,0.000000,1.000000,0.000000
1707474099269458831,0.000000,0.000000,1.000000,0.000000
1707474099369529711,0.000000,0.000000,1.000000,0.000000
1707474099469595317,0.000000,0.000000,1.000000,0.000000
1707474099569664870,0.000000,0.000000,1.000000,0.000000
1707474099669727002,0.000000,0.000000,1.000000,0.000000
1707474099769797116,0.000000,0.000000,1.000000,0.000000
1707474099869859509,0.000000,0.000000,1.000000,0.000000
1707474099969929714,0.000000,0.000000,1.000000,0.000000
1707474100069992590,0.000000,0.000000,1.000000,0.000000
1707474100170062348,0.000000,0.000000,1.000000,0.000000
1707474100270124913,0.000000,0.000000,1.000000,0.000000
1707474100370194661,0.000000,0.000000,1.000000,0.000000
1707474100470257255,0.000000,0.000000,1.000000,0.000000
1707474100570327849,0.000000,0.000000,1.000000,0.000000
1707474100670390091,0.000000,0.000000,1.000000,0.000000
1707474100770460071,0.000000,0.000000,1.000000,0.000000
1707474100870524684,0.000000,0.000000,1.000000,0.000000
1707474100970594266,0.000000,0.000000,1.000000,0.000000
1707474101070656564,0.000000,0.000000,1.000000,0.000000
1707474101170726638,0.000000,0.000000,1.000000,0.000000
1707474101270790579,0.000000,0.000000,1.000000,0.000000
1707474101370854426,0.000000,0.000000,1.000000,0.000000
1707474101470919190,0.000000,0.000000,1.000000,0.000000
1707474101570985389,0.000000,0.000000,1.000000,0.000000
1707474101671056923,0.000000,0.000000,1.000000,0.000000
1707474101771125292,0.000000,0.000000,1.000000,0.000000
1707474101871188161,0.000000,0.000000,1.000000,0.000000
1707474101971270869,0.000000,0.000000,1.000000,0.000000
1707474102071329241,0.000000,0.000000,1.000000,0.000000
1707474102171409190,0.000000,0.000000,1.000000,0.000000
1707474102271477668,0.000000,0.000000,1.000000,0.000000
1707474102371538896,0.000000,0.000000,1.000000,0.000000
1707474102471603864,0.000000,0.000000,1.000000,0.000000
1707474102571668418,0.000000,0.000000,1.000000,0.000000
1707474102671741288,0.000000,0.000000,1.000000,0.000000
1707474102771803471,0.000000,0.000000,1.000000,0.000000
1707474102871873403,0.000000,0.000000,1.000000,0.000000
1707474102971935534,0.000000,0.000000,1.000000,0.000000
1707474103072005533,0.000000,0.000000,1.000000,0.000000
1707474103172068094,0.000000,0.000000,1.000000,0.000000
1707474103272137919,0.000000,0.000000,1.000000,0.000000
1707474103372200524,0.000000,0.000000,1.000000,0.000000
1707474103472270281,0.000000,0.000000,1.000000,0.000000
1707474103572333917,0.000000,0.000000,1.000000,0.000000
1707474103672404840,0.000000,0.000000,1.000000,0.000000
1707474103772467675,0.000000,0.000000,1.000000,0.000000
1707474103872541288,0.000000,0.000000,1.000000,0.000000
1707474103972608391,0.000000,0.000000,1.000000,0.000000
1707474104072676337,0.000000,0.000000,1.000000,0.000000
1707474104172738786,0.000000,0.000000,1.000000,0.000000
1707474104272808845,0.000000,0.000000,1.000000,0.000000
1707474104372877630,0.000000,0.000000,1.000000,0.000000
1707474104472943980,0.000000,0.000000,1.000000,0.000000
1707474104573010509,0.000000,0.000000,1.000000,0.000000
1707474104673079365,0.000000,0.000000,1.000000,0.000000
1707474104773144664,0.000000,0.000000,1.000000,0.000000
1707474104873211301,0.000000,0.000000,1.000000,0.000000
1707474104973277525,0.000000,0.000000,1.000000,0.000000
1707474105073343706,0.000000,0.000000,1.000000,0.000000
1707474105173410017,0.000000,0.000000,1.000000,0.000000
