Time,User,Kernel,Idle,IoWait
1708693814717986526,0.166667,0.222222,0.611111,0.000000
1708693814818064255,0.315789,0.052632,0.631579,0.000000
1708693814918227208,0.000000,0.058824,0.941176,0.000000
1708693815018333681,0.222222,0.388889,0.388889,0.000000
1708693815118390270,0.058824,0.117647,0.823529,0.000000
1708693815218511366,0.050000,0.100000,0.850000,0.000000
1708693815318623131,0.222222,0.222222,0.555556,0.000000
1708693815418742463,0.500000,0.250000,0.250000,0.000000
1708693815518864655,0.526316,0.263158,0.210526,0.000000
1708693815618946162,0.650000,0.200000,0.150000,0.000000
1708693815719026554,0.894737,0.105263,0.000000,0.000000
1708693815819159470,0.761905,0.238095,0.000000,0.000000
1708693815919226343,0.800000,0.200000,0.000000,0.000000
1708693816019387880,0.800000,0.200000,0.000000,0.000000
1708693816119513580,0.800000,0.150000,0.050000,0.000000
1708693816219624032,0.800000,0.200000,0.000000,0.000000
1708693816319759309,0.900000,0.100000,0.000000,0.000000
1708693816419812187,0.761905,0.142857,0.095238,0.000000
1708693816519961695,0.210526,0.105263,0.684211,0.000000
1708693816620063041,0.000000,0.050000,0.950000,0.000000
1708693816720158782,0.000000,0.000000,1.000000,0.000000
1708693816820293355,0.000000,0.000000,1.000000,0.000000
1708693816920402639,0.000000,0.000000,1.000000,0.000000
1708693817020503269,0.000000,0.000000,1.000000,0.000000
1708693817120621220,0.000000,0.000000,1.000000,0.000000
1708693817220733301,0.315789,0.105263,0.578947,0.000000
1708693817320767620,0.411765,0.529412,0.058824,0.000000
1708693817420914647,0.333333,0.611111,0.055556,0.000000
1708693817520977448,0.350000,0.350000,0.300000,0.000000
1708693817621121466,0.350000,0.650000,0.000000,0.000000
1708693817726014226,0.500000,0.500000,0.000000,0.000000
1708693817824568618,0.809524,0.190476,0.000000,0.000000
1708693817924760706,0.650000,0.350000,0.000000,0.000000
1708693818024871045,0.761905,0.238095,0.000000,0.000000
1708693818125018884,0.842105,0.157895,0.000000,0.000000
1708693818225112393,0.857143,0.142857,0.000000,0.000000
1708693818325213385,0.842105,0.157895,0.000000,0.000000
1708693818425367401,0.900000,0.100000,0.000000,0.000000
1708693818525509141,0.850000,0.150000,0.000000,0.000000
1708693818625622770,0.850000,0.150000,0.000000,0.000000
1708693818725742177,0.850000,0.100000,0.050000,0.000000
1708693818825782238,0.052632,0.000000,0.947368,0.000000
1708693818925920484,0.052632,0.052632,0.894737,0.000000
1708693819027753494,0.052632,0.000000,0.947368,0.000000
1708693819127270986,0.200000,0.050000,0.750000,0.000000
1708693819227337263,0.437500,0.250000,0.312500,0.000000
1708693819327487156,0.444444,0.500000,0.055556,0.000000
1708693819427591604,0.550000,0.350000,0.100000,0.000000
1708693819527739956,0.600000,0.400000,0.000000,0.000000
1708693819627874045,0.700000,0.300000,0.000000,0.000000
1708693819728007686,0.750000,0.250000,0.000000,0.000000
1708693819828121437,0.850000,0.150000,0.000000,0.000000
1708693819928238810,0.800000,0.200000,0.000000,0.000000
1708693820028355958,0.800000,0.200000,0.000000,0.000000
1708693820128478554,0.900000,0.100000,0.000000,0.000000
1708693820228597407,0.800000,0.200000,0.000000,0.000000
1708693820329977072,0.750000,0.100000,0.150000,0.000000
1708693820429668075,0.800000,0.100000,0.100000,0.000000
1708693820529729511,0.263158,0.157895,0.578947,0.000000
1708693820629773667,0.000000,0.000000,1.000000,0.000000
1708693820729847469,0.000000,0.000000,1.000000,0.000000
1708693820829961371,0.000000,0.000000,1.000000,0.000000
1708693820930065696,0.000000,0.000000,1.000000,0.000000
1708693821030106795,0.000000,0.000000,1.000000,0.000000
1708693821130235294,0.000000,0.000000,1.000000,0.000000
1708693821230340642,0.000000,0.000000,1.000000,0.000000
1708693821330428864,0.000000,0.000000,1.000000,0.000000
1708693821430535319,0.000000,0.000000,1.000000,0.000000
1708693821530585705,0.000000,0.000000,1.000000,0.000000
1708693821630714459,0.000000,0.000000,1.000000,0.000000
1708693821730815696,0.000000,0.050000,0.950000,0.000000
1708693821830918411,0.000000,0.000000,1.000000,0.000000
1708693821931008844,0.000000,0.000000,1.000000,0.000000
1708693822031107868,0.000000,0.000000,1.000000,0.000000
1708693822131206638,0.000000,0.000000,1.000000,0.000000
1708693822231298707,0.000000,0.000000,1.000000,0.000000
1708693822331395972,0.000000,0.000000,1.000000,0.000000
1708693822431454192,0.000000,0.000000,1.000000,0.000000
1708693822531536993,0.000000,0.000000,1.000000,0.000000
1708693822631640174,0.000000,0.000000,1.000000,0.000000
1708693822731735040,0.000000,0.000000,1.000000,0.000000
1708693822831820213,0.000000,0.000000,1.000000,0.000000
1708693822931928176,0.000000,0.000000,1.000000,0.000000
1708693823032018727,0.000000,0.000000,1.000000,0.000000
1708693823132106732,0.000000,0.000000,1.000000,0.000000
1708693823232197268,0.000000,0.000000,1.000000,0.000000
1708693823332299994,0.050000,0.000000,0.950000,0.000000
1708693823432411133,0.000000,0.000000,1.000000,0.000000
1708693823532472159,0.000000,0.000000,1.000000,0.000000
1708693823632599873,0.000000,0.000000,1.000000,0.000000
1708693823732712991,0.000000,0.000000,1.000000,0.000000
1708693823832782611,0.000000,0.000000,1.000000,0.000000
1708693823932885959,0.000000,0.000000,1.000000,0.000000
1708693824032998532,0.000000,0.000000,1.000000,0.000000
1708693824133039761,0.000000,0.000000,1.000000,0.000000
1708693824233107580,0.000000,0.000000,1.000000,0.000000
1708693824333207687,0.000000,0.000000,1.000000,0.000000
1708693824433294275,0.000000,0.000000,1.000000,0.000000
1708693824533385993,0.000000,0.000000,1.000000,0.000000
1708693824633458947,0.000000,0.000000,1.000000,0.000000
1708693824733563475,0.000000,0.000000,1.000000,0.000000
1708693824833660754,0.000000,0.000000,1.000000,0.000000
1708693824933712756,0.000000,0.000000,1.000000,0.000000
1708693825033798505,0.000000,0.000000,1.000000,0.000000
1708693825133844209,0.000000,0.000000,1.000000,0.000000
1708693825233913063,0.000000,0.000000,1.000000,0.000000
1708693825334021829,0.000000,0.000000,1.000000,0.000000
1708693825434119405,0.000000,0.000000,1.000000,0.000000
1708693825534215406,0.000000,0.000000,1.000000,0.000000
1708693825634252490,0.000000,0.000000,1.000000,0.000000
1708693825734308262,0.000000,0.000000,1.000000,0.000000
1708693825834372967,0.000000,0.000000,1.000000,0.000000
1708693825934486456,0.000000,0.000000,1.000000,0.000000
1708693826034509705,0.000000,0.000000,1.000000,0.000000
1708693826134578250,0.000000,0.000000,1.000000,0.000000
1708693826234647614,0.000000,0.000000,1.000000,0.000000
1708693826334716444,0.000000,0.000000,1.000000,0.000000
1708693826434780859,0.000000,0.000000,1.000000,0.000000
1708693826534849839,0.000000,0.000000,1.000000,0.000000
1708693826634939753,0.000000,0.000000,1.000000,0.000000
1708693826735058772,0.000000,0.000000,1.000000,0.000000
1708693826835125969,0.000000,0.000000,1.000000,0.000000
1708693826935225064,0.000000,0.000000,1.000000,0.000000
1708693827035322890,0.000000,0.000000,1.000000,0.000000
1708693827135391824,0.000000,0.000000,1.000000,0.000000
1708693827235455927,0.000000,0.000000,1.000000,0.000000
1708693827335558786,0.000000,0.000000,1.000000,0.000000
1708693827435656789,0.000000,0.000000,1.000000,0.000000
1708693827535744289,0.000000,0.000000,1.000000,0.000000
1708693827635874778,0.000000,0.000000,1.000000,0.000000
1708693827735970478,0.000000,0.000000,1.000000,0.000000
1708693827836076081,0.000000,0.000000,1.000000,0.000000
1708693827936171123,0.000000,0.000000,1.000000,0.000000
1708693828036271745,0.000000,0.050000,0.950000,0.000000
1708693828136367845,0.000000,0.000000,1.000000,0.000000
1708693828236466249,0.000000,0.000000,1.000000,0.000000
1708693828336562328,0.000000,0.000000,1.000000,0.000000
1708693828436671512,0.000000,0.000000,1.000000,0.000000
1708693828536797004,0.000000,0.000000,1.000000,0.000000
1708693828636842669,0.000000,0.000000,1.000000,0.000000
1708693828736924703,0.000000,0.000000,1.000000,0.000000
1708693828836966591,0.000000,0.000000,1.000000,0.000000
1708693828937054567,0.000000,0.000000,1.000000,0.000000
1708693829037157157,0.000000,0.000000,1.000000,0.000000
1708693829137265038,0.000000,0.000000,1.000000,0.000000
1708693829237303728,0.000000,0.000000,1.000000,0.000000
1708693829337385322,0.000000,0.000000,1.000000,0.000000
1708693829437437904,0.000000,0.000000,1.000000,0.000000
1708693829537550517,0.000000,0.000000,1.000000,0.000000
1708693829637648854,0.000000,0.000000,1.000000,0.000000
1708693829737745083,0.000000,0.000000,1.000000,0.000000
1708693829837804169,0.000000,0.000000,1.000000,0.000000
1708693829937925227,0.000000,0.000000,1.000000,0.000000
1708693830037993239,0.000000,0.000000,1.000000,0.000000
1708693830138107308,0.250000,0.250000,0.500000,0.000000
1708693830238214379,0.500000,0.444444,0.055556,0.000000
1708693830340106139,0.437500,0.562500,0.000000,0.000000
1708693830439836402,0.368421,0.578947,0.052632,0.000000
1708693830539861979,0.619048,0.380952,0.000000,0.000000
1708693830640023389,0.578947,0.421053,0.000000,0.000000
1708693830740139631,0.550000,0.450000,0.000000,0.000000
1708693830840255870,0.750000,0.250000,0.000000,0.000000
1708693830940390227,0.761905,0.238095,0.000000,0.000000
1708693831040514430,0.736842,0.263158,0.000000,0.000000
1708693831140641052,0.800000,0.200000,0.000000,0.000000
1708693831240790787,0.904762,0.095238,0.000000,0.000000
1708693831340894653,0.900000,0.100000,0.000000,0.000000
1708693831441013926,0.809524,0.190476,0.000000,0.000000
1708693831541135891,0.947368,0.052632,0.000000,0.000000
1708693831641260318,0.800000,0.150000,0.050000,0.000000
1708693831741363388,0.052632,0.105263,0.842105,0.000000
1708693831841469201,0.000000,0.000000,1.000000,0.000000
1708693831941570907,0.105263,0.000000,0.894737,0.000000
1708693832041665666,0.350000,0.100000,0.550000,0.000000
1708693832141794506,0.400000,0.533333,0.066667,0.000000
1708693832241878627,0.578947,0.368421,0.052632,0.000000
1708693832346470481,0.650000,0.300000,0.050000,0.000000
1708693832445129517,0.600000,0.350000,0.050000,0.000000
1708693832545263140,0.700000,0.300000,0.000000,0.000000
1708693832645398791,0.650000,0.350000,0.000000,0.000000
1708693832745486939,0.842105,0.157895,0.000000,0.000000
1708693832845640935,0.904762,0.095238,0.000000,0.000000
1708693832945770053,0.947368,0.052632,0.000000,0.000000
1708693833045914114,0.857143,0.142857,0.000000,0.000000
1708693833146050610,0.800000,0.200000,0.000000,0.000000
1708693833246136833,0.842105,0.157895,0.000000,0.000000
1708693833346250765,0.421053,0.157895,0.421053,0.000000
1708693833446284756,0.000000,0.052632,0.947368,0.000000
1708693833546520854,0.000000,0.000000,1.000000,0.000000
1708693833646521230,0.000000,0.000000,1.000000,0.000000
1708693833746760383,0.000000,0.000000,1.000000,0.000000
