Time,User,Kernel,Idle,IoWait
1708615147272203989,0.008607,0.001565,0.989828,0.000000
1708615147372414172,0.000780,0.000000,0.999220,0.000000
1708615147472755693,0.002349,0.007831,0.989820,0.000000
1708615147572942354,0.002353,0.009412,0.988235,0.000000
1708615147673283198,0.008600,0.010946,0.980453,0.000000
1708615147773386387,0.007053,0.005486,0.987461,0.000000
1708615147873646711,0.007843,0.011765,0.980392,0.000000
1708615147974081298,0.005460,0.006240,0.988300,0.000000
1708615148074173227,0.006270,0.003135,0.990596,0.000000
1708615148174340300,0.008607,0.012520,0.978873,0.000000
1708615148274528228,0.033794,0.084485,0.881720,0.000000
1708615148374734198,0.061417,0.063780,0.874803,0.000000
1708615148475093423,0.075793,0.081206,0.843001,0.001547
1708615148575649124,0.122821,0.135499,0.741680,0.003962
1708615148675686722,0.071038,0.041374,0.887588,0.002342
1708615148775886193,0.016419,0.039875,0.943706,0.003127
1708615148876091980,0.015055,0.024564,0.960380,0.006339
1708615148976300925,0.007849,0.021193,0.970958,0.001570
1708615149076510125,0.020265,0.017927,0.961808,0.000779
1708615149176663231,0.048338,0.145015,0.806647,0.001511
1708615149276847411,0.091972,0.183164,0.724864,0.002338
1708615149388135102,0.190578,0.247680,0.561742,0.004283
1708615149484739008,0.226172,0.201967,0.571861,0.004539
1708615149584993198,0.140180,0.182159,0.677661,0.005247
1708615149685153659,0.094985,0.107143,0.797872,0.003799
1708615149785369875,0.012658,0.022152,0.965190,0.003956
1708615149885687918,0.008661,0.009449,0.981890,0.005512
1708615149985860695,0.032132,0.030564,0.937304,0.002351
1708615150086073044,0.047982,0.155369,0.796649,0.001523
1708615150186353016,0.075400,0.303123,0.621478,0.004570
1708615150286603612,0.204428,0.219926,0.575646,0.004428
1708615150386811506,0.185567,0.229976,0.584457,0.004758
1708615150487117545,0.092344,0.093923,0.813733,0.005525
1708615150587265222,0.190923,0.270736,0.538341,0.003130
1708615150687448547,0.143969,0.251362,0.604669,0.003113
1708615150787689020,0.080121,0.108844,0.811036,0.006803
1708615150887861410,0.026984,0.039683,0.933333,0.003968
1708615150988217506,0.041569,0.043922,0.914510,0.000000
1708615151088385612,0.090253,0.237545,0.672202,0.000000
1708615151188668673,0.170487,0.277221,0.552292,0.000000
1708615151288879416,0.257611,0.258392,0.483997,0.000000
1708615151389341604,0.271882,0.337723,0.390395,0.000000
1708615151489574705,0.264321,0.257774,0.477905,0.000000
1708615151589740514,0.121044,0.094937,0.784019,0.000000
1708615151689911810,0.037750,0.075501,0.886749,0.000000
1708615151790162167,0.008614,0.016445,0.974941,0.000000
1708615151890376926,0.027344,0.039062,0.933594,0.000000
1708615151990575165,0.069678,0.155436,0.774885,0.000000
1708615152090839055,0.101866,0.108087,0.790047,0.000000
1708615152193062237,0.142292,0.337549,0.520158,0.000000
1708615152292671518,0.246743,0.297318,0.455939,0.000000
1708615152392868384,0.211161,0.243590,0.545249,0.000000
1708615152493035462,0.044788,0.088031,0.867181,0.000000
1708615152593229600,0.116691,0.186854,0.696455,0.000000
1708615152693909416,0.071540,0.051322,0.877138,0.000000
1708615152793927729,0.042959,0.052506,0.904535,0.000000
1708615152894322556,0.039185,0.036050,0.924765,0.000000
1708615152994991745,0.092430,0.100398,0.807171,0.000000
1708615153095824298,0.200601,0.280992,0.518407,0.000000
1708615153195809618,0.289536,0.350905,0.359559,0.000000
1708615153296104666,0.311647,0.400803,0.287550,0.000000
1708615153396439024,0.283699,0.438871,0.277429,0.000000
1708615153496728434,0.362519,0.364823,0.272657,0.000000
1708615153596988682,0.418874,0.234272,0.346854,0.000000
1708615153697659603,0.342002,0.190701,0.467297,0.000000
1708615153797738022,0.054628,0.203338,0.742033,0.000000
1708615153898020611,0.104199,0.072317,0.823484,0.000000
1708615153998287519,0.004669,0.006226,0.989105,0.000000
1708615154098721151,0.010769,0.036923,0.952308,0.000000
1708615154198822768,0.012308,0.105385,0.882308,0.000000
1708615154299034688,0.031722,0.078550,0.889728,0.000000
1708615154399236389,0.014019,0.013240,0.972741,0.000000
1708615154499425935,0.003037,0.040243,0.956720,0.000000
1708615154599588494,0.000000,0.003127,0.996873,0.000000
1708615154699738606,0.000781,0.004687,0.994531,0.000000
1708615154799889149,0.000000,0.003125,0.996875,0.000000
1708615154900040198,0.000780,0.004680,0.994540,0.000000
1708615155000208542,0.000000,0.003900,0.996100,0.000000
1708615155100355025,0.000000,0.002344,0.997656,0.000000
1708615155200504339,0.000000,0.001563,0.998437,0.000000
1708615155300654387,0.000781,0.001561,0.997658,0.000000
1708615155400804995,0.000000,0.001561,0.998439,0.000000
1708615155500955311,0.000000,0.001561,0.998439,0.000000
1708615155601101447,0.000000,0.001560,0.998440,0.000000
1708615155701317798,0.000000,0.000781,0.999219,0.000000
1708615155801440194,0.000000,0.000000,1.000000,0.000000
1708615155901584253,0.000000,0.000782,0.999218,0.000000
1708615156001729872,0.000000,0.000781,0.999219,0.000781
1708615156101871462,0.000782,0.000782,0.998436,0.000782
1708615156202012374,0.000000,0.000782,0.999218,0.000782
1708615156302157197,0.000000,0.001563,0.998437,0.000781
1708615156402298970,0.000000,0.000000,1.000000,0.000000
1708615156502443151,0.000781,0.000000,0.999219,0.000000
1708615156602593528,0.000000,0.000000,1.000000,0.000000
1708615156702728916,0.000000,0.000781,0.999219,0.000000
1708615156802883319,0.000000,0.000000,1.000000,0.000000
1708615156903022016,0.000000,0.000781,0.999219,0.000000
1708615157003162483,0.000000,0.000000,1.000000,0.000000
1708615157103302438,0.000781,0.000000,0.999219,0.000000
1708615157203444434,0.000000,0.000781,0.999219,0.000000
1708615157303585196,0.000000,0.000000,1.000000,0.000000
1708615157403724298,0.000781,0.000000,0.999219,0.000000
1708615157504056454,0.002259,0.044428,0.953313,0.000000
1708615157604211744,0.005473,0.004691,0.989836,0.000000
1708615157704353084,0.008587,0.005464,0.985948,0.000000
1708615157804486744,0.027460,0.106026,0.866514,0.000000
1708615157904794787,0.044684,0.046995,0.908320,0.000000
1708615158004958613,0.036523,0.130022,0.833455,0.000000
1708615158105187227,0.047909,0.033460,0.918631,0.000000
1708615158205421658,0.003802,0.039544,0.956654,0.000000
1708615158305614807,0.002338,0.003118,0.994544,0.000000
1708615158405965129,0.038705,0.085308,0.875987,0.000000
1708615158506197359,0.060487,0.060487,0.879026,0.000000
1708615158606314549,0.033413,0.035800,0.930788,0.000000
1708615158706555862,0.019639,0.026709,0.953653,0.000000
1708615158806809134,0.018809,0.015674,0.965517,0.000000
1708615158906982093,0.087774,0.031348,0.880878,0.000000
1708615159007239784,0.101852,0.037809,0.860340,0.000000
1708615159108114546,0.246859,0.070214,0.682927,0.000000
1708615159208748323,0.038162,0.038941,0.922897,0.000000
1708615159308732486,0.101931,0.048649,0.849421,0.000000
1708615159408954007,0.054688,0.102344,0.842969,0.000000
1708615159509147044,0.103803,0.158479,0.737718,0.000000
1708615159609877479,0.073111,0.094232,0.832656,0.000000
1708615159710209685,0.045777,0.055249,0.898974,0.000000
1708615159810300769,0.073495,0.060985,0.865520,0.000000
1708615159918846323,0.258112,0.084071,0.657817,0.000000
1708615160016665137,0.452075,0.178113,0.369811,0.000000
1708615160116957794,0.376506,0.131777,0.491717,0.000000
1708615160217328142,0.269434,0.108679,0.621887,0.000000
1708615160317560069,0.207547,0.055878,0.736575,0.000000
1708615160417937820,0.012167,0.070722,0.917110,0.000000
1708615160518126187,0.068075,0.012520,0.919405,0.000000
1708615160618510006,0.064935,0.105519,0.829545,0.000000
1708615160718717310,0.058916,0.077769,0.863315,0.000000
1708615160819046896,0.198431,0.142745,0.658824,0.000000
1708615160919212260,0.438228,0.184149,0.377622,0.000000
1708615161019580722,0.637285,0.182527,0.180187,0.000000
1708615161120274679,0.759464,0.137224,0.103312,0.000000
1708615161220644878,0.687117,0.159509,0.153374,0.000000
1708615161320963067,0.448109,0.152051,0.399839,0.000000
1708615161421621893,0.044364,0.237091,0.718545,0.000000
1708615161521691245,0.076744,0.040310,0.882946,0.000000
1708615161621929556,0.086957,0.083675,0.829368,0.000000
1708615161722144278,0.057662,0.081359,0.860979,0.000000
1708615161822487517,0.179267,0.159782,0.660951,0.000000
1708615161922728389,0.401239,0.205267,0.393493,0.000000
1708615162024136365,0.652918,0.195331,0.151751,0.000000
1708615162124306663,0.724409,0.188976,0.086614,0.000000
1708615162224688956,0.760703,0.167431,0.071865,0.000000
1708615162325124167,0.662287,0.174652,0.163060,0.000000
1708615162425490130,0.390547,0.192371,0.417081,0.000000
1708615162525662901,0.098201,0.249625,0.652174,0.000000
1708615162625812273,0.015649,0.064163,0.920188,0.000000
1708615162726046350,0.004684,0.003123,0.992194,0.000000
1708615162826533191,0.075637,0.145701,0.778662,0.000000
1708615162926584906,0.023753,0.018211,0.958036,0.000000
1708615163026780355,0.011792,0.018082,0.970126,0.000000
1708615163127010276,0.020328,0.014073,0.965598,0.000000
1708615163227191244,0.166409,0.017802,0.815789,0.000000
1708615163327576667,0.015020,0.019763,0.965217,0.000000
1708615163427727454,0.009382,0.012510,0.978108,0.000000
1708615163527922434,0.089412,0.007843,0.902745,0.000000
1708615163628105426,0.003897,0.010912,0.985191,0.000000
1708615163728275322,0.000780,0.003120,0.996100,0.000000
1708615163828427503,0.082353,0.197647,0.720000,0.000000
1708615163928642315,0.159643,0.075365,0.764992,0.000000
1708615164028936464,0.088962,0.108731,0.802306,0.000000
1708615164129120300,0.109546,0.082160,0.808294,0.000000
1708615164229344821,0.182527,0.131825,0.685647,0.000000
1708615164329708867,0.626947,0.145639,0.227414,0.000000
1708615164439754036,0.777452,0.104685,0.117862,0.000000
1708615164537189961,0.667737,0.097111,0.235152,0.000000
1708615164637880651,0.678098,0.107560,0.214341,0.000000
1708615164738002935,0.156947,0.203024,0.640029,0.000000
1708615164838103303,0.021028,0.045171,0.933801,0.000000
1708615164938271078,0.150407,0.088618,0.760976,0.000000
1708615165038613561,0.139724,0.151097,0.709180,0.000000
1708615165139168996,0.213166,0.209248,0.577586,0.000000
1708615165239433870,0.445584,0.232650,0.321767,0.000000
1708615165340119698,0.682067,0.224745,0.093187,0.000000
1708615165440658830,0.828788,0.150758,0.020455,0.000000
1708615165541227671,0.900936,0.093604,0.005460,0.000000
1708615165641873544,0.796016,0.142629,0.061355,0.000000
1708615165742288771,0.616000,0.195200,0.188800,0.000000
1708615165842456151,0.137255,0.305098,0.557647,0.000000
1708615165942615130,0.162141,0.099042,0.738818,0.000000
1708615166042912771,0.069157,0.094595,0.836248,0.000000
1708615166143073409,0.145882,0.118431,0.735686,0.000000
1708615166243343255,0.365625,0.156250,0.478125,0.000000
1708615166351871233,0.601872,0.145428,0.252700,0.000000
1708615166449802988,0.823113,0.116352,0.060535,0.000000
1708615166550086195,0.562305,0.106698,0.330997,0.000000
1708615166650264124,0.027603,0.198738,0.773659,0.000789
1708615166750454460,0.007042,0.039124,0.953834,0.004695
1708615166850619975,0.033938,0.042620,0.923441,0.000789
1708615166950982608,0.061815,0.104851,0.833333,0.002347
1708615167051088500,0.026108,0.025316,0.948576,0.000000
1708615167151282624,0.023641,0.037037,0.939322,0.000000
1708615167251462251,0.112324,0.021061,0.866615,0.000000
1708615167351695300,0.089914,0.048475,0.861611,0.000000
1708615167451873471,0.034783,0.028458,0.936759,0.000000
1708615167552098917,0.213115,0.029664,0.757221,0.000000
1708615167652369388,0.301205,0.042922,0.655873,0.000000
1708615167752624859,0.010794,0.052429,0.936777,0.000000
1708615167852756236,0.008359,0.053191,0.938450,0.000000
1708615167952919908,0.137302,0.196032,0.666667,0.000000
1708615168053093697,0.135181,0.111671,0.753149,0.000000
1708615168153366263,0.098979,0.097408,0.803614,0.000000
1708615168253538866,0.167707,0.121685,0.710608,0.000000
1708615168363701232,0.533668,0.107450,0.358883,0.000000
1708615168472278934,0.892387,0.077599,0.030015,0.000000
1708615168569044503,0.633803,0.053208,0.312989,0.000000
1708615168669125796,0.112654,0.148920,0.738426,0.000000
1708615168769340547,0.007746,0.061193,0.931061,0.000000
1708615168869765349,0.002342,0.007806,0.989852,0.000000
1708615168969806219,0.110762,0.027494,0.861744,0.000000
1708615169070048304,0.118289,0.147651,0.734060,0.000000
1708615169170282928,0.165361,0.173197,0.661442,0.000000
1708615169270714891,0.348819,0.214173,0.437008,0.000000
1708615169371069723,0.600784,0.209412,0.189804,0.000000
1708615169478986941,0.861091,0.132364,0.006545,0.000000
1708615169584515326,0.890555,0.101199,0.008246,0.000000
1708615169682696236,0.887850,0.077882,0.034268,0.000000
1708615169783082275,0.422901,0.161069,0.416031,0.000000
1708615169883372518,0.029475,0.259526,0.710999,0.000000
1708615169983448832,0.055469,0.038281,0.906250,0.000000
1708615170083644047,0.096138,0.097781,0.806081,0.000000
1708615170184067308,0.131186,0.106834,0.761980,0.000000
1708615170284285809,0.282859,0.156034,0.561107,0.000000
1708615170384951877,0.647612,0.151919,0.200470,0.000000
1708615170485409324,0.847179,0.126176,0.026646,0.000000
1708615170585936713,0.689818,0.126283,0.183899,0.000000
1708615170686691692,0.536140,0.134234,0.329627,0.000000
1708615170787184905,0.085090,0.148322,0.766589,0.000000
1708615170887305142,0.003115,0.018692,0.978193,0.000000
1708615170987737987,0.000000,0.003118,0.996882,0.000000
1708615171088090064,0.000778,0.003888,0.995334,0.000000
1708615171188413678,0.000000,0.001560,0.998440,0.000000
1708615171288564577,0.000779,0.003118,0.996103,0.000000
1708615171388996983,0.000780,0.001560,0.997660,0.000000
1708615171489308923,0.000780,0.001560,0.997660,0.000000
1708615171589445270,0.000000,0.003900,0.996100,0.000000
1708615171689814890,0.000780,0.003120,0.996100,0.000000
1708615171789935896,0.000000,0.004687,0.995313,0.000000
1708615171890120188,0.001559,0.003118,0.995323,0.000000
1708615171990328895,0.000781,0.002342,0.996877,0.000000
1708615172090758603,0.000778,0.003113,0.996109,0.000000
1708615172191109319,0.000000,0.001559,0.998441,0.000000
1708615172291463454,0.000000,0.001560,0.998440,0.000000
1708615172391819020,0.000779,0.000000,0.999221,0.000000
1708615172492215691,0.000000,0.000779,0.999221,0.000000
1708615172592582496,0.000778,0.000778,0.998444,0.000000
1708615172692874283,0.000000,0.000000,1.000000,0.000000
1708615172793186606,0.000000,0.000000,1.000000,0.000000
1708615172893277539,0.000000,0.000000,1.000000,0.000000
1708615172993733167,0.000000,0.000000,1.000000,0.000000
1708615173094079162,0.000000,0.000000,1.000000,0.000000
1708615173194432538,0.000000,0.000000,1.000000,0.000000
1708615173294783795,0.000000,0.000000,1.000000,0.000000
1708615173395138319,0.000000,0.000000,1.000000,0.000000
1708615173495490991,0.000000,0.000000,1.000000,0.000000
1708615173595788560,0.004680,0.001560,0.993760,0.000000
1708615173695901543,0.007812,0.004687,0.987500,0.000000
1708615173796177939,0.075722,0.009368,0.914910,0.000000
1708615173896448493,0.000772,0.023920,0.975309,0.000000
1708615173996534765,0.007020,0.004680,0.988300,0.000000
1708615174096716476,0.065863,0.134137,0.800000,0.000000
1708615174197108824,0.029968,0.015773,0.954259,0.000000
1708615174297259233,0.025177,0.036192,0.938631,0.000000
1708615174397710845,0.054602,0.023401,0.921997,0.000000
1708615174498041180,0.304070,0.038308,0.657622,0.000000
1708615174598239879,0.075617,0.028549,0.895833,0.000000
1708615174698508041,0.099194,0.041935,0.858871,0.000000
1708615174799043482,0.273692,0.050796,0.675512,0.000000
1708615174899159083,0.190923,0.027387,0.781690,0.000000
1708615174999791461,0.098570,0.025583,0.875847,0.000000
1708615175099823851,0.080275,0.207187,0.712538,0.000000
1708615175199991146,0.120550,0.050971,0.828479,0.000000
1708615175300313547,0.113284,0.119804,0.766911,0.000000
1708615175400584850,0.147947,0.136328,0.715724,0.000000
1708615175500745783,0.226845,0.105181,0.667975,0.000000
1708615175600987457,0.776737,0.115535,0.107728,0.000000
1708615175701826860,0.895231,0.100078,0.004691,0.000000
1708615175802275392,0.385306,0.058776,0.555918,0.000000
1708615175902334735,0.194260,0.225166,0.580574,0.000000
1708615176002569612,0.011839,0.031571,0.956590,0.000000
1708615176102950233,0.015540,0.027972,0.956488,0.000000
1708615176203029674,0.176713,0.099092,0.724195,0.000000
1708615176303410084,0.128954,0.153285,0.717762,0.000000
1708615176403608474,0.228235,0.210980,0.560784,0.000000
1708615176503930519,0.374803,0.215748,0.409449,0.000000
1708615176604553838,0.736922,0.163760,0.099318,0.000000
1708615176722281257,0.898955,0.097561,0.003484,0.000000
1708615176817104159,0.918175,0.075531,0.006294,0.000000
1708615176917912025,0.851097,0.086207,0.062696,0.000000
1708615177018067674,0.200663,0.177446,0.621891,0.000000
1708615177118462230,0.100156,0.197183,0.702660,0.000000
1708615177218777254,0.064341,0.069767,0.865891,0.000000
1708615177319022291,0.074400,0.078400,0.847200,0.000000
1708615177419463584,0.146990,0.107897,0.745113,0.000000
1708615177519680922,0.355243,0.109546,0.535211,0.000000
1708615177620427163,0.757045,0.097487,0.145468,0.000000
1708615177730056024,0.737397,0.069977,0.192626,0.000000
1708615177827502198,0.327782,0.122634,0.549584,0.000000
1708615177927661770,0.021127,0.140063,0.838811,0.000000
1708615178027794668,0.001554,0.013986,0.984460,0.000000
1708615178127956144,0.000782,0.003127,0.996091,0.000000
