Time,User,Kernel,Idle,IoWait
1708693814713906686,0.105263,0.000000,0.894737,0.000000
1708693814813969035,0.300000,0.050000,0.650000,0.000000
1708693814914034782,0.062500,0.000000,0.937500,0.000000
1708693815014141412,0.235294,0.176471,0.588235,0.000000
1708693815114270169,0.071429,0.142857,0.785714,0.000000
1708693815214381845,0.052632,0.105263,0.842105,0.000000
1708693815314488846,0.157895,0.157895,0.684211,0.000000
1708693815414586695,0.700000,0.250000,0.050000,0.000000
1708693815514717308,0.750000,0.250000,0.000000,0.000000
1708693815614797413,0.526316,0.315789,0.157895,0.000000
1708693815714884569,0.714286,0.238095,0.047619,0.000000
1708693815815034268,0.842105,0.157895,0.000000,0.000000
1708693815915110959,0.900000,0.100000,0.000000,0.000000
1708693816015204661,0.750000,0.250000,0.000000,0.000000
1708693816115344997,0.850000,0.150000,0.000000,0.000000
1708693816215466855,0.700000,0.250000,0.050000,0.000000
1708693816315517552,0.900000,0.100000,0.000000,0.000000
1708693816415615064,0.736842,0.210526,0.052632,0.000000
1708693816515693174,0.210526,0.052632,0.736842,0.000000
1708693816615793703,0.000000,0.000000,1.000000,0.000000
1708693816715906246,0.000000,0.000000,1.000000,0.000000
1708693816816001835,0.000000,0.000000,1.000000,0.000000
1708693816916046740,0.000000,0.000000,1.000000,0.000000
1708693817016152992,0.000000,0.050000,0.950000,0.000000
1708693817116181279,0.000000,0.050000,0.950000,0.000000
1708693817216256123,0.277778,0.000000,0.722222,0.000000
1708693817316359154,0.444444,0.222222,0.333333,0.000000
1708693817416524733,0.125000,0.250000,0.625000,0.000000
1708693817516623235,0.300000,0.400000,0.300000,0.000000
1708693817616689463,0.500000,0.350000,0.150000,0.000000
1708693817716833747,0.600000,0.400000,0.000000,0.000000
1708693817816964645,0.500000,0.450000,0.050000,0.000000
1708693817917065672,0.600000,0.300000,0.100000,0.000000
1708693818017178203,0.789474,0.210526,0.000000,0.000000
1708693818117247306,0.809524,0.190476,0.000000,0.000000
1708693818217372413,0.842105,0.157895,0.000000,0.000000
1708693818317504620,0.904762,0.095238,0.000000,0.000000
1708693818421331840,0.900000,0.100000,0.000000,0.000000
1708693818520187520,0.850000,0.150000,0.000000,0.000000
1708693818620273597,0.684211,0.210526,0.105263,0.000000
1708693818720363522,0.000000,0.052632,0.947368,0.000000
1708693818820428209,0.000000,0.000000,1.000000,0.000000
1708693818920440661,0.050000,0.000000,0.950000,0.000000
1708693819020545095,0.000000,0.050000,0.950000,0.000000
1708693819120642822,0.210526,0.105263,0.684211,0.000000
1708693819220740958,0.562500,0.250000,0.187500,0.000000
1708693819320842669,0.235294,0.352941,0.411765,0.000000
1708693819420963700,0.473684,0.368421,0.157895,0.000000
1708693819521097788,0.619048,0.333333,0.047619,0.000000
1708693819621145723,0.578947,0.368421,0.052632,0.000000
1708693819721231594,0.714286,0.285714,0.000000,0.000000
1708693819821335895,0.684211,0.263158,0.052632,0.000000
1708693819921432786,0.900000,0.100000,0.000000,0.000000
1708693820021523284,0.809524,0.190476,0.000000,0.000000
1708693820121621936,0.736842,0.263158,0.000000,0.000000
1708693820221712968,0.900000,0.100000,0.000000,0.000000
1708693820321751046,0.950000,0.050000,0.000000,0.000000
1708693820421839228,0.736842,0.157895,0.105263,0.000000
1708693820521871992,0.157895,0.105263,0.736842,0.000000
1708693820621961959,0.000000,0.000000,1.000000,0.000000
1708693820721998489,0.000000,0.000000,1.000000,0.000000
1708693820822083830,0.000000,0.000000,1.000000,0.000000
1708693820922149458,0.000000,0.050000,0.950000,0.000000
1708693821022221998,0.000000,0.000000,1.000000,0.000000
1708693821122289466,0.000000,0.000000,1.000000,0.000000
1708693821222328618,0.000000,0.000000,1.000000,0.000000
1708693821322414567,0.000000,0.000000,1.000000,0.000000
1708693821422483284,0.000000,0.000000,1.000000,0.000000
1708693821522537366,0.000000,0.000000,1.000000,0.000000
1708693821622617984,0.000000,0.000000,1.000000,0.000000
1708693821722665975,0.000000,0.000000,1.000000,0.000000
1708693821822747168,0.000000,0.000000,1.000000,0.000000
1708693821922816128,0.000000,0.000000,1.000000,0.000000
1708693822022881967,0.000000,0.000000,1.000000,0.000000
1708693822122952499,0.000000,0.000000,1.000000,0.000000
1708693822223007763,0.000000,0.000000,1.000000,0.000000
1708693822323086395,0.000000,0.000000,1.000000,0.000000
1708693822423140449,0.000000,0.000000,1.000000,0.000000
1708693822523222054,0.000000,0.000000,1.000000,0.000000
1708693822623255233,0.000000,0.000000,1.000000,0.000000
1708693822723345683,0.000000,0.000000,1.000000,0.000000
1708693822823416754,0.000000,0.000000,1.000000,0.000000
1708693822923475963,0.000000,0.000000,1.000000,0.000000
1708693823023543276,0.000000,0.000000,1.000000,0.000000
1708693823123622776,0.000000,0.000000,1.000000,0.000000
1708693823223692952,0.000000,0.000000,1.000000,0.000000
1708693823323755958,0.000000,0.000000,1.000000,0.000000
1708693823423831338,0.000000,0.000000,1.000000,0.000000
1708693823523875338,0.000000,0.000000,1.000000,0.000000
1708693823623955025,0.000000,0.000000,1.000000,0.000000
1708693823724021453,0.000000,0.050000,0.950000,0.000000
1708693823824115013,0.000000,0.000000,1.000000,0.000000
1708693823924183112,0.000000,0.000000,1.000000,0.000000
1708693824024258819,0.000000,0.000000,1.000000,0.000000
1708693824124320906,0.000000,0.000000,1.000000,0.000000
1708693824224394376,0.000000,0.000000,1.000000,0.000000
1708693824324455271,0.000000,0.000000,1.000000,0.000000
1708693824424536322,0.000000,0.000000,1.000000,0.000000
1708693824524608026,0.000000,0.000000,1.000000,0.000000
1708693824624650100,0.000000,0.000000,1.000000,0.000000
1708693824724734065,0.000000,0.000000,1.000000,0.000000
1708693824824784470,0.000000,0.000000,1.000000,0.000000
1708693824924861358,0.000000,0.000000,1.000000,0.000000
1708693825024924000,0.000000,0.000000,1.000000,0.000000
1708693825124999860,0.000000,0.000000,1.000000,0.000000
1708693825225054609,0.000000,0.000000,1.000000,0.000000
1708693825325133345,0.000000,0.000000,1.000000,0.000000
1708693825425210519,0.000000,0.050000,0.950000,0.000000
1708693825525276153,0.000000,0.000000,1.000000,0.000000
1708693825625321447,0.000000,0.000000,1.000000,0.000000
1708693825725401469,0.000000,0.000000,1.000000,0.000000
1708693825825474294,0.000000,0.000000,1.000000,0.000000
1708693825925542831,0.000000,0.000000,1.000000,0.000000
1708693826025606243,0.000000,0.000000,1.000000,0.000000
1708693826125665547,0.000000,0.000000,1.000000,0.000000
1708693826225740263,0.000000,0.000000,1.000000,0.000000
1708693826325808878,0.000000,0.000000,1.000000,0.000000
1708693826425880324,0.000000,0.000000,1.000000,0.000000
1708693826525948524,0.000000,0.000000,1.000000,0.000000
1708693826625995655,0.000000,0.000000,1.000000,0.000000
1708693826726077691,0.000000,0.000000,1.000000,0.000000
1708693826826146283,0.000000,0.000000,1.000000,0.000000
1708693826926216838,0.000000,0.000000,1.000000,0.000000
1708693827026264914,0.000000,0.000000,1.000000,0.000000
1708693827126339022,0.000000,0.000000,1.000000,0.000000
1708693827226408916,0.000000,0.000000,1.000000,0.000000
1708693827326477108,0.000000,0.050000,0.950000,0.000000
1708693827426551199,0.000000,0.000000,1.000000,0.000000
1708693827526602514,0.050000,0.000000,0.950000,0.000000
1708693827626673449,0.000000,0.000000,1.000000,0.000000
1708693827726750253,0.000000,0.000000,1.000000,0.000000
1708693827826802507,0.000000,0.000000,1.000000,0.000000
1708693827926881465,0.000000,0.000000,1.000000,0.000000
1708693828026950033,0.000000,0.000000,1.000000,0.000000
1708693828127017476,0.000000,0.000000,1.000000,0.000000
1708693828227073066,0.000000,0.000000,1.000000,0.000000
1708693828327153710,0.000000,0.000000,1.000000,0.000000
1708693828427223685,0.000000,0.000000,1.000000,0.000000
1708693828527279007,0.000000,0.000000,1.000000,0.000000
1708693828627349780,0.000000,0.000000,1.000000,0.000000
1708693828727419935,0.000000,0.000000,1.000000,0.000000
1708693828827476471,0.000000,0.000000,1.000000,0.000000
1708693828927550656,0.000000,0.000000,1.000000,0.000000
1708693829027606421,0.000000,0.000000,1.000000,0.000000
1708693829127687544,0.000000,0.000000,1.000000,0.000000
1708693829227747473,0.000000,0.000000,1.000000,0.000000
1708693829327822342,0.000000,0.000000,1.000000,0.000000
1708693829427891463,0.000000,0.000000,1.000000,0.000000
1708693829527961363,0.000000,0.000000,1.000000,0.000000
1708693829628007427,0.000000,0.000000,1.000000,0.000000
1708693829728031300,0.000000,0.000000,1.000000,0.000000
1708693829828121483,0.000000,0.000000,1.000000,0.000000
1708693829928198926,0.000000,0.000000,1.000000,0.000000
1708693830028260646,0.000000,0.000000,1.000000,0.000000
1708693830128332750,0.176471,0.058824,0.764706,0.000000
1708693830228442910,0.529412,0.294118,0.176471,0.000000
1708693830328538184,0.388889,0.500000,0.111111,0.000000
1708693830428631856,0.578947,0.421053,0.000000,0.000000
1708693830528727675,0.650000,0.300000,0.050000,0.000000
1708693830628826635,0.550000,0.450000,0.000000,0.000000
1708693830728925800,0.650000,0.350000,0.000000,0.000000
1708693830828949858,0.631579,0.315789,0.052632,0.000000
1708693830929064074,0.900000,0.100000,0.000000,0.000000
1708693831029160515,0.904762,0.095238,0.000000,0.000000
1708693831129248560,0.850000,0.150000,0.000000,0.000000
1708693831229344619,0.842105,0.157895,0.000000,0.000000
1708693831329433068,0.904762,0.095238,0.000000,0.000000
1708693831429528333,0.800000,0.100000,0.100000,0.000000
1708693831529619462,0.100000,0.150000,0.750000,0.000000
1708693831629654298,0.000000,0.000000,1.000000,0.000000
1708693831729740366,0.000000,0.000000,1.000000,0.000000
1708693831829803822,0.000000,0.050000,0.950000,0.000000
1708693831929880005,0.055556,0.000000,0.944444,0.000000
1708693832029963061,0.388889,0.055556,0.555556,0.000000
1708693832130016334,0.312500,0.500000,0.187500,0.000000
1708693832230124733,0.631579,0.315789,0.052632,0.000000
1708693832332809701,0.550000,0.450000,0.000000,0.000000
1708693832432022436,0.684211,0.315789,0.000000,0.000000
1708693832532168345,0.714286,0.285714,0.000000,0.000000
1708693832632247307,0.700000,0.300000,0.000000,0.000000
1708693832732345516,0.850000,0.150000,0.000000,0.000000
1708693832832440499,0.800000,0.200000,0.000000,0.000000
1708693832932532280,0.850000,0.150000,0.000000,0.000000
1708693833032625699,0.850000,0.150000,0.000000,0.000000
1708693833132720476,0.950000,0.050000,0.000000,0.000000
1708693833232813782,0.842105,0.105263,0.052632,0.000000
1708693833332912475,0.600000,0.100000,0.300000,0.000000
1708693833432978059,0.105263,0.052632,0.842105,0.000000
1708693833533065557,0.000000,0.050000,0.950000,0.000000
1708693833633066177,0.000000,0.000000,1.000000,0.000000
1708693833733129349,0.000000,0.000000,1.000000,0.000000
1708693833833186533,0.000000,0.000000,1.000000,0.000000
