Time,User,Kernel,Idle,IoWait
1708614723210911487,0.078125,0.043750,0.878125,0.000000
1708614723311009162,0.050157,0.009404,0.940439,0.000000
1708614723411181439,0.144695,0.038585,0.816720,0.000000
1708614723511200359,0.055375,0.061889,0.882736,0.000000
1708614723611390777,0.077441,0.121212,0.801347,0.000000
1708614723711502182,0.038961,0.068182,0.892857,0.000000
1708614723811656396,0.050794,0.082540,0.866667,0.000000
1708614723911906384,0.297468,0.208861,0.493671,0.000000
1708614724012038740,0.544073,0.325228,0.130699,0.000000
1708614724118753951,0.647416,0.291793,0.060790,0.000000
1708614724216761487,0.791667,0.173077,0.035256,0.000000
1708614724316926219,0.796825,0.158730,0.044444,0.000000
1708614724417111488,0.736508,0.184127,0.079365,0.000000
1708614724517264192,0.694268,0.149682,0.156051,0.000000
1708614724617409193,0.531148,0.144262,0.324590,0.000000
1708614724717578229,0.107692,0.150769,0.741538,0.000000
1708614724817651293,0.031546,0.063091,0.905363,0.000000
1708614724917767269,0.028125,0.003125,0.968750,0.000000
1708614725017860221,0.000000,0.003125,0.996875,0.000000
1708614725117937931,0.000000,0.003135,0.996865,0.000000
1708614725218032135,0.006270,0.003135,0.990596,0.000000
1708614725318142520,0.000000,0.003135,0.996865,0.000000
1708614725418219895,0.043210,0.030864,0.925926,0.000000
1708614725518334863,0.003145,0.009434,0.987421,0.000000
1708614725618422548,0.012780,0.022364,0.964856,0.000000
1708614725718539540,0.003195,0.009585,0.987220,0.000000
1708614725818648707,0.003145,0.009434,0.987421,0.000000
1708614725918729024,0.003125,0.018750,0.978125,0.000000
1708614726018867263,0.046875,0.028125,0.925000,0.000000
1708614726119059698,0.168254,0.126984,0.704762,0.000000
1708614726219232049,0.319018,0.165644,0.515337,0.000000
1708614726319406148,0.231975,0.131661,0.636364,0.000000
1708614726419540700,0.179567,0.024768,0.795666,0.000000
1708614726519634213,0.006289,0.003145,0.990566,0.000000
1708614726619735653,0.000000,0.000000,1.000000,0.000000
1708614726719836105,0.000000,0.000000,1.000000,0.000000
1708614726819926572,0.000000,0.000000,1.000000,0.000000
1708614726920013417,0.000000,0.000000,1.000000,0.000000
1708614727020126731,0.000000,0.003125,0.996875,0.000000
1708614727120204601,0.000000,0.000000,1.000000,0.000000
1708614727220293621,0.000000,0.003125,0.996875,0.000000
1708614727320380270,0.000000,0.000000,1.000000,0.000000
1708614727420465477,0.000000,0.003135,0.996865,0.000000
1708614727520553673,0.006192,0.006192,0.987616,0.000000
1708614727620643355,0.000000,0.000000,1.000000,0.000000
1708614727720731366,0.000000,0.000000,1.000000,0.000000
1708614727820819727,0.000000,0.003125,0.996875,0.000000
1708614727920906181,0.000000,0.000000,1.000000,0.000000
1708614728020992755,0.000000,0.003125,0.996875,0.000000
1708614728121081968,0.000000,0.000000,1.000000,0.000000
1708614728221169465,0.003125,0.000000,0.996875,0.000000
1708614728321258021,0.003125,0.000000,0.996875,0.000000
1708614728421347629,0.000000,0.000000,1.000000,0.000000
1708614728521441787,0.000000,0.003125,0.996875,0.000000
1708614728621534445,0.003125,0.000000,0.996875,0.000000
1708614728721620981,0.000000,0.000000,1.000000,0.000000
1708614728821707169,0.000000,0.003115,0.996885,0.000000
1708614728921794019,0.003125,0.000000,0.996875,0.000000
1708614729021885118,0.000000,0.000000,1.000000,0.000000
1708614729121980004,0.000000,0.000000,1.000000,0.000000
1708614729222065247,0.000000,0.000000,1.000000,0.000000
1708614729322152773,0.000000,0.000000,1.000000,0.000000
1708614729422243042,0.006231,0.003115,0.990654,0.000000
1708614729522330879,0.000000,0.000000,1.000000,0.000000
1708614729622418360,0.015723,0.015723,0.968553,0.000000
1708614729722518289,0.037500,0.018750,0.943750,0.000000
1708614729822614925,0.138264,0.073955,0.787781,0.000000
1708614729922721229,0.000000,0.006270,0.993730,0.000000
1708614730022812150,0.000000,0.003135,0.996865,0.000000
1708614730122895045,0.000000,0.000000,1.000000,0.000000
1708614730222979416,0.000000,0.000000,1.000000,0.000000
1708614730323066674,0.000000,0.000000,1.000000,0.000000
1708614730423162225,0.000000,0.000000,1.000000,0.000000
1708614730523250523,0.000000,0.003125,0.996875,0.000000
1708614730623333960,0.000000,0.000000,1.000000,0.000000
1708614730723426366,0.000000,0.000000,1.000000,0.000000
1708614730823514078,0.000000,0.000000,1.000000,0.000000
1708614730923600020,0.000000,0.000000,1.000000,0.000000
1708614731023686311,0.000000,0.000000,1.000000,0.000000
1708614731123771721,0.000000,0.000000,1.000000,0.000000
1708614731223857109,0.000000,0.000000,1.000000,0.000000
1708614731323941314,0.000000,0.003125,0.996875,0.000000
1708614731424030251,0.000000,0.000000,1.000000,0.000000
1708614731524142019,0.000000,0.000000,1.000000,0.000000
1708614731624223781,0.003125,0.000000,0.996875,0.000000
1708614731724307971,0.000000,0.003125,0.996875,0.000000
1708614731824394312,0.003125,0.000000,0.996875,0.000000
1708614731924486343,0.003115,0.003115,0.993769,0.000000
1708614732024576198,0.000000,0.000000,1.000000,0.000000
1708614732124659392,0.000000,0.000000,1.000000,0.000000
1708614732224751376,0.000000,0.000000,1.000000,0.000000
1708614732324837084,0.000000,0.000000,1.000000,0.000000
1708614732424922470,0.000000,0.003125,0.996875,0.000000
1708614732525017835,0.003125,0.000000,0.996875,0.000000
1708614732625102813,0.000000,0.000000,1.000000,0.000000
1708614732725187468,0.000000,0.000000,1.000000,0.000000
1708614732825272175,0.000000,0.000000,1.000000,0.000000
1708614732925357943,0.000000,0.003125,0.996875,0.000000
1708614733025441335,0.000000,0.000000,1.000000,0.000000
1708614733125527474,0.003125,0.000000,0.996875,0.000000
1708614733225614012,0.000000,0.003125,0.996875,0.000000
1708614733325696885,0.003125,0.000000,0.996875,0.000000
1708614733425775498,0.000000,0.000000,1.000000,0.000000
1708614733525860998,0.003135,0.000000,0.996865,0.000000
1708614733625947216,0.003125,0.003125,0.993750,0.000000
1708614733726033259,0.028125,0.021875,0.950000,0.000000
1708614733826161613,0.135135,0.090090,0.774775,0.000000
1708614733926373168,0.063291,0.003165,0.933544,0.000000
1708614734026438775,0.000000,0.027607,0.972393,0.000000
1708614734126529503,0.000000,0.000000,1.000000,0.000000
1708614734226617924,0.000000,0.000000,1.000000,0.000000
1708614734326705503,0.003125,0.000000,0.996875,0.000000
1708614734431319163,0.211656,0.036810,0.751534,0.000000
1708614734530021164,0.272414,0.148276,0.579310,0.000000
1708614734630156033,0.223827,0.270758,0.505415,0.000000
1708614734730326575,0.194175,0.181230,0.624595,0.000000
1708614734830497641,0.554517,0.361371,0.084112,0.000000
1708614734930698484,0.652038,0.332288,0.015674,0.000000
1708614735031705707,0.781250,0.212500,0.006250,0.000000
1708614735131646805,0.878125,0.115625,0.006250,0.000000
1708614735232255749,0.876506,0.120482,0.003012,0.000000
1708614735338015605,0.948795,0.051205,0.000000,0.000000
1708614735436297979,0.857585,0.111455,0.030960,0.000000
1708614735536513361,0.846645,0.083067,0.070288,0.000000
1708614735636698840,0.245223,0.060510,0.694268,0.000000
1708614735736770532,0.006309,0.009464,0.984227,0.000000
1708614735836873917,0.000000,0.003125,0.996875,0.000000
1708614735936966067,0.000000,0.003125,0.996875,0.000000
1708614736037070497,0.000000,0.003145,0.996855,0.000000
1708614736137171483,0.012579,0.015723,0.971698,0.000000
1708614736237289076,0.043478,0.024845,0.931677,0.000000
1708614736337399782,0.228659,0.018293,0.753049,0.000000
1708614736437521689,0.003155,0.009464,0.987382,0.000000
1708614736537631810,0.000000,0.012461,0.987539,0.000000
1708614736637729701,0.000000,0.003135,0.996865,0.000000
1708614736737821205,0.000000,0.003135,0.996865,0.000000
1708614736837912826,0.000000,0.006250,0.993750,0.000000
1708614736938001109,0.000000,0.000000,1.000000,0.000000
1708614737038095936,0.000000,0.003125,0.996875,0.000000
1708614737138192647,0.003125,0.000000,0.996875,0.000000
1708614737238300060,0.000000,0.003125,0.996875,0.000000
1708614737338392749,0.000000,0.000000,1.000000,0.000000
1708614737438480898,0.003125,0.000000,0.996875,0.000000
1708614737538574331,0.000000,0.000000,1.000000,0.000000
1708614737638676110,0.000000,0.003115,0.996885,0.000000
1708614737738761677,0.000000,0.000000,1.000000,0.000000
1708614737838852744,0.000000,0.000000,1.000000,0.000000
1708614737938944273,0.000000,0.000000,1.000000,0.000000
1708614738039040168,0.000000,0.000000,1.000000,0.000000
1708614738139139818,0.000000,0.003125,0.996875,0.000000
1708614738239236606,0.000000,0.000000,1.000000,0.000000
1708614738339328992,0.000000,0.000000,1.000000,0.000000
1708614738439424556,0.000000,0.000000,1.000000,0.000000
1708614738539530607,0.000000,0.000000,1.000000,0.000000
1708614738639634720,0.000000,0.000000,1.000000,0.000000
1708614738739721029,0.000000,0.000000,1.000000,0.000000
1708614738839838312,0.000000,0.003125,0.996875,0.000000
1708614738939932791,0.000000,0.000000,1.000000,0.000000
1708614739040032235,0.003115,0.003115,0.993769,0.000000
1708614739140141653,0.000000,0.000000,1.000000,0.000000
1708614739240229271,0.000000,0.000000,1.000000,0.000000
1708614739340327418,0.000000,0.000000,1.000000,0.000000
1708614739440425342,0.000000,0.000000,1.000000,0.000000
1708614739540523596,0.000000,0.003125,0.996875,0.000000
1708614739640606489,0.000000,0.000000,1.000000,0.000000
1708614739740709006,0.000000,0.000000,1.000000,0.000000
1708614739840799176,0.003125,0.000000,0.996875,0.000000
1708614739940890611,0.000000,0.000000,1.000000,0.000000
1708614740040990327,0.000000,0.000000,1.000000,0.000000
1708614740141077276,0.000000,0.000000,1.000000,0.000000
1708614740241190020,0.000000,0.000000,1.000000,0.000000
1708614740341283845,0.000000,0.000000,1.000000,0.000000
1708614740441363434,0.000000,0.000000,1.000000,0.000000
1708614740541452962,0.000000,0.003125,0.996875,0.000000
1708614740641543649,0.003125,0.000000,0.996875,0.000000
1708614740741629770,0.003125,0.000000,0.996875,0.000000
1708614740841729423,0.000000,0.003115,0.996885,0.000000
1708614740941832752,0.000000,0.000000,1.000000,0.000000
1708614741041929132,0.000000,0.000000,1.000000,0.000000
1708614741142026377,0.000000,0.000000,1.000000,0.000000
1708614741242130112,0.000000,0.000000,1.000000,0.000000
1708614741342231530,0.003115,0.000000,0.996885,0.000000
1708614741442331832,0.000000,0.000000,1.000000,0.000000
1708614741542433734,0.003125,0.000000,0.996875,0.000000
1708614741642528796,0.000000,0.000000,1.000000,0.000000
1708614741742632140,0.000000,0.000000,1.000000,0.000000
1708614741842726415,0.000000,0.000000,1.000000,0.000000
1708614741942830762,0.000000,0.000000,1.000000,0.000000
1708614742042927154,0.000000,0.000000,1.000000,0.000000
1708614742143023224,0.000000,0.000000,1.000000,0.000000
1708614742243118951,0.000000,0.000000,1.000000,0.000000
1708614742343210210,0.000000,0.000000,1.000000,0.000000
1708614742443311007,0.000000,0.003125,0.996875,0.000000
1708614742543413041,0.000000,0.000000,1.000000,0.000000
1708614742643504253,0.000000,0.000000,1.000000,0.000000
1708614742743598695,0.000000,0.000000,1.000000,0.000000
1708614742843698048,0.000000,0.000000,1.000000,0.000000
1708614742943785699,0.000000,0.000000,1.000000,0.000000
1708614743043886655,0.000000,0.000000,1.000000,0.000000
1708614743143976479,0.000000,0.000000,1.000000,0.000000
1708614743244079107,0.003125,0.000000,0.996875,0.000000
1708614743344168033,0.000000,0.000000,1.000000,0.000000
1708614743444263780,0.003125,0.000000,0.996875,0.000000
1708614743544370102,0.000000,0.000000,1.000000,0.000000
1708614743644467423,0.000000,0.000000,1.000000,0.000000
1708614743744570368,0.003125,0.000000,0.996875,0.000000
1708614743844657961,0.000000,0.000000,1.000000,0.000000
1708614743944747416,0.000000,0.000000,1.000000,0.000000
1708614744044841444,0.000000,0.000000,1.000000,0.000000
1708614744144944322,0.003125,0.000000,0.996875,0.000000
1708614744245043247,0.000000,0.000000,1.000000,0.000000
1708614744345141184,0.000000,0.000000,1.000000,0.000000
1708614744445226952,0.021739,0.000000,0.978261,0.000000
1708614744545318955,0.006250,0.015625,0.978125,0.000000
1708614744645408680,0.000000,0.012500,0.987500,0.000000
1708614744745501702,0.018692,0.012461,0.968847,0.000000
1708614744845600991,0.031348,0.021944,0.946708,0.000000
1708614744945699990,0.237805,0.012195,0.750000,0.000000
1708614745045829334,0.003135,0.003135,0.993730,0.000000
1708614745145867736,0.100946,0.037855,0.861199,0.000000
1708614745246016973,0.453608,0.158076,0.388316,0.000000
1708614745346261721,0.290323,0.232975,0.476703,0.000000
1708614745446396043,0.387205,0.303030,0.309764,0.000000
1708614745546609149,0.596875,0.381250,0.021875,0.000000
1708614745646799418,0.676101,0.311321,0.012579,0.000000
1708614745747011592,0.717868,0.266458,0.015674,0.000000
1708614745847222327,0.931250,0.065625,0.003125,0.000000
1708614745947414309,0.880878,0.115987,0.003135,0.000000
1708614746047615826,0.928125,0.068750,0.003125,0.000000
1708614746147829197,0.917981,0.075710,0.006309,0.000000
1708614746248006521,0.936909,0.050473,0.012618,0.000000
1708614746348175610,0.583587,0.158055,0.258359,0.000000
1708614746448251231,0.018927,0.053628,0.927445,0.000000
1708614746548372231,0.006289,0.000000,0.993711,0.000000
1708614746648463512,0.000000,0.003135,0.996865,0.000000
1708614746748563765,0.043614,0.034268,0.922118,0.000000
1708614746848782946,0.398693,0.101307,0.500000,0.000000
1708614746948873866,0.250000,0.250000,0.500000,0.000000
1708614747049056143,0.371134,0.271478,0.357388,0.000000
1708614747149232930,0.690625,0.284375,0.025000,0.000000
1708614747249416884,0.641509,0.345912,0.012579,0.000000
1708614747350633077,0.704403,0.289308,0.006289,0.000000
1708614747462204881,0.858382,0.135838,0.005780,0.000000
1708614747558492480,0.915094,0.075472,0.009434,0.000000
1708614747659495412,0.918750,0.075000,0.006250,0.000000
1708614747762148918,0.936747,0.060241,0.003012,0.000000
1708614747864104850,0.830721,0.134796,0.034483,0.000000
1708614747963359473,0.754717,0.125786,0.119497,0.000000
1708614748063508475,0.144172,0.079755,0.776074,0.000000
1708614748163606292,0.006116,0.036697,0.957187,0.000000
1708614748263719439,0.000000,0.000000,1.000000,0.000000
1708614748363860414,0.041139,0.012658,0.946203,0.000000
1708614748463997019,0.418301,0.084967,0.496732,0.000000
1708614748564165635,0.276596,0.241135,0.482270,0.000000
1708614748664319987,0.350877,0.291228,0.357895,0.000000
1708614748764489062,0.554517,0.417445,0.028037,0.000000
1708614748864695819,0.672956,0.314465,0.012579,0.000000
1708614748964879062,0.650000,0.331250,0.018750,0.000000
1708614749065068914,0.852665,0.137931,0.009404,0.000000
1708614749165254637,0.906542,0.087227,0.006231,0.000000
1708614749265453903,0.934169,0.065831,0.000000,0.000000
1708614749365647494,0.937695,0.056075,0.006231,0.000000
1708614749466433723,0.930599,0.056782,0.012618,0.000000
1708614749566366064,0.720365,0.085106,0.194529,0.000000
1708614749666467233,0.038585,0.090032,0.871383,0.000000
1708614749766579827,0.009346,0.012461,0.978193,0.000000
1708614749866670196,0.000000,0.006270,0.993730,0.000000
1708614749966751031,0.000000,0.009346,0.990654,0.000000
