Time,User,Kernel,Idle,IoWait
1708008649533074306,0.062500,0.000000,0.937500,0.000000
1708008649553181908,0.047619,0.000000,0.952381,0.000000
1708008649573305075,0.046875,0.015625,0.937500,0.000000
1708008649593434383,0.046154,0.015385,0.938462,0.000000
1708008649613576645,0.046875,0.015625,0.937500,0.000000
1708008649633759496,0.047619,0.015873,0.936508,0.000000
1708008649653957417,0.061538,0.000000,0.938462,0.000000
1708008649674139668,0.076923,0.015385,0.907692,0.000000
1708008649694354979,0.153846,0.046154,0.800000,0.000000
1708008649714592700,0.078125,0.031250,0.890625,0.000000
1708008649734836746,0.046875,0.031250,0.921875,0.000000
1708008649755121175,0.095238,0.063492,0.841270,0.000000
1708008649775452188,0.114754,0.065574,0.819672,0.000000
1708008649795798342,0.114754,0.065574,0.819672,0.000000
1708008649816169585,0.095238,0.031746,0.873016,0.000000
1708008649836565874,0.109375,0.078125,0.812500,0.000000
1708008649856505994,0.079365,0.111111,0.809524,0.000000
1708008649877098635,0.169231,0.169231,0.661538,0.000000
1708008649897100267,0.114754,0.098361,0.786885,0.000000
1708008649917227462,0.142857,0.079365,0.777778,0.000000
1708008649937380426,0.203125,0.109375,0.687500,0.000000
1708008649957590973,0.174603,0.079365,0.746032,0.000000
1708008649977802729,0.174603,0.126984,0.698413,0.000000
1708008649998037868,0.174603,0.158730,0.666667,0.000000
1708008650018285230,0.158730,0.095238,0.746032,0.000000
1708008650038550837,0.209677,0.532258,0.258065,0.000000
1708008650058858719,0.508475,0.169492,0.322034,0.000000
1708008650079235127,0.627119,0.101695,0.271186,0.000000
1708008650099576291,0.650000,0.083333,0.266667,0.000000
1708008650119986923,0.465753,0.164384,0.369863,0.000000
1708008650140364118,0.533333,0.116667,0.350000,0.000000
1708008650160851287,0.477612,0.134328,0.388060,0.000000
1708008650181093720,0.174603,0.079365,0.746032,0.000000
1708008650201136479,0.258621,0.155172,0.586207,0.000000
1708008650221312855,0.444444,0.142857,0.412698,0.000000
1708008650241514530,0.561404,0.140351,0.298246,0.000000
1708008650261688498,0.275362,0.217391,0.507246,0.000000
1708008650281977611,0.518987,0.164557,0.316456,0.000000
1708008650348724781,0.107143,0.142857,0.750000,0.000000
1708008650353344578,0.238095,0.142857,0.619048,0.000000
1708008650373543569,0.516129,0.177419,0.306452,0.000000
1708008650393755508,0.454545,0.109091,0.436364,0.000000
1708008650413986101,0.166667,0.116667,0.716667,0.000000
1708008650434210715,0.215385,0.200000,0.584615,0.000000
1708008650454462874,0.391304,0.173913,0.434783,0.000000
1708008650474761356,0.535714,0.089286,0.375000,0.000000
1708008650495051934,0.343750,0.250000,0.406250,0.000000
1708008650515369093,0.457143,0.157143,0.385714,0.000000
1708008650535745969,0.491525,0.135593,0.372881,0.000000
1708008650556153998,0.375000,0.156250,0.468750,0.000000
1708008650576576522,0.265625,0.125000,0.609375,0.000000
1708008650597033735,0.158730,0.079365,0.761905,0.000000
1708008650617023576,0.178082,0.260274,0.561644,0.000000
1708008650637210224,0.228070,0.245614,0.526316,0.000000
1708008650657375090,0.709677,0.161290,0.129032,0.000000
1708008650677585813,0.622951,0.131148,0.245902,0.000000
1708008650697816502,0.623188,0.188406,0.188406,0.000000
1708008650718032421,0.220339,0.169492,0.610169,0.000000
1708008650738247950,0.203125,0.203125,0.593750,0.000000
1708008650758544107,0.126984,0.063492,0.809524,0.000000
1708008650778831609,0.132353,0.441176,0.426471,0.000000
1708008650799171079,0.506329,0.202532,0.291139,0.000000
1708008650819549377,0.676923,0.107692,0.215385,0.000000
1708008650839930220,0.457627,0.135593,0.406780,0.000000
1708008650860347613,0.451613,0.129032,0.419355,0.000000
1708008650880899432,0.257576,0.166667,0.575758,0.000000
1708008650901092223,0.514286,0.114286,0.371429,0.000000
1708008650921215498,0.519231,0.115385,0.365385,0.000000
1708008650941596702,0.205882,0.176471,0.617647,0.000000
1708008650961998209,0.126984,0.063492,0.809524,0.000000
1708008650982151002,0.109375,0.078125,0.812500,0.000000
1708008651002402145,0.098361,0.163934,0.737705,0.000000
1708008651022666259,0.333333,0.175439,0.491228,0.000000
1708008651042995234,0.596774,0.129032,0.274194,0.000000
1708008651063321625,0.220339,0.033898,0.745763,0.000000
1708008651083632608,0.093750,0.078125,0.828125,0.000000
1708008651103974204,0.158730,0.047619,0.793651,0.000000
1708008651124362732,0.290323,0.225806,0.483871,0.000000
1708008651144838507,0.532258,0.145161,0.322581,0.000000
1708008651165098944,0.220588,0.088235,0.691176,0.000000
1708008651186878797,0.095238,0.238095,0.666667,0.000000
1708008651206599816,0.214286,0.196429,0.589286,0.000000
1708008651226915913,0.622951,0.065574,0.311475,0.000000
1708008651247213493,0.309859,0.042254,0.647887,0.000000
1708008651267579915,0.121212,0.090909,0.787879,0.000000
1708008651287957517,0.111111,0.047619,0.841270,0.000000
1708008651308349125,0.171875,0.140625,0.687500,0.000000
1708008651328883391,0.136364,0.136364,0.727273,0.000000
1708008651349072393,0.092308,0.092308,0.815385,0.000000
1708008651369102367,0.092308,0.076923,0.830769,0.000000
1708008651389228980,0.359375,0.421875,0.218750,0.000000
1708008651409460201,0.661538,0.138462,0.200000,0.000000
1708008651429685526,0.180328,0.065574,0.754098,0.000000
1708008651449865351,0.242424,0.090909,0.666667,0.000000
1708008651470093688,0.254237,0.135593,0.610169,0.000000
1708008651490356433,0.484375,0.125000,0.390625,0.000000
1708008651510635425,0.349206,0.253968,0.396825,0.000000
1708008651530949404,0.524590,0.098361,0.377049,0.000000
1708008651551303529,0.413793,0.086207,0.500000,0.000000
1708008651571625246,0.133333,0.050000,0.816667,0.000000
1708008651592015756,0.193548,0.112903,0.693548,0.000000
1708008651612402974,0.123077,0.076923,0.800000,0.000000
1708008651632794309,0.062500,0.046875,0.890625,0.000000
1708008651653279902,0.219178,0.397260,0.383562,0.000000
1708008651673331047,0.738462,0.184615,0.076923,0.000000
1708008651693377611,0.317460,0.158730,0.523810,0.000000
1708008651713591998,0.193548,0.080645,0.725806,0.000000
1708008651733791933,0.095238,0.111111,0.793651,0.000000
1708008651753959619,0.196970,0.121212,0.681818,0.000000
1708008651774177095,0.202899,0.246377,0.550725,0.000000
1708008651794416417,0.484375,0.062500,0.453125,0.000000
1708008651814703296,0.400000,0.083333,0.516667,0.000000
1708008651834967672,0.196970,0.090909,0.712121,0.000000
1708008651855257380,0.147541,0.081967,0.770492,0.000000
1708008651875572112,0.136364,0.106061,0.757576,0.000000
1708008651895884679,0.109375,0.093750,0.796875,0.000000
1708008651916242197,0.103448,0.086207,0.810345,0.000000
1708008651936692983,0.260870,0.275362,0.463768,0.000000
1708008651956742757,0.274194,0.387097,0.338710,0.000000
1708008651977079498,0.380282,0.295775,0.323944,0.000000
1708008651997154437,0.116667,0.300000,0.583333,0.000000
1708008652017299881,0.078125,0.250000,0.671875,0.000000
1708008652037425631,0.046875,0.250000,0.703125,0.000000
1708008652057575832,0.188406,0.550725,0.260870,0.000000
1708008652077852317,0.656250,0.078125,0.265625,0.000000
1708008652098051027,0.560606,0.121212,0.318182,0.000000
1708008652118330607,0.527273,0.090909,0.381818,0.000000
1708008652138621847,0.533333,0.066667,0.400000,0.000000
1708008652158881196,0.052632,0.052632,0.894737,0.000000
1708008652179157059,0.015385,0.015385,0.969231,0.000000
1708008652199427005,0.000000,0.000000,1.000000,0.000000
1708008652219733468,0.015385,0.000000,0.984615,0.000000
1708008652240595370,0.000000,0.000000,1.000000,0.000000
1708008652260823420,0.015625,0.015625,0.968750,0.000000
1708008652281090644,0.031250,0.046875,0.921875,0.000000
1708008652301161966,0.000000,0.062500,0.937500,0.000000
1708008652321297730,0.000000,0.031250,0.968750,0.000000
1708008652341449094,0.000000,0.000000,1.000000,0.000000
1708008652361581886,0.000000,0.000000,1.000000,0.000000
1708008652381739150,0.000000,0.000000,1.000000,0.000000
1708008652402412904,0.000000,0.000000,1.000000,0.000000
1708008652422473755,0.000000,0.000000,1.000000,0.000000
1708008652443207511,0.000000,0.000000,1.000000,0.000000
1708008652463330752,0.000000,0.000000,1.000000,0.000000
1708008652483627315,0.000000,0.000000,1.000000,0.000000
1708008652503948169,0.000000,0.000000,1.000000,0.000000
1708008652524802955,0.000000,0.000000,1.000000,0.000000
1708008652545069681,0.000000,0.000000,1.000000,0.000000
1708008652564956607,0.000000,0.015385,0.984615,0.000000
1708008652585074406,0.000000,0.000000,1.000000,0.000000
1708008652605187335,0.000000,0.000000,1.000000,0.000000
1708008652625806629,0.000000,0.000000,1.000000,0.000000
1708008652645817108,0.000000,0.000000,1.000000,0.000000
1708008652666489365,0.000000,0.000000,1.000000,0.000000
1708008652686552302,0.000000,0.000000,1.000000,0.000000
1708008652707282000,0.000000,0.000000,1.000000,0.000000
1708008652727408413,0.000000,0.000000,1.000000,0.000000
1708008652748221044,0.015152,0.000000,0.984848,0.000000
1708008652768434187,0.015385,0.015385,0.969231,0.000000
1708008652788832380,0.030769,0.000000,0.969231,0.000000
1708008652809090289,0.030769,0.000000,0.969231,0.000000
1708008652829119841,0.015625,0.000000,0.984375,0.000000
1708008652849232896,0.015625,0.015625,0.968750,0.000000
1708008652869363311,0.031250,0.015625,0.953125,0.000000
1708008652889502367,0.032258,0.000000,0.967742,0.000000
1708008652909695722,0.092308,0.046154,0.861538,0.000000
1708008652929886519,0.031746,0.015873,0.952381,0.000000
1708008652950060926,0.033333,0.033333,0.933333,0.000000
1708008652970280570,0.098361,0.098361,0.803279,0.000000
1708008652990533061,0.061538,0.092308,0.846154,0.000000
1708008653010817191,0.066667,0.116667,0.816667,0.000000
1708008653031134406,0.123077,0.153846,0.723077,0.000000
1708008653051461873,0.063492,0.095238,0.841270,0.000000
1708008653071798224,0.138462,0.076923,0.784615,0.000000
1708008653092185610,0.114754,0.131148,0.754098,0.000000
1708008653112619831,0.169231,0.138462,0.692308,0.000000
1708008653133150893,0.164179,0.104478,0.731343,0.000000
1708008653153162718,0.171875,0.078125,0.750000,0.000000
1708008653173545852,0.287879,0.136364,0.575758,0.000000
1708008653193881812,0.276923,0.138462,0.584615,0.000000
1708008653214034021,0.184615,0.415385,0.400000,0.000000
1708008653234287872,0.375000,0.359375,0.265625,0.000000
1708008653254610340,0.666667,0.122807,0.210526,0.000000
1708008653275024122,0.571429,0.178571,0.250000,0.000000
1708008653295376540,0.672131,0.114754,0.213115,0.000000
1708008653315737521,0.359375,0.171875,0.468750,0.000000
1708008653336181550,0.545455,0.121212,0.333333,0.000000
1708008653356645176,0.406780,0.135593,0.457627,0.000000
1708008653377131251,0.602740,0.232877,0.164384,0.000000
1708008653397180116,0.596774,0.112903,0.290323,0.000000
1708008653417314843,0.246377,0.188406,0.565217,0.000000
1708008653440097138,0.357143,0.125000,0.517857,0.000000
1708008653459676618,0.555556,0.148148,0.296296,0.000000
1708008653479904689,0.171875,0.078125,0.750000,0.000000
1708008653500345591,0.323529,0.029412,0.647059,0.000000
1708008653520782264,0.206349,0.142857,0.650794,0.000000
1708008653541121007,0.188406,0.173913,0.637681,0.000000
1708008653561149974,0.177419,0.161290,0.661290,0.000000
1708008653581317160,0.156250,0.265625,0.578125,0.000000
1708008653601520907,0.444444,0.444444,0.111111,0.000000
1708008653621746587,0.474576,0.220339,0.305085,0.000000
1708008653641954941,0.430769,0.184615,0.384615,0.000000
1708008653662219258,0.656250,0.125000,0.218750,0.000000
1708008653682474159,0.413793,0.137931,0.448276,0.000000
1708008653702757732,0.133333,0.150000,0.716667,0.000000
1708008653722984333,0.363636,0.196970,0.439394,0.000000
1708008653743367510,0.553571,0.107143,0.339286,0.000000
1708008653763782280,0.415385,0.123077,0.461538,0.000000
1708008653784142396,0.338028,0.225352,0.436620,0.000000
1708008653804567705,0.396226,0.132075,0.471698,0.000000
1708008653825031951,0.474576,0.050847,0.474576,0.000000
1708008653845014914,0.285714,0.158730,0.555556,0.000000
1708008653865166918,0.190476,0.111111,0.698413,0.000000
1708008653885330819,0.227273,0.212121,0.560606,0.000000
1708008653905540421,0.515625,0.140625,0.343750,0.000000
1708008653925804698,0.485294,0.250000,0.264706,0.000000
1708008653946039443,0.313433,0.208955,0.477612,0.000000
1708008653966270577,0.650794,0.111111,0.238095,0.000000
1708008653986576027,0.227273,0.257576,0.515152,0.000000
1708008654006839134,0.385965,0.280702,0.333333,0.000000
1708008654027153067,0.370968,0.225806,0.403226,0.000000
1708008654047515126,0.431034,0.137931,0.431034,0.000000
1708008654067876025,0.347826,0.086957,0.565217,0.000000
1708008654088216215,0.100000,0.050000,0.850000,0.000000
1708008654108598281,0.109375,0.093750,0.796875,0.000000
1708008654129030038,0.171875,0.046875,0.781250,0.000000
1708008654148985763,0.151515,0.121212,0.727273,0.000000
1708008654169106611,0.142857,0.063492,0.793651,0.000000
1708008654189235731,0.158730,0.079365,0.761905,0.000000
1708008654209356175,0.163934,0.131148,0.704918,0.000000
1708008654229513906,0.125000,0.140625,0.734375,0.000000
1708008654249685410,0.196429,0.142857,0.660714,0.000000
1708008654269950891,0.576271,0.101695,0.322034,0.000000
1708008654290214808,0.393939,0.287879,0.318182,0.000000
1708008654310476304,0.432836,0.179104,0.388060,0.000000
1708008654330783256,0.609375,0.140625,0.250000,0.000000
1708008654351071315,0.233333,0.250000,0.516667,0.000000
1708008654371392236,0.600000,0.100000,0.300000,0.000000
1708008654391796211,0.369231,0.076923,0.553846,0.000000
1708008654411784614,0.183333,0.083333,0.733333,0.000000
1708008654431884829,0.079365,0.063492,0.857143,0.000000
1708008654451972846,0.109375,0.046875,0.843750,0.000000
1708008654472091923,0.137931,0.137931,0.724138,0.000000
1708008654492209319,0.375000,0.171875,0.453125,0.000000
1708008654512329959,0.377049,0.081967,0.540984,0.000000
1708008654532439937,0.246377,0.057971,0.695652,0.000000
1708008654552549311,0.196970,0.136364,0.666667,0.000000
1708008654572698700,0.142857,0.206349,0.650794,0.000000
1708008654592819911,0.468750,0.078125,0.453125,0.000000
1708008654612972021,0.421053,0.105263,0.473684,0.000000
1708008654633069422,0.285714,0.085714,0.628571,0.000000
1708008654653179889,0.142857,0.214286,0.642857,0.000000
1708008654673293086,0.102941,0.102941,0.794118,0.000000
1708008654693419224,0.285714,0.206349,0.507937,0.000000
1708008654713568563,0.454545,0.109091,0.436364,0.000000
1708008654733681190,0.301887,0.113208,0.584906,0.000000
1708008654753853051,0.596491,0.105263,0.298246,0.000000
1708008654773956244,0.078125,0.109375,0.812500,0.000000
1708008654794105851,0.070175,0.035088,0.894737,0.000000
1708008654814231931,0.048387,0.064516,0.887097,0.000000
1708008654834318747,0.151515,0.075758,0.772727,0.000000
1708008654854382615,0.145161,0.064516,0.790323,0.000000
1708008654874508475,0.126984,0.079365,0.793651,0.000000
1708008654894615277,0.126984,0.126984,0.746032,0.000000
1708008654914742118,0.140625,0.156250,0.703125,0.000000
1708008654934849356,0.126984,0.047619,0.825397,0.000000
1708008654954958338,0.109375,0.109375,0.781250,0.000000
1708008654975063937,0.129032,0.080645,0.790323,0.000000
1708008654995194726,0.109375,0.093750,0.796875,0.000000
1708008655015303417,0.200000,0.300000,0.500000,0.000000
1708008655035444914,0.677419,0.193548,0.129032,0.000000
1708008655055611806,0.476190,0.301587,0.222222,0.000000
1708008655075762841,0.542857,0.142857,0.314286,0.000000
1708008655095907257,0.387755,0.122449,0.489796,0.000000
1708008655116079082,0.426230,0.049180,0.524590,0.000000
1708008655136156423,0.135593,0.033898,0.830508,0.000000
1708008655156256496,0.061538,0.061538,0.876923,0.000000
1708008655176346064,0.061538,0.046154,0.892308,0.000000
1708008655196454278,0.260870,0.282609,0.456522,0.000000
1708008655216626769,0.432836,0.029851,0.537313,0.000000
1708008655237271052,0.347222,0.180556,0.472222,0.000000
1708008655257249134,0.569231,0.076923,0.353846,0.000000
1708008655277348568,0.017544,0.035088,0.947368,0.000000
1708008655297451393,0.015625,0.031250,0.953125,0.000000
1708008655317529894,0.000000,0.031250,0.968750,0.000000
1708008655337610315,0.015625,0.000000,0.984375,0.000000
1708008655357696126,0.000000,0.000000,1.000000,0.000000
1708008655377784662,0.000000,0.000000,1.000000,0.000000
1708008655397869098,0.000000,0.000000,1.000000,0.000000
1708008655417952747,0.015625,0.031250,0.953125,0.000000
1708008655438041687,0.000000,0.000000,1.000000,0.000000
1708008655458127257,0.015385,0.030769,0.953846,0.000000
1708008655478211051,0.000000,0.000000,1.000000,0.000000
1708008655498296847,0.000000,0.000000,1.000000,0.000000
1708008655518384802,0.000000,0.000000,1.000000,0.000000
1708008655538468815,0.000000,0.000000,1.000000,0.000000
1708008655558560919,0.015385,0.000000,0.984615,0.000000
1708008655578653820,0.015625,0.015625,0.968750,0.000000
1708008655598746907,0.015625,0.015625,0.968750,0.000000
1708008655618863756,0.031250,0.000000,0.968750,0.000000
1708008655638945288,0.015625,0.000000,0.984375,0.000000
1708008655659023132,0.015625,0.015625,0.968750,0.000000
1708008655679110575,0.063492,0.015873,0.920635,0.000000
1708008655699190759,0.000000,0.000000,1.000000,0.000000
1708008655719279696,0.062500,0.031250,0.906250,0.000000
1708008655739399033,0.079365,0.063492,0.857143,0.000000
1708008655759505466,0.016129,0.032258,0.951613,0.000000
1708008655779615572,0.064516,0.032258,0.903226,0.000000
1708008655799730548,0.111111,0.047619,0.841270,0.000000
1708008655819883335,0.080645,0.048387,0.870968,0.000000
1708008655840017423,0.079365,0.047619,0.873016,0.000000
1708008655860156580,0.156250,0.031250,0.812500,0.000000
1708008655880295171,0.092308,0.092308,0.815385,0.000000
1708008655900442136,0.126984,0.126984,0.746032,0.000000
1708008655920584737,0.200000,0.092308,0.707692,0.000000
1708008655940694507,0.176471,0.088235,0.735294,0.000000
1708008655960839566,0.190476,0.142857,0.666667,0.000000
1708008655980968976,0.220588,0.250000,0.529412,0.000000
1708008656001103359,0.306452,0.161290,0.532258,0.000000
1708008656021467645,0.516667,0.200000,0.283333,0.000000
1708008656041552462,0.278689,0.114754,0.606557,0.000000
1708008656061679516,0.240000,0.200000,0.560000,0.000000
1708008656081818352,0.562500,0.218750,0.218750,0.000000
1708008656101983191,0.622951,0.180328,0.196721,0.000000
1708008656122143222,0.485294,0.102941,0.411765,0.000000
1708008656142276987,0.274194,0.225806,0.500000,0.000000
1708008656162428338,0.433333,0.133333,0.433333,0.000000
1708008656182550906,0.500000,0.107143,0.392857,0.000000
1708008656202679398,0.285714,0.128571,0.585714,0.000000
1708008656222800452,0.193548,0.080645,0.725806,0.000000
1708008656242902399,0.161290,0.096774,0.741935,0.000000
1708008656262994201,0.225806,0.225806,0.548387,0.000000
1708008656283126505,0.166667,0.166667,0.666667,0.000000
1708008656303254055,0.464286,0.160714,0.375000,0.000000
1708008656323369151,0.466667,0.150000,0.383333,0.000000
1708008656343601614,0.163934,0.262295,0.573770,0.000000
1708008656363706111,0.258621,0.241379,0.500000,0.000000
1708008656383831119,0.593750,0.125000,0.281250,0.000000
1708008656404009381,0.480769,0.115385,0.403846,0.000000
1708008656424171306,0.484848,0.136364,0.378788,0.000000
1708008656444305279,0.328571,0.071429,0.600000,0.000000
1708008656464412907,0.274194,0.177419,0.548387,0.000000
1708008656484572123,0.676471,0.088235,0.235294,0.000000
1708008656504694464,0.213115,0.081967,0.704918,0.000000
1708008656525911983,0.156250,0.156250,0.687500,0.000000
1708008656545634476,0.125000,0.078125,0.796875,0.000000
1708008656565732278,0.156250,0.062500,0.781250,0.000000
1708008656585862978,0.209677,0.112903,0.677419,0.000000
1708008656606004175,0.117647,0.176471,0.705882,0.000000
1708008656626148836,0.322034,0.169492,0.508475,0.000000
1708008656646312505,0.706897,0.103448,0.189655,0.000000
1708008656666470903,0.492754,0.217391,0.289855,0.000000
1708008656686604808,0.396552,0.206897,0.396552,0.000000
1708008656706720975,0.270270,0.378378,0.351351,0.000000
1708008656726842334,0.706897,0.051724,0.241379,0.000000
1708008656747010167,0.307692,0.123077,0.569231,0.000000
1708008656767108621,0.268657,0.149254,0.582090,0.000000
1708008656787208674,0.114286,0.185714,0.700000,0.000000
1708008656807329273,0.189655,0.206897,0.603448,0.000000
1708008656827505302,0.622951,0.065574,0.311475,0.000000
1708008656847653871,0.218750,0.078125,0.703125,0.000000
1708008656867775225,0.174603,0.079365,0.746032,0.000000
1708008656887876791,0.161765,0.132353,0.705882,0.000000
1708008656907997913,0.200000,0.300000,0.500000,0.000000
1708008656928150404,0.649123,0.070175,0.280702,0.000000
1708008656948302321,0.200000,0.061538,0.738462,0.000000
1708008656968390528,0.180328,0.081967,0.737705,0.000000
1708008656988506041,0.217391,0.231884,0.550725,0.000000
1708008657008656185,0.430380,0.075949,0.493671,0.000000
1708008657028797849,0.126984,0.158730,0.714286,0.000000
1708008657048898885,0.208955,0.149254,0.641791,0.000000
1708008657069024767,0.642857,0.071429,0.285714,0.000000
1708008657089193154,0.196721,0.065574,0.737705,0.000000
1708008657109296263,0.277778,0.055556,0.666667,0.000000
1708008657129413201,0.123077,0.092308,0.784615,0.000000
1708008657149562770,0.111111,0.079365,0.809524,0.000000
1708008657169700850,0.125000,0.078125,0.796875,0.000000
1708008657189837017,0.112903,0.112903,0.774194,0.000000
1708008657209970189,0.126984,0.111111,0.761905,0.000000
1708008657230084482,0.156250,0.156250,0.687500,0.000000
1708008657250212739,0.246154,0.276923,0.476923,0.000000
1708008657270384240,0.524590,0.131148,0.344262,0.000000
1708008657290553073,0.276923,0.200000,0.523077,0.000000
1708008657310685192,0.482143,0.089286,0.428571,0.000000
1708008657330858377,0.578947,0.105263,0.315789,0.000000
1708008657350949044,0.125000,0.468750,0.406250,0.000000
1708008657371111456,0.593220,0.101695,0.305085,0.000000
1708008657391251255,0.274194,0.064516,0.661290,0.000000
1708008657411363831,0.246377,0.086957,0.666667,0.000000
1708008657431474577,0.109375,0.093750,0.796875,0.000000
1708008657451593506,0.111111,0.047619,0.841270,0.000000
1708008657471700854,0.153846,0.046154,0.800000,0.000000
1708008657491802900,0.338983,0.322034,0.338983,0.000000
1708008657511951796,0.565217,0.202899,0.231884,0.000000
1708008657532121156,0.347826,0.086957,0.565217,0.000000
1708008657552245034,0.129032,0.129032,0.741935,0.000000
1708008657572352343,0.140351,0.122807,0.736842,0.000000
1708008657592481683,0.319149,0.127660,0.553191,0.000000
1708008657612665535,0.536232,0.086957,0.376812,0.000000
1708008657632818943,0.116667,0.083333,0.800000,0.000000
1708008657652932025,0.166667,0.166667,0.666667,0.000000
1708008657673035527,0.309859,0.225352,0.464789,0.000000
1708008657693197367,0.660714,0.107143,0.232143,0.000000
1708008657713304476,0.173913,0.202899,0.623188,0.000000
1708008657733433583,0.140625,0.078125,0.781250,0.000000
1708008657753535353,0.092308,0.046154,0.861538,0.000000
1708008657773623796,0.120690,0.103448,0.775862,0.000000
1708008657793779088,0.640625,0.109375,0.250000,0.000000
1708008657813952379,0.196721,0.081967,0.721311,0.000000
1708008657834043970,0.084746,0.067797,0.847458,0.000000
1708008657854141176,0.047619,0.063492,0.888889,0.000000
1708008657874226020,0.119403,0.164179,0.716418,0.000000
1708008657894364819,0.676056,0.070423,0.253521,0.000000
1708008657914551222,0.181818,0.075758,0.742424,0.000000
1708008657934647021,0.196970,0.090909,0.712121,0.000000
1708008657954753109,0.050000,0.166667,0.783333,0.000000
1708008657974879227,0.426230,0.131148,0.442623,0.000000
1708008657995078594,0.261538,0.030769,0.707692,0.000000
1708008658015146539,0.050000,0.050000,0.900000,0.000000
1708008658035235980,0.031250,0.015625,0.953125,0.000000
1708008658055325910,0.046875,0.015625,0.937500,0.000000
1708008658075457629,0.047619,0.031746,0.920635,0.000000
1708008658095555536,0.033898,0.050847,0.915254,0.000000
1708008658115707906,0.484848,0.242424,0.272727,0.000000
1708008658135897327,0.402985,0.000000,0.597015,0.000000
1708008658155984512,0.017241,0.000000,0.982759,0.000000
1708008658176080623,0.015873,0.015873,0.968254,0.000000
1708008658196161884,0.000000,0.030769,0.969231,0.000000
1708008658216245712,0.000000,0.000000,1.000000,0.000000
1708008658236334144,0.015625,0.000000,0.984375,0.000000
1708008658256414446,0.000000,0.000000,1.000000,0.000000
1708008658276497202,0.000000,0.000000,1.000000,0.000000
1708008658296587579,0.000000,0.016129,0.983871,0.000000
1708008658316663451,0.000000,0.031250,0.968750,0.000000
1708008658336751923,0.000000,0.000000,1.000000,0.000000
1708008658356835531,0.000000,0.000000,1.000000,0.000000
1708008658376919867,0.000000,0.000000,1.000000,0.000000
1708008658397004406,0.000000,0.000000,1.000000,0.000000
1708008658417090523,0.030769,0.000000,0.969231,0.000000
1708008658437187123,0.015625,0.015625,0.968750,0.000000
1708008658457274732,0.015625,0.015625,0.968750,0.000000
1708008658477362639,0.031250,0.000000,0.968750,0.000000
1708008658497442542,0.015385,0.015385,0.969231,0.000000
1708008658517530227,0.015625,0.000000,0.984375,0.000000
1708008658537623582,0.062500,0.015625,0.921875,0.000000
1708008658557733489,0.046875,0.015625,0.937500,0.000000
1708008658578608395,0.078125,0.015625,0.906250,0.000000
1708008658598454052,0.046875,0.062500,0.890625,0.000000
1708008658618560562,0.046875,0.109375,0.843750,0.000000
1708008658638682775,0.080645,0.096774,0.822581,0.000000
1708008658658799542,0.015385,0.107692,0.876923,0.000000
1708008658678909810,0.063492,0.063492,0.873016,0.000000
1708008658699044289,0.126984,0.095238,0.777778,0.000000
1708008658719178682,0.151515,0.121212,0.727273,0.000000
1708008658739280014,0.096774,0.064516,0.838710,0.000000
1708008658759386786,0.111111,0.063492,0.825397,0.000000
1708008658779502772,0.190476,0.095238,0.714286,0.000000
1708008658799646834,0.234375,0.125000,0.640625,0.000000
1708008658819765324,0.142857,0.126984,0.730159,0.000000
1708008658839886762,0.112903,0.096774,0.790323,0.000000
1708008658859990189,0.250000,0.232143,0.517857,0.000000
1708008658880138489,0.406780,0.203390,0.389831,0.000000
1708008658900330091,0.538462,0.123077,0.338462,0.000000
1708008658920469274,0.682540,0.158730,0.158730,0.000000
1708008658940624272,0.597015,0.194030,0.208955,0.000000
1708008658960805378,0.432836,0.179104,0.388060,0.000000
1708008658980923746,0.477612,0.179104,0.343284,0.000000
1708008659001065087,0.442623,0.131148,0.426230,0.000000
1708008659021191236,0.625000,0.125000,0.250000,0.000000
1708008659041315587,0.120690,0.137931,0.741379,0.000000
1708008659061431826,0.180328,0.114754,0.704918,0.000000
1708008659081541068,0.158730,0.079365,0.761905,0.000000
1708008659101660764,0.190476,0.126984,0.682540,0.000000
1708008659121787374,0.245614,0.456140,0.298246,0.000000
1708008659150311706,0.434783,0.173913,0.391304,0.000000
1708008659167709412,0.365079,0.317460,0.317460,0.000000
1708008659187837198,0.450000,0.166667,0.383333,0.000000
1708008659208018719,0.550000,0.133333,0.316667,0.000000
1708008659228293369,0.483333,0.266667,0.250000,0.000000
1708008659248396882,0.442857,0.185714,0.371429,0.000000
1708008659268505738,0.396825,0.142857,0.460317,0.000000
1708008659288640635,0.161290,0.258065,0.580645,0.000000
1708008659308870233,0.354839,0.145161,0.500000,0.000000
1708008659328997072,0.629032,0.112903,0.258065,0.000000
1708008659349151278,0.138462,0.153846,0.707692,0.000000
1708008659369259666,0.194030,0.194030,0.611940,0.000000
1708008659406346092,0.290909,0.263636,0.445455,0.000000
1708008659420862569,0.648148,0.055556,0.296296,0.000000
1708008659440970913,0.218750,0.187500,0.593750,0.000000
1708008659461109839,0.440678,0.169492,0.389831,0.000000
1708008659481270826,0.250000,0.178571,0.571429,0.000000
1708008659501397475,0.295775,0.070423,0.633803,0.000000
1708008659521527572,0.095238,0.079365,0.825397,0.000000
1708008659541637505,0.078125,0.062500,0.859375,0.000000
1708008659561775350,0.145161,0.080645,0.774194,0.000000
1708008659581879019,0.123077,0.092308,0.784615,0.000000
1708008659602000239,0.112903,0.112903,0.774194,0.000000
1708008659622163089,0.126984,0.126984,0.746032,0.000000
1708008659642285602,0.200000,0.127273,0.672727,0.000000
1708008659662457428,0.683333,0.066667,0.250000,0.000000
1708008659682577297,0.229730,0.270270,0.500000,0.000000
1708008659702733799,0.468750,0.156250,0.375000,0.000000
1708008659722897621,0.370968,0.145161,0.483871,0.000000
1708008659743065894,0.364865,0.040541,0.594595,0.000000
1708008659763218191,0.136364,0.090909,0.772727,0.000000
1708008659783324087,0.126984,0.031746,0.841270,0.000000
1708008659803489102,0.100000,0.171429,0.728571,0.000000
1708008659823611679,0.222222,0.129630,0.648148,0.000000
1708008659843764448,0.344828,0.137931,0.517241,0.000000
1708008659863954768,0.507692,0.076923,0.415385,0.000000
1708008659884070570,0.212121,0.090909,0.696970,0.000000
1708008659904204513,0.240741,0.185185,0.574074,0.000000
1708008659924379881,0.606557,0.163934,0.229508,0.000000
1708008659944544288,0.223881,0.104478,0.671642,0.000000
1708008659964705707,0.250000,0.171875,0.578125,0.000000
1708008659984869489,0.646154,0.153846,0.200000,0.000000
1708008660005027611,0.203390,0.033898,0.762712,0.000000
1708008660025145394,0.277778,0.055556,0.666667,0.000000
1708008660045312569,0.145161,0.129032,0.725806,0.000000
1708008660065467145,0.111111,0.095238,0.793651,0.000000
1708008660085623813,0.121212,0.212121,0.666667,0.000000
1708008660105787257,0.307692,0.215385,0.476923,0.000000
1708008660125936725,0.519231,0.134615,0.346154,0.000000
1708008660146056998,0.209677,0.112903,0.677419,0.000000
1708008660166194919,0.268657,0.104478,0.626866,0.000000
1708008660186333925,0.151515,0.045455,0.803030,0.000000
1708008660206425688,0.156250,0.093750,0.750000,0.000000
1708008660226533645,0.453125,0.296875,0.250000,0.000000
1708008660246700150,0.508475,0.152542,0.338983,0.000000
1708008660266863648,0.500000,0.142857,0.357143,0.000000
1708008660287044644,0.421875,0.109375,0.468750,0.000000
1708008660307189727,0.367647,0.102941,0.529412,0.000000
1708008660327322846,0.171875,0.093750,0.734375,0.000000
1708008660347441329,0.079365,0.063492,0.857143,0.000000
1708008660367555069,0.098361,0.229508,0.672131,0.000000
1708008660387725016,0.482143,0.107143,0.410714,0.000000
1708008660407888324,0.492063,0.126984,0.380952,0.000000
1708008660428024615,0.118644,0.016949,0.864407,0.000000
1708008660448178663,0.234375,0.265625,0.500000,0.000000
1708008660468336101,0.603774,0.113208,0.283019,0.000000
1708008660488501978,0.222222,0.095238,0.682540,0.000000
1708008660508617733,0.257143,0.100000,0.642857,0.000000
1708008660528780362,0.194444,0.263889,0.541667,0.000000
1708008660548936542,0.562500,0.140625,0.296875,0.000000
1708008660569065616,0.213115,0.147541,0.639344,0.000000
1708008660589199188,0.116667,0.083333,0.800000,0.000000
1708008660609319452,0.078125,0.062500,0.859375,0.000000
1708008660629440934,0.111111,0.079365,0.809524,0.000000
1708008660649529114,0.158730,0.095238,0.746032,0.000000
1708008660669661974,0.085714,0.185714,0.728571,0.000000
1708008660689781766,0.523810,0.238095,0.238095,0.000000
1708008660709959382,0.393443,0.147541,0.459016,0.000000
1708008660730097049,0.245902,0.327869,0.426230,0.000000
1708008660750241843,0.642857,0.128571,0.228571,0.000000
1708008660770452139,0.203125,0.031250,0.765625,0.000000
1708008660790594098,0.156250,0.062500,0.781250,0.000000
1708008660810684940,0.062500,0.031250,0.906250,0.000000
1708008660830788404,0.281690,0.183099,0.535211,0.000000
1708008660850942759,0.630769,0.030769,0.338462,0.000000
1708008660871062396,0.067797,0.067797,0.864407,0.000000
1708008660891190073,0.015625,0.031250,0.953125,0.000000
1708008660911290410,0.369231,0.215385,0.415385,0.000000
1708008660931507080,0.390625,0.000000,0.609375,0.000000
1708008660951596082,0.050000,0.033333,0.916667,0.000000
1708008660971693886,0.000000,0.015625,0.984375,0.000000
1708008660991770046,0.015873,0.000000,0.984127,0.000000
1708008661011869747,0.000000,0.031250,0.968750,0.000000
1708008661031956185,0.000000,0.000000,1.000000,0.000000
1708008661052044689,0.000000,0.000000,1.000000,0.000000
1708008661072159666,0.000000,0.000000,1.000000,0.000000
1708008661092244431,0.000000,0.000000,1.000000,0.000000
1708008661112349732,0.000000,0.000000,1.000000,0.000000
1708008661132500356,0.015385,0.030769,0.953846,0.000000
1708008661152615532,0.000000,0.015625,0.984375,0.000000
1708008661172654033,0.000000,0.000000,1.000000,0.000000
1708008661192745960,0.000000,0.000000,1.000000,0.000000
1708008661212835752,0.000000,0.000000,1.000000,0.000000
1708008661232929251,0.000000,0.015625,0.984375,0.000000
1708008661253030194,0.015873,0.000000,0.984127,0.000000
1708008661273118320,0.015625,0.015625,0.968750,0.000000
1708008661293203746,0.030303,0.015152,0.954545,0.000000
1708008661313281231,0.000000,0.000000,1.000000,0.000000
1708008661333362652,0.015385,0.015385,0.969231,0.000000
1708008661353461367,0.046875,0.000000,0.953125,0.000000
1708008661373584755,0.016129,0.016129,0.967742,0.000000
1708008661393694932,0.015625,0.015625,0.968750,0.000000
1708008661413800690,0.092308,0.046154,0.861538,0.000000
1708008661433894672,0.032787,0.032787,0.934426,0.000000
1708008661454040381,0.136364,0.106061,0.757576,0.000000
1708008661474193959,0.048387,0.048387,0.903226,0.000000
1708008661494295263,0.060606,0.121212,0.818182,0.000000
1708008661514414690,0.100000,0.116667,0.783333,0.000000
1708008661534538059,0.114754,0.081967,0.803279,0.000000
1708008661554673507,0.126984,0.079365,0.793651,0.000000
1708008661574801689,0.140625,0.078125,0.781250,0.000000
1708008661594885002,0.145161,0.145161,0.709677,0.000000
1708008661615022956,0.238095,0.126984,0.634921,0.000000
1708008661635177789,0.156250,0.093750,0.750000,0.000000
1708008661655299705,0.206349,0.095238,0.698413,0.000000
1708008661675449045,0.253968,0.206349,0.539683,0.000000
1708008661695606825,0.333333,0.157895,0.508772,0.000000
1708008661717754563,0.613333,0.200000,0.186667,0.000000
1708008661737253763,0.482759,0.189655,0.327586,0.000000
1708008661757402542,0.700000,0.116667,0.183333,0.000000
1708008661777580563,0.535714,0.107143,0.357143,0.000000
1708008661797749687,0.523810,0.111111,0.365079,0.000000
1708008661817895048,0.515152,0.166667,0.318182,0.000000
1708008661838068040,0.590909,0.121212,0.287879,0.000000
1708008661858172160,0.163934,0.147541,0.688525,0.000000
1708008661878310838,0.166667,0.388889,0.444444,0.000000
1708008661898432981,0.520548,0.123288,0.356164,0.000000
1708008661918578679,0.396552,0.068966,0.534483,0.000000
1708008661938726447,0.250000,0.140625,0.609375,0.000000
1708008661958858485,0.193548,0.129032,0.677419,0.000000
1708008661978982773,0.047619,0.063492,0.888889,0.000000
1708008661999119903,0.424242,0.363636,0.212121,0.000000
1708008662019255274,0.516667,0.166667,0.316667,0.000000
1708008662039453026,0.444444,0.092593,0.462963,0.000000
1708008662059606459,0.392857,0.089286,0.517857,0.000000
1708008662079730109,0.328358,0.134328,0.537313,0.000000
1708008662099895307,0.109375,0.109375,0.781250,0.000000
1708008662120008727,0.112903,0.048387,0.838710,0.000000
1708008662140128655,0.063492,0.063492,0.873016,0.000000
1708008662160270580,0.290323,0.193548,0.516129,0.000000
1708008662180472246,0.646154,0.092308,0.261538,0.000000
1708008662200577555,0.092308,0.107692,0.800000,0.000000
1708008662220683039,0.100000,0.050000,0.850000,0.000000
1708008662240811496,0.193548,0.161290,0.645161,0.000000
1708008662260944975,0.389831,0.084746,0.525424,0.000000
1708008662281127850,0.447761,0.119403,0.432836,0.000000
1708008662301271482,0.264706,0.058824,0.676471,0.000000
1708008662321382301,0.177419,0.145161,0.677419,0.000000
1708008662341495695,0.158730,0.126984,0.714286,0.000000
1708008662361617131,0.095238,0.126984,0.777778,0.000000
1708008662381735743,0.111111,0.126984,0.761905,0.000000
1708008662401944555,0.258065,0.241935,0.500000,0.000000
1708008662422067458,0.590909,0.106061,0.303030,0.000000
1708008662442279899,0.396825,0.095238,0.507937,0.000000
1708008662462401915,0.272727,0.106061,0.621212,0.000000
1708008662482559251,0.246377,0.275362,0.478261,0.000000
1708008662502715656,0.379310,0.137931,0.482759,0.000000
1708008662522902529,0.583333,0.133333,0.283333,0.000000
1708008662543076454,0.516129,0.145161,0.338710,0.000000
1708008662563269126,0.566667,0.100000,0.333333,0.000000
1708008662583389028,0.246154,0.138462,0.615385,0.000000
1708008662603554805,0.220588,0.308824,0.470588,0.000000
1708008662623708875,0.490196,0.078431,0.431373,0.000000
1708008662643888470,0.338710,0.096774,0.564516,0.000000
1708008662664036781,0.261538,0.092308,0.646154,0.000000
1708008662684167464,0.177419,0.193548,0.629032,0.000000
1708008662704323220,0.365079,0.142857,0.492063,0.000000
1708008662724516196,0.574074,0.148148,0.277778,0.000000
1708008662744672971,0.272727,0.155844,0.571429,0.000000
1708008662764851450,0.350877,0.157895,0.491228,0.000000
1708008662784985137,0.703125,0.062500,0.234375,0.000000
1708008662805107832,0.177419,0.096774,0.725806,0.000000
1708008662825257468,0.145161,0.193548,0.661290,0.000000
1708008662845398979,0.186441,0.305085,0.508475,0.000000
1708008662865569974,0.609375,0.156250,0.234375,0.000000
1708008662885683929,0.279412,0.102941,0.617647,0.000000
1708008662905804746,0.242857,0.057143,0.700000,0.000000
1708008662925936102,0.222222,0.208333,0.569444,0.000000
1708008662946091063,0.550000,0.100000,0.350000,0.000000
1708008662966278146,0.345455,0.145455,0.509091,0.000000
1708008662986392443,0.200000,0.138462,0.661538,0.000000
1708008663006555302,0.351351,0.229730,0.418919,0.000000
1708008663026777444,0.490566,0.150943,0.358491,0.000000
1708008663046868258,0.294118,0.073529,0.632353,0.000000
1708008663066995022,0.080645,0.145161,0.774194,0.000000
1708008663087096585,0.079365,0.095238,0.825397,0.000000
1708008663107725438,0.222222,0.203704,0.574074,0.000000
1708008663127733117,0.644068,0.135593,0.220339,0.000000
1708008663147883458,0.156250,0.062500,0.781250,0.000000
1708008663167976361,0.328767,0.068493,0.602740,0.000000
1708008663188133920,0.145161,0.080645,0.774194,0.000000
1708008663208300054,0.140625,0.078125,0.781250,0.000000
1708008663228428755,0.133333,0.233333,0.633333,0.000000
1708008663248584403,0.576271,0.271186,0.152542,0.000000
1708008663268685742,0.405405,0.148649,0.445946,0.000000
1708008663288801994,0.217391,0.188406,0.594203,0.000000
1708008663308987755,0.250000,0.183333,0.566667,0.000000
1708008663329155242,0.600000,0.138462,0.261538,0.000000
1708008663349279031,0.150000,0.116667,0.733333,0.000000
1708008663369394528,0.212121,0.075758,0.712121,0.000000
1708008663389517379,0.273973,0.219178,0.506849,0.000000
1708008663409677127,0.583333,0.050000,0.366667,0.000000
1708008663429874601,0.229508,0.049180,0.721311,0.000000
1708008663450017118,0.276316,0.078947,0.644737,0.000000
1708008663470110729,0.066667,0.200000,0.733333,0.000000
1708008663490258453,0.457627,0.169492,0.372881,0.000000
1708008663510401486,0.323077,0.046154,0.630769,0.000000
1708008663530504665,0.285714,0.042857,0.671429,0.000000
1708008663550606961,0.090909,0.060606,0.848485,0.000000
1708008663570696681,0.081967,0.180328,0.737705,0.000000
1708008663590824350,0.693548,0.080645,0.225806,0.000000
1708008663610966789,0.117647,0.088235,0.794118,0.000000
1708008663631070023,0.211268,0.056338,0.732394,0.000000
1708008663651174226,0.017241,0.172414,0.810345,0.000000
1708008663671350981,0.789474,0.070175,0.140351,0.000000
1708008663691492669,0.066667,0.016667,0.916667,0.000000
1708008663711594680,0.016129,0.016129,0.967742,0.000000
1708008663731680494,0.015625,0.015625,0.968750,0.000000
1708008663751766162,0.000000,0.031250,0.968750,0.000000
1708008663771857284,0.000000,0.000000,1.000000,0.000000
1708008663791931221,0.015385,0.000000,0.984615,0.000000
1708008663812011538,0.000000,0.000000,1.000000,0.000000
1708008663832090560,0.000000,0.000000,1.000000,0.000000
1708008663852179664,0.000000,0.031250,0.968750,0.000000
1708008663872274303,0.000000,0.015873,0.984127,0.000000
1708008663892370141,0.000000,0.000000,1.000000,0.000000
1708008663912453681,0.000000,0.000000,1.000000,0.000000
1708008663932535770,0.000000,0.000000,1.000000,0.000000
1708008663952630053,0.000000,0.000000,1.000000,0.000000
