Time,User,Kernel,Idle,IoWait
1708693814714341083,0.150000,0.050000,0.800000,0.000000
1708693814820386183,0.250000,0.050000,0.700000,0.000000
1708693814918511231,0.052632,0.052632,0.894737,0.000000
1708693815018607578,0.200000,0.466667,0.333333,0.000000
1708693815118740186,0.200000,0.200000,0.600000,0.000000
1708693815218834113,0.000000,0.125000,0.875000,0.000000
1708693815318926012,0.200000,0.100000,0.700000,0.000000
1708693815418987870,0.526316,0.315789,0.157895,0.000000
1708693815519111082,0.473684,0.263158,0.263158,0.000000
1708693815620430431,0.571429,0.428571,0.000000,0.000000
1708693815720128970,0.900000,0.100000,0.000000,0.000000
1708693815820242653,0.800000,0.200000,0.000000,0.000000
1708693815920343052,0.800000,0.200000,0.000000,0.000000
1708693816020444120,0.850000,0.150000,0.000000,0.000000
1708693816120551211,0.894737,0.105263,0.000000,0.000000
1708693816220654235,0.850000,0.100000,0.050000,0.000000
1708693816320760931,0.842105,0.157895,0.000000,0.000000
1708693816420854971,0.857143,0.047619,0.095238,0.000000
1708693816520936778,0.190476,0.095238,0.714286,0.000000
1708693816620994451,0.000000,0.000000,1.000000,0.000000
1708693816721072929,0.000000,0.000000,1.000000,0.000000
1708693816821168452,0.000000,0.000000,1.000000,0.000000
1708693816921172291,0.000000,0.000000,1.000000,0.000000
1708693817021273203,0.000000,0.000000,1.000000,0.000000
1708693817121353968,0.000000,0.000000,1.000000,0.000000
1708693817221427733,0.277778,0.055556,0.666667,0.000000
1708693817321557477,0.235294,0.352941,0.411765,0.000000
1708693817421697172,0.333333,0.277778,0.388889,0.000000
1708693817521795769,0.111111,0.277778,0.611111,0.000000
1708693817621823112,0.500000,0.250000,0.250000,0.000000
1708693817721952226,0.650000,0.300000,0.050000,0.000000
1708693817821980115,0.736842,0.263158,0.000000,0.000000
1708693817922044563,0.750000,0.250000,0.000000,0.000000
1708693818022167294,0.750000,0.250000,0.000000,0.000000
1708693818122259381,0.750000,0.250000,0.000000,0.000000
1708693818222315258,0.850000,0.150000,0.000000,0.000000
1708693818322405492,0.900000,0.100000,0.000000,0.000000
1708693818422510509,0.850000,0.150000,0.000000,0.000000
1708693818522609854,0.894737,0.105263,0.000000,0.000000
1708693818622690510,0.714286,0.142857,0.142857,0.000000
1708693818722804049,0.210526,0.052632,0.736842,0.000000
1708693818822806229,0.000000,0.050000,0.950000,0.000000
1708693818922911779,0.000000,0.000000,1.000000,0.000000
1708693819022992140,0.052632,0.000000,0.947368,0.000000
1708693819123051718,0.055556,0.000000,0.944444,0.000000
1708693819223140020,0.500000,0.250000,0.250000,0.000000
1708693819323301499,0.375000,0.437500,0.187500,0.000000
1708693819423352205,0.600000,0.250000,0.150000,0.000000
1708693819523454072,0.761905,0.190476,0.047619,0.000000
1708693819623552845,0.578947,0.421053,0.000000,0.000000
1708693819723650393,0.850000,0.150000,0.000000,0.000000
1708693819823745933,0.800000,0.200000,0.000000,0.000000
1708693819923837650,0.800000,0.200000,0.000000,0.000000
1708693820028126539,0.857143,0.142857,0.000000,0.000000
1708693820132672044,0.800000,0.200000,0.000000,0.000000
1708693820230836453,0.900000,0.100000,0.000000,0.000000
1708693820330940046,0.809524,0.095238,0.095238,0.000000
1708693820431060202,0.789474,0.000000,0.210526,0.000000
1708693820531188708,0.277778,0.055556,0.666667,0.000000
1708693820631253870,0.052632,0.000000,0.947368,0.000000
1708693820731334128,0.000000,0.050000,0.950000,0.000000
1708693820831414929,0.000000,0.000000,1.000000,0.000000
1708693820931448702,0.000000,0.000000,1.000000,0.000000
1708693821031544348,0.000000,0.000000,1.000000,0.000000
1708693821131626824,0.000000,0.000000,1.000000,0.000000
1708693821231640567,0.047619,0.047619,0.904762,0.000000
1708693821331735538,0.000000,0.000000,1.000000,0.000000
1708693821431791123,0.000000,0.000000,1.000000,0.000000
1708693821531882036,0.000000,0.050000,0.950000,0.000000
1708693821631917450,0.000000,0.000000,1.000000,0.000000
1708693821732001406,0.000000,0.000000,1.000000,0.000000
1708693821832085928,0.000000,0.000000,1.000000,0.000000
1708693821932114677,0.000000,0.000000,1.000000,0.000000
1708693822032209530,0.000000,0.000000,1.000000,0.000000
1708693822132255559,0.000000,0.000000,1.000000,0.000000
1708693822232338810,0.000000,0.000000,1.000000,0.000000
1708693822332385640,0.000000,0.000000,1.000000,0.000000
1708693822432468513,0.000000,0.000000,1.000000,0.000000
1708693822532542492,0.000000,0.000000,1.000000,0.000000
1708693822632619679,0.000000,0.000000,1.000000,0.000000
1708693822732696662,0.000000,0.000000,1.000000,0.000000
1708693822832713811,0.000000,0.000000,1.000000,0.000000
1708693822932812658,0.000000,0.000000,1.000000,0.000000
1708693823032889821,0.000000,0.000000,1.000000,0.000000
1708693823132962357,0.000000,0.000000,1.000000,0.000000
1708693823233041020,0.000000,0.000000,1.000000,0.000000
1708693823333117282,0.000000,0.000000,1.000000,0.000000
1708693823433213808,0.000000,0.000000,1.000000,0.000000
1708693823533277712,0.000000,0.000000,1.000000,0.000000
1708693823633326959,0.000000,0.000000,1.000000,0.000000
1708693823733392960,0.000000,0.000000,1.000000,0.000000
1708693823833464790,0.000000,0.000000,1.000000,0.000000
1708693823933534326,0.000000,0.000000,1.000000,0.000000
1708693824033589804,0.000000,0.000000,1.000000,0.000000
1708693824133676722,0.000000,0.000000,1.000000,0.000000
1708693824233753147,0.000000,0.000000,1.000000,0.000000
1708693824333825176,0.000000,0.000000,1.000000,0.000000
1708693824433848946,0.000000,0.000000,1.000000,0.000000
1708693824533945337,0.000000,0.000000,1.000000,0.000000
1708693824634017552,0.000000,0.000000,1.000000,0.000000
1708693824734090936,0.000000,0.000000,1.000000,0.000000
1708693824834166585,0.000000,0.000000,1.000000,0.000000
1708693824934239006,0.000000,0.000000,1.000000,0.000000
1708693825034315600,0.000000,0.000000,1.000000,0.000000
1708693825134395118,0.000000,0.000000,1.000000,0.000000
1708693825234468643,0.000000,0.000000,1.000000,0.000000
1708693825334545668,0.000000,0.000000,1.000000,0.000000
1708693825434613087,0.000000,0.000000,1.000000,0.000000
1708693825534718027,0.000000,0.000000,1.000000,0.000000
1708693825634789111,0.000000,0.000000,1.000000,0.000000
1708693825734865717,0.000000,0.000000,1.000000,0.000000
1708693825834911787,0.000000,0.000000,1.000000,0.000000
1708693825934989891,0.000000,0.000000,1.000000,0.000000
1708693826035051506,0.000000,0.000000,1.000000,0.000000
1708693826135133568,0.000000,0.000000,1.000000,0.000000
1708693826235205972,0.000000,0.000000,1.000000,0.000000
1708693826335277480,0.000000,0.000000,1.000000,0.000000
1708693826435302712,0.000000,0.000000,1.000000,0.000000
1708693826535381142,0.000000,0.000000,1.000000,0.000000
1708693826635459410,0.000000,0.000000,1.000000,0.000000
1708693826735523555,0.000000,0.000000,1.000000,0.000000
1708693826835606234,0.000000,0.000000,1.000000,0.000000
1708693826935651969,0.000000,0.000000,1.000000,0.000000
1708693827035723522,0.000000,0.000000,1.000000,0.000000
1708693827135809943,0.000000,0.000000,1.000000,0.000000
1708693827235860047,0.000000,0.050000,0.950000,0.000000
1708693827335951955,0.000000,0.000000,1.000000,0.000000
1708693827436021906,0.000000,0.000000,1.000000,0.000000
1708693827536106535,0.000000,0.000000,1.000000,0.000000
1708693827636125432,0.000000,0.000000,1.000000,0.000000
1708693827736223318,0.000000,0.000000,1.000000,0.000000
1708693827836298874,0.000000,0.000000,1.000000,0.000000
1708693827936372069,0.000000,0.000000,1.000000,0.000000
1708693828036379222,0.000000,0.000000,1.000000,0.000000
1708693828136477518,0.000000,0.000000,1.000000,0.000000
1708693828236557016,0.000000,0.000000,1.000000,0.000000
1708693828336633332,0.000000,0.000000,1.000000,0.000000
1708693828436708615,0.000000,0.000000,1.000000,0.000000
1708693828536714264,0.000000,0.000000,1.000000,0.000000
1708693828636795837,0.000000,0.000000,1.000000,0.000000
1708693828736879466,0.000000,0.000000,1.000000,0.000000
1708693828836955879,0.000000,0.000000,1.000000,0.000000
1708693828937027282,0.000000,0.000000,1.000000,0.000000
1708693829037055544,0.000000,0.000000,1.000000,0.000000
1708693829137121406,0.000000,0.000000,1.000000,0.000000
1708693829237216571,0.000000,0.000000,1.000000,0.000000
1708693829337289427,0.000000,0.000000,1.000000,0.000000
1708693829437367243,0.000000,0.000000,1.000000,0.000000
1708693829537373737,0.000000,0.000000,1.000000,0.000000
1708693829637475394,0.000000,0.000000,1.000000,0.000000
1708693829737518316,0.000000,0.000000,1.000000,0.000000
1708693829837601928,0.000000,0.000000,1.000000,0.000000
1708693829937647421,0.000000,0.000000,1.000000,0.000000
1708693830037734333,0.000000,0.000000,1.000000,0.000000
1708693830137793348,0.250000,0.250000,0.500000,0.000000
1708693830237888293,0.611111,0.388889,0.000000,0.000000
1708693830338019882,0.437500,0.562500,0.000000,0.000000
1708693830438114281,0.700000,0.300000,0.000000,0.000000
1708693830538216391,0.600000,0.400000,0.000000,0.000000
1708693830644929802,0.545455,0.454545,0.000000,0.000000
1708693830742842682,0.578947,0.421053,0.000000,0.000000
1708693830842950966,0.523810,0.476190,0.000000,0.000000
1708693830943060066,0.684211,0.315789,0.000000,0.000000
1708693831043131476,0.800000,0.200000,0.000000,0.000000
1708693831143197983,0.850000,0.150000,0.000000,0.000000
1708693831243333653,0.850000,0.150000,0.000000,0.000000
1708693831343394564,0.850000,0.150000,0.000000,0.000000
1708693831443463290,0.800000,0.200000,0.000000,0.000000
1708693831543550270,0.800000,0.150000,0.050000,0.000000
1708693831643692729,0.315789,0.105263,0.578947,0.000000
1708693831743719766,0.000000,0.055556,0.944444,0.000000
1708693831843813727,0.000000,0.000000,1.000000,0.000000
1708693831943835443,0.100000,0.050000,0.850000,0.000000
1708693832043931169,0.333333,0.055556,0.611111,0.000000
1708693832144047176,0.538462,0.461538,0.000000,0.000000
1708693832244171891,0.500000,0.350000,0.150000,0.000000
1708693832344287260,0.600000,0.350000,0.050000,0.000000
1708693832444380104,0.700000,0.300000,0.000000,0.000000
1708693832544496520,0.800000,0.100000,0.100000,0.000000
1708693832644534970,0.550000,0.350000,0.100000,0.000000
1708693832744664926,0.800000,0.200000,0.000000,0.000000
1708693832844781541,0.900000,0.100000,0.000000,0.000000
1708693832944885107,0.950000,0.050000,0.000000,0.000000
1708693833044990394,0.950000,0.050000,0.000000,0.000000
1708693833145107336,1.000000,0.000000,0.000000,0.000000
1708693833245221193,0.947368,0.000000,0.052632,0.000000
1708693833345273784,0.550000,0.150000,0.300000,0.000000
1708693833445363156,0.052632,0.052632,0.894737,0.000000
1708693833545451466,0.000000,0.100000,0.900000,0.000000
1708693833645485694,0.000000,0.000000,1.000000,0.000000
1708693833745546872,0.000000,0.000000,1.000000,0.000000
