Time,User,Kernel,Idle,IoWait
1708693814720067677,0.055556,0.055556,0.888889,0.000000
1708693814820118771,0.315789,0.052632,0.631579,0.000000
1708693814920225611,0.000000,0.000000,1.000000,0.000000
1708693815020337453,0.166667,0.333333,0.500000,0.000000
1708693815120438101,0.055556,0.277778,0.666667,0.000000
1708693815220528797,0.100000,0.100000,0.800000,0.000000
1708693815320685263,0.000000,0.000000,1.000000,0.000000
1708693815420780319,0.000000,0.055556,0.944444,0.000000
1708693815520830636,0.500000,0.350000,0.150000,0.000000
1708693815620985643,0.600000,0.350000,0.050000,0.000000
1708693815721112442,0.750000,0.250000,0.000000,0.000000
1708693815821600070,0.684211,0.315789,0.000000,0.000000
1708693815921560289,0.857143,0.142857,0.000000,0.000000
1708693816021670456,0.789474,0.210526,0.000000,0.000000
1708693816121782852,0.809524,0.190476,0.000000,0.000000
1708693816221863670,0.842105,0.157895,0.000000,0.000000
1708693816321957343,0.904762,0.095238,0.000000,0.000000
1708693816422023296,0.944444,0.055556,0.000000,0.000000
1708693816522089868,0.863636,0.090909,0.045455,0.000000
1708693816622198880,0.388889,0.000000,0.611111,0.000000
1708693816722254183,0.052632,0.052632,0.894737,0.000000
1708693816822410807,0.000000,0.000000,1.000000,0.000000
1708693816922511039,0.000000,0.000000,1.000000,0.000000
1708693817022579651,0.000000,0.000000,1.000000,0.000000
1708693817122699712,0.000000,0.050000,0.950000,0.000000
1708693817222773472,0.222222,0.000000,0.777778,0.000000
1708693817322849991,0.294118,0.176471,0.529412,0.000000
1708693817422912525,0.277778,0.444444,0.277778,0.000000
1708693817523058599,0.300000,0.200000,0.500000,0.000000
1708693817623125675,0.421053,0.315789,0.263158,0.000000
1708693817723272733,0.600000,0.350000,0.050000,0.000000
1708693817823327849,0.750000,0.150000,0.100000,0.000000
1708693817923479088,0.850000,0.150000,0.000000,0.000000
1708693818023605888,0.850000,0.150000,0.000000,0.000000
1708693818123698453,0.850000,0.150000,0.000000,0.000000
1708693818223812258,0.800000,0.200000,0.000000,0.000000
1708693818323921955,0.700000,0.250000,0.050000,0.000000
1708693818424001571,0.789474,0.210526,0.000000,0.000000
1708693818524147545,0.950000,0.050000,0.000000,0.000000
1708693818624257373,0.800000,0.100000,0.100000,0.000000
1708693818724356193,0.368421,0.052632,0.578947,0.000000
1708693818824473027,0.000000,0.000000,1.000000,0.000000
1708693818924529177,0.000000,0.050000,0.950000,0.000000
1708693819024582479,0.050000,0.050000,0.900000,0.000000
1708693819124697601,0.235294,0.000000,0.764706,0.000000
1708693819224768070,0.437500,0.312500,0.250000,0.000000
1708693819324906168,0.222222,0.333333,0.444444,0.000000
1708693819425042048,0.619048,0.190476,0.190476,0.000000
1708693819525164246,0.684211,0.263158,0.052632,0.000000
1708693819625289681,0.650000,0.350000,0.000000,0.000000
1708693819725411443,0.736842,0.263158,0.000000,0.000000
1708693819825530603,0.809524,0.190476,0.000000,0.000000
1708693819925661612,0.800000,0.200000,0.000000,0.000000
1708693820025794627,0.894737,0.105263,0.000000,0.000000
1708693820125912890,0.904762,0.095238,0.000000,0.000000
1708693820226033273,0.950000,0.050000,0.000000,0.000000
1708693820326154653,0.947368,0.052632,0.000000,0.000000
1708693820426588204,0.809524,0.190476,0.000000,0.000000
1708693820526618280,0.250000,0.050000,0.700000,0.000000
1708693820626716034,0.000000,0.055556,0.944444,0.000000
1708693820726760186,0.000000,0.000000,1.000000,0.000000
1708693820826847552,0.000000,0.000000,1.000000,0.000000
1708693820926964504,0.000000,0.000000,1.000000,0.000000
1708693821027064894,0.000000,0.050000,0.950000,0.000000
1708693821127182079,0.000000,0.000000,1.000000,0.000000
1708693821227235150,0.000000,0.000000,1.000000,0.055556
1708693821327359196,0.000000,0.000000,1.000000,0.000000
1708693821427466720,0.000000,0.000000,1.000000,0.000000
1708693821527566461,0.000000,0.000000,1.000000,0.000000
1708693821627677200,0.000000,0.000000,1.000000,0.000000
1708693821727784466,0.000000,0.000000,1.000000,0.000000
1708693821827876180,0.000000,0.000000,1.000000,0.000000
1708693821927894482,0.000000,0.000000,1.000000,0.000000
1708693822028020642,0.000000,0.000000,1.000000,0.000000
1708693822128127676,0.000000,0.000000,1.000000,0.000000
1708693822228212869,0.000000,0.000000,1.000000,0.000000
1708693822328314503,0.000000,0.000000,1.000000,0.000000
1708693822428384871,0.000000,0.000000,1.000000,0.000000
1708693822528495251,0.000000,0.000000,1.000000,0.000000
1708693822628600253,0.000000,0.000000,1.000000,0.000000
1708693822728687634,0.000000,0.000000,1.000000,0.000000
1708693822828784693,0.000000,0.000000,1.000000,0.000000
1708693822928881657,0.000000,0.000000,1.000000,0.000000
1708693823028995956,0.000000,0.000000,1.000000,0.000000
1708693823129095288,0.000000,0.000000,1.000000,0.000000
1708693823229198089,0.000000,0.000000,1.000000,0.000000
1708693823329245595,0.000000,0.000000,1.000000,0.000000
1708693823429329169,0.000000,0.000000,1.000000,0.000000
1708693823529443777,0.000000,0.000000,1.000000,0.000000
1708693823629526689,0.000000,0.000000,1.000000,0.000000
1708693823729643235,0.000000,0.000000,1.000000,0.000000
1708693823829752628,0.000000,0.000000,1.000000,0.000000
1708693823929848741,0.000000,0.000000,1.000000,0.000000
1708693824029947527,0.000000,0.000000,1.000000,0.000000
1708693824129980825,0.000000,0.000000,1.000000,0.000000
1708693824230095821,0.000000,0.000000,1.000000,0.000000
1708693824330180853,0.000000,0.000000,1.000000,0.000000
1708693824430273412,0.050000,0.000000,0.950000,0.000000
1708693824530397901,0.000000,0.000000,1.000000,0.000000
1708693824630437171,0.000000,0.000000,1.000000,0.000000
1708693824730561788,0.000000,0.000000,1.000000,0.000000
1708693824830655423,0.000000,0.000000,1.000000,0.000000
1708693824930688670,0.000000,0.000000,1.000000,0.000000
1708693825030810253,0.000000,0.000000,1.000000,0.000000
1708693825130919037,0.000000,0.000000,1.000000,0.000000
1708693825230977365,0.000000,0.000000,1.000000,0.000000
1708693825331087488,0.000000,0.000000,1.000000,0.000000
1708693825431175708,0.000000,0.000000,1.000000,0.000000
1708693825531230724,0.000000,0.000000,1.000000,0.000000
1708693825631306388,0.000000,0.000000,1.000000,0.000000
1708693825731423067,0.000000,0.000000,1.000000,0.000000
1708693825831523406,0.000000,0.000000,1.000000,0.000000
1708693825931573596,0.000000,0.000000,1.000000,0.000000
1708693826031631595,0.000000,0.000000,1.000000,0.000000
1708693826131704145,0.000000,0.000000,1.000000,0.000000
1708693826231789658,0.000000,0.050000,0.950000,0.000000
1708693826331854528,0.000000,0.000000,1.000000,0.000000
1708693826431986194,0.000000,0.000000,1.000000,0.000000
1708693826532080211,0.000000,0.000000,1.000000,0.000000
1708693826632189243,0.000000,0.000000,1.000000,0.000000
1708693826732239747,0.000000,0.000000,1.000000,0.000000
1708693826832310220,0.000000,0.000000,1.000000,0.000000
1708693826932418826,0.000000,0.000000,1.000000,0.000000
1708693827032520206,0.000000,0.000000,1.000000,0.000000
1708693827132579182,0.000000,0.050000,0.950000,0.000000
1708693827232697063,0.000000,0.000000,1.000000,0.000000
1708693827332790298,0.000000,0.000000,1.000000,0.000000
1708693827432849462,0.000000,0.000000,1.000000,0.000000
1708693827532910106,0.000000,0.000000,1.000000,0.000000
1708693827633037571,0.000000,0.000000,1.000000,0.000000
1708693827733129625,0.000000,0.000000,1.000000,0.000000
1708693827833184934,0.000000,0.000000,1.000000,0.000000
1708693827933244510,0.000000,0.000000,1.000000,0.000000
1708693828033355299,0.000000,0.000000,1.000000,0.000000
1708693828133458094,0.000000,0.000000,1.000000,0.000000
1708693828233560010,0.000000,0.000000,1.000000,0.000000
1708693828333677388,0.000000,0.000000,1.000000,0.000000
1708693828433712586,0.000000,0.000000,1.000000,0.000000
1708693828533791848,0.000000,0.000000,1.000000,0.000000
1708693828633891542,0.000000,0.000000,1.000000,0.000000
1708693828733974944,0.000000,0.000000,1.000000,0.000000
1708693828834071538,0.000000,0.000000,1.000000,0.000000
1708693828934118204,0.000000,0.000000,1.000000,0.000000
1708693829034229822,0.000000,0.000000,1.000000,0.000000
1708693829134290929,0.000000,0.000000,1.000000,0.000000
1708693829234380510,0.000000,0.000000,1.000000,0.000000
1708693829334426824,0.000000,0.000000,1.000000,0.000000
1708693829434510938,0.000000,0.000000,1.000000,0.000000
1708693829534560237,0.000000,0.000000,1.000000,0.000000
1708693829634644686,0.000000,0.000000,1.000000,0.000000
1708693829734695153,0.000000,0.000000,1.000000,0.000000
1708693829834776688,0.000000,0.000000,1.000000,0.000000
1708693829934829970,0.000000,0.000000,1.000000,0.000000
1708693830034942666,0.000000,0.000000,1.000000,0.000000
1708693830135044862,0.157895,0.000000,0.842105,0.000000
1708693830235203804,0.437500,0.312500,0.250000,0.000000
1708693830335383582,0.375000,0.312500,0.312500,0.000000
1708693830435477304,0.761905,0.238095,0.000000,0.000000
1708693830535603524,0.631579,0.368421,0.000000,0.000000
1708693830635704091,0.666667,0.285714,0.047619,0.000000
1708693830735821252,0.684211,0.210526,0.105263,0.000000
1708693830835952599,0.750000,0.250000,0.000000,0.000000
1708693830936083597,0.900000,0.100000,0.000000,0.000000
1708693831036209342,0.950000,0.050000,0.000000,0.000000
1708693831136290902,0.900000,0.100000,0.000000,0.000000
1708693831236428261,0.900000,0.100000,0.000000,0.000000
1708693831336560136,0.809524,0.190476,0.000000,0.000000
1708693831436681534,0.789474,0.105263,0.105263,0.000000
1708693831536806003,0.333333,0.111111,0.555556,0.000000
1708693831636856546,0.047619,0.047619,0.904762,0.000000
1708693831736921089,0.000000,0.000000,1.000000,0.000000
1708693831836978155,0.000000,0.050000,0.950000,0.000000
1708693831937102615,0.055556,0.000000,0.944444,0.000000
1708693832037127731,0.388889,0.111111,0.500000,0.000000
1708693832137266931,0.500000,0.333333,0.166667,0.000000
1708693832237915738,0.444444,0.277778,0.277778,0.000000
1708693832337840405,0.631579,0.315789,0.052632,0.000000
1708693832437952774,0.631579,0.368421,0.000000,0.000000
1708693832538067752,0.619048,0.380952,0.000000,0.000000
1708693832638207789,0.684211,0.315789,0.000000,0.000000
1708693832738310073,0.714286,0.285714,0.000000,0.000000
1708693832838430296,0.809524,0.190476,0.000000,0.000000
1708693832938544580,0.947368,0.052632,0.000000,0.000000
1708693833038660913,0.800000,0.200000,0.000000,0.000000
1708693833138782636,0.900000,0.100000,0.000000,0.000000
1708693833238841172,0.900000,0.100000,0.000000,0.000000
1708693833338989875,0.700000,0.100000,0.200000,0.000000
1708693833439073835,0.136364,0.090909,0.772727,0.000000
1708693833539133794,0.000000,0.000000,1.000000,0.000000
1708693833639259441,0.000000,0.000000,1.000000,0.000000
1708693833739359277,0.000000,0.000000,1.000000,0.000000
