Time,User,Kernel,Idle,IoWait
1708693814711624148,0.200000,0.000000,0.800000,0.000000
1708693814811738975,0.157895,0.000000,0.842105,0.000000
1708693814911835551,0.200000,0.066667,0.733333,0.200000
1708693815011972034,0.285714,0.357143,0.357143,0.357143
1708693815112131169,0.153846,0.230769,0.615385,0.307692
1708693815212236855,0.000000,0.125000,0.875000,0.000000
1708693815312370308,0.100000,0.150000,0.750000,0.000000
1708693815412473964,0.400000,0.250000,0.350000,0.000000
1708693815512595100,0.526316,0.315789,0.157895,0.000000
1708693815612617941,0.650000,0.250000,0.100000,0.000000
1708693815712724340,0.809524,0.190476,0.000000,0.000000
1708693815812897256,0.736842,0.263158,0.000000,0.000000
1708693815913018002,0.850000,0.150000,0.000000,0.000000
1708693816013133490,0.750000,0.250000,0.000000,0.000000
1708693816113231698,0.850000,0.150000,0.000000,0.000000
1708693816213350138,0.950000,0.050000,0.000000,0.000000
1708693816313457241,0.900000,0.100000,0.000000,0.000000
1708693816413594826,0.850000,0.150000,0.000000,0.000000
1708693816513667139,0.850000,0.050000,0.100000,0.000000
1708693816613813053,0.157895,0.052632,0.789474,0.000000
1708693816713926261,0.000000,0.000000,1.000000,0.000000
1708693816814032215,0.000000,0.000000,1.000000,0.000000
1708693816914142645,0.000000,0.050000,0.950000,0.000000
1708693817014204354,0.000000,0.000000,1.000000,0.000000
1708693817114325701,0.000000,0.052632,0.947368,0.000000
1708693817214348628,0.100000,0.050000,0.850000,0.000000
1708693817314572190,0.437500,0.187500,0.375000,0.000000
1708693817414780123,0.444444,0.222222,0.333333,0.000000
1708693817514886553,0.222222,0.277778,0.500000,0.000000
1708693817615007193,0.526316,0.315789,0.157895,0.000000
1708693817715134897,0.631579,0.368421,0.000000,0.000000
1708693817815267450,0.600000,0.400000,0.000000,0.000000
1708693817915395058,0.714286,0.285714,0.000000,0.000000
1708693818015526618,0.950000,0.050000,0.000000,0.000000
1708693818115651009,0.750000,0.250000,0.000000,0.000000
1708693818215786249,0.900000,0.100000,0.000000,0.000000
1708693818315908635,0.800000,0.200000,0.000000,0.000000
1708693818416035265,0.894737,0.105263,0.000000,0.000000
1708693818516157512,0.857143,0.142857,0.000000,0.000000
1708693818616287353,0.700000,0.150000,0.150000,0.000000
1708693818716364088,0.400000,0.100000,0.500000,0.000000
1708693818816441330,0.055556,0.000000,0.944444,0.000000
1708693818916580082,0.000000,0.000000,1.000000,0.000000
1708693819016622357,0.000000,0.052632,0.947368,0.000000
1708693819116667173,0.250000,0.050000,0.700000,0.000000
1708693819216796497,0.533333,0.266667,0.200000,0.000000
1708693819317242393,0.588235,0.352941,0.058824,0.000000
1708693819417263736,0.619048,0.380952,0.000000,0.000000
1708693819517389066,0.684211,0.315789,0.000000,0.000000
1708693819617524201,0.600000,0.400000,0.000000,0.000000
1708693819717650586,0.761905,0.238095,0.000000,0.000000
1708693819817783908,0.842105,0.157895,0.000000,0.000000
1708693819917909878,0.850000,0.150000,0.000000,0.000000
1708693820018039556,0.950000,0.050000,0.000000,0.000000
1708693820118169317,0.952381,0.047619,0.000000,0.000000
1708693820218312338,0.950000,0.050000,0.000000,0.000000
1708693820318429448,0.950000,0.050000,0.000000,0.000000
1708693820418540694,0.600000,0.150000,0.250000,0.000000
1708693820518617364,0.222222,0.000000,0.777778,0.000000
1708693820618687583,0.050000,0.050000,0.900000,0.000000
1708693820718819175,0.000000,0.000000,1.000000,0.000000
1708693820818897632,0.000000,0.000000,1.000000,0.000000
1708693820919019605,0.000000,0.000000,1.000000,0.000000
1708693821019077669,0.000000,0.000000,1.000000,0.000000
1708693821119199338,0.000000,0.050000,0.950000,0.000000
1708693821219313335,0.000000,0.000000,1.000000,0.000000
1708693821319411464,0.000000,0.000000,1.000000,0.000000
1708693821419513119,0.000000,0.000000,1.000000,0.000000
1708693821519628036,0.000000,0.000000,1.000000,0.000000
1708693821619731621,0.000000,0.000000,1.000000,0.000000
1708693821719832990,0.000000,0.000000,1.000000,0.000000
1708693821819885993,0.000000,0.000000,1.000000,0.000000
1708693821920004068,0.000000,0.000000,1.000000,0.000000
1708693822020097073,0.000000,0.000000,1.000000,0.000000
1708693822120203057,0.000000,0.000000,1.000000,0.000000
1708693822220299669,0.000000,0.000000,1.000000,0.000000
1708693822320345715,0.000000,0.000000,1.000000,0.000000
1708693822420414603,0.000000,0.000000,1.000000,0.000000
1708693822520480645,0.000000,0.000000,1.000000,0.000000
1708693822620596960,0.000000,0.000000,1.000000,0.000000
1708693822720700515,0.000000,0.000000,1.000000,0.000000
1708693822820818726,0.000000,0.000000,1.000000,0.000000
1708693822920912682,0.000000,0.000000,1.000000,0.000000
1708693823021014414,0.000000,0.000000,1.000000,0.000000
1708693823121091173,0.000000,0.000000,1.000000,0.000000
1708693823221209945,0.000000,0.000000,1.000000,0.000000
1708693823321293763,0.000000,0.000000,1.000000,0.000000
1708693823421393524,0.000000,0.000000,1.000000,0.000000
1708693823521500438,0.000000,0.000000,1.000000,0.000000
1708693823621605264,0.000000,0.000000,1.000000,0.000000
1708693823721691839,0.000000,0.000000,1.000000,0.000000
1708693823821789489,0.000000,0.000000,1.000000,0.000000
1708693823921901404,0.000000,0.000000,1.000000,0.000000
1708693824021990855,0.000000,0.000000,1.000000,0.000000
1708693824122101409,0.000000,0.000000,1.000000,0.000000
1708693824222148505,0.000000,0.000000,1.000000,0.000000
1708693824322289212,0.000000,0.000000,1.000000,0.000000
1708693824422364109,0.000000,0.000000,1.000000,0.000000
1708693824522471641,0.000000,0.000000,1.000000,0.000000
1708693824622564856,0.000000,0.000000,1.000000,0.000000
1708693824722599131,0.000000,0.050000,0.950000,0.000000
1708693824822692758,0.000000,0.000000,1.000000,0.000000
1708693824922738562,0.000000,0.000000,1.000000,0.000000
1708693825022806599,0.000000,0.000000,1.000000,0.000000
1708693825122882106,0.000000,0.000000,1.000000,0.000000
1708693825222940142,0.000000,0.000000,1.000000,0.000000
1708693825323025669,0.000000,0.000000,1.000000,0.000000
1708693825423071082,0.000000,0.000000,1.000000,0.000000
1708693825523160707,0.000000,0.000000,1.000000,0.000000
1708693825623264943,0.000000,0.000000,1.000000,0.000000
1708693825723350039,0.000000,0.000000,1.000000,0.000000
1708693825823425770,0.000000,0.000000,1.000000,0.000000
1708693825923480201,0.000000,0.000000,1.000000,0.000000
1708693826023549590,0.000000,0.000000,1.000000,0.000000
1708693826123623635,0.000000,0.000000,1.000000,0.000000
1708693826223673744,0.000000,0.000000,1.000000,0.000000
1708693826323748921,0.000000,0.000000,1.000000,0.000000
1708693826423857843,0.000000,0.000000,1.000000,0.000000
1708693826523936182,0.000000,0.000000,1.000000,0.000000
1708693826624024510,0.000000,0.000000,1.000000,0.000000
1708693826724130789,0.000000,0.000000,1.000000,0.000000
1708693826824229826,0.000000,0.000000,1.000000,0.000000
1708693826924278237,0.000000,0.000000,1.000000,0.000000
1708693827024392287,0.000000,0.000000,1.000000,0.000000
1708693827124498928,0.000000,0.000000,1.000000,0.000000
1708693827224555471,0.000000,0.000000,1.000000,0.000000
1708693827324612832,0.000000,0.000000,1.000000,0.000000
1708693827424696935,0.000000,0.000000,1.000000,0.000000
1708693827524826652,0.000000,0.000000,1.000000,0.000000
1708693827624882471,0.000000,0.000000,1.000000,0.000000
1708693827725004252,0.000000,0.000000,1.000000,0.000000
1708693827825093519,0.000000,0.000000,1.000000,0.000000
1708693827925141879,0.000000,0.000000,1.000000,0.000000
1708693828025229454,0.000000,0.000000,1.000000,0.000000
1708693828125277405,0.000000,0.000000,1.000000,0.000000
1708693828225360964,0.000000,0.000000,1.000000,0.000000
1708693828325421412,0.000000,0.000000,1.000000,0.000000
1708693828425500117,0.000000,0.000000,1.000000,0.000000
1708693828525628051,0.000000,0.000000,1.000000,0.000000
1708693828625724104,0.000000,0.000000,1.000000,0.000000
1708693828725846781,0.000000,0.000000,1.000000,0.000000
1708693828825877748,0.000000,0.000000,1.000000,0.000000
1708693828925999094,0.000000,0.000000,1.000000,0.000000
1708693829026099127,0.000000,0.000000,1.000000,0.000000
1708693829126216406,0.000000,0.000000,1.000000,0.000000
1708693829226317069,0.000000,0.000000,1.000000,0.000000
1708693829326428113,0.000000,0.000000,1.000000,0.000000
1708693829426473075,0.000000,0.000000,1.000000,0.000000
1708693829526555624,0.000000,0.000000,1.000000,0.000000
1708693829626606267,0.000000,0.000000,1.000000,0.000000
1708693829726676128,0.000000,0.000000,1.000000,0.000000
1708693829826794014,0.000000,0.000000,1.000000,0.000000
1708693829926889010,0.000000,0.000000,1.000000,0.000000
1708693830026981000,0.000000,0.000000,1.000000,0.000000
1708693830127089584,0.055556,0.055556,0.888889,0.000000
1708693830227200020,0.411765,0.235294,0.352941,0.000000
1708693830327351230,0.294118,0.588235,0.117647,0.000000
1708693830427449991,0.684211,0.315789,0.000000,0.000000
1708693830527597049,0.450000,0.550000,0.000000,0.000000
1708693830627660461,0.700000,0.300000,0.000000,0.000000
1708693830727813572,0.650000,0.350000,0.000000,0.000000
1708693830827948062,0.800000,0.200000,0.000000,0.000000
1708693830928068940,0.800000,0.200000,0.000000,0.000000
1708693831028199727,0.842105,0.157895,0.000000,0.000000
1708693831128324348,0.857143,0.142857,0.000000,0.000000
1708693831228399917,0.750000,0.250000,0.000000,0.000000
1708693831328542884,0.900000,0.100000,0.000000,0.000000
1708693831428628769,0.894737,0.105263,0.000000,0.000000
1708693831528787209,0.550000,0.150000,0.300000,0.000000
1708693831628908549,0.000000,0.055556,0.944444,0.000000
1708693831729017827,0.000000,0.000000,1.000000,0.000000
1708693831829102698,0.000000,0.000000,1.000000,0.000000
1708693831929211353,0.055556,0.000000,0.944444,0.000000
1708693832029316009,0.421053,0.052632,0.526316,0.000000
1708693832129513989,0.384615,0.615385,0.000000,0.000000
1708693832229703536,0.526316,0.315789,0.157895,0.000000
1708693832329802782,0.550000,0.450000,0.000000,0.000000
1708693832429933863,0.650000,0.350000,0.000000,0.000000
1708693832530071738,0.650000,0.350000,0.000000,0.000000
1708693832630196728,0.800000,0.200000,0.000000,0.000000
1708693832730336924,0.800000,0.200000,0.000000,0.000000
1708693832830455121,0.857143,0.142857,0.000000,0.000000
1708693832930582329,0.950000,0.050000,0.000000,0.000000
1708693833030706356,0.900000,0.100000,0.000000,0.000000
1708693833130831809,0.950000,0.050000,0.000000,0.000000
1708693833230962073,0.850000,0.150000,0.000000,0.000000
1708693833331035180,0.750000,0.100000,0.150000,0.000000
1708693833431183250,0.052632,0.105263,0.842105,0.000000
1708693833531280861,0.000000,0.000000,1.000000,0.000000
1708693833631384638,0.000000,0.000000,1.000000,0.000000
1708693833731496972,0.000000,0.000000,1.000000,0.000000
1708693833831603761,0.000000,0.000000,1.000000,0.000000
