Time,User,Kernel,Idle,IoWait
1708693814720637599,0.150000,0.000000,0.850000,0.000000
1708693814820700832,0.277778,0.055556,0.666667,0.000000
1708693814920728320,0.111111,0.055556,0.833333,0.000000
1708693815020839199,0.176471,0.294118,0.529412,0.000000
1708693815120905771,0.058824,0.176471,0.764706,0.000000
1708693815221048059,0.055556,0.055556,0.888889,0.000000
1708693815321176569,0.150000,0.200000,0.650000,0.000000
1708693815421259174,0.761905,0.238095,0.000000,0.000000
1708693815521387676,0.600000,0.400000,0.000000,0.000000
1708693815621468382,0.700000,0.300000,0.000000,0.000000
1708693815721619213,0.631579,0.368421,0.000000,0.000000
1708693815821753467,0.714286,0.285714,0.000000,0.000000
1708693815921886685,0.900000,0.100000,0.000000,0.000000
1708693816022020902,0.850000,0.150000,0.000000,0.000000
1708693816122077754,0.947368,0.052632,0.000000,0.000000
1708693816222216760,0.850000,0.150000,0.000000,0.000000
1708693816322350577,0.809524,0.190476,0.000000,0.000000
1708693816422464850,0.789474,0.052632,0.157895,0.000000
1708693816522579296,0.166667,0.111111,0.722222,0.000000
1708693816622687715,0.000000,0.000000,1.000000,0.000000
1708693816722783599,0.000000,0.000000,1.000000,0.000000
1708693816822862676,0.000000,0.000000,1.000000,0.000000
1708693816922990317,0.000000,0.000000,1.000000,0.000000
1708693817023069113,0.000000,0.000000,1.000000,0.000000
1708693817123180148,0.000000,0.050000,0.950000,0.000000
1708693817226281332,0.350000,0.100000,0.550000,0.000000
1708693817325391902,0.437500,0.250000,0.312500,0.000000
1708693817425594867,0.187500,0.250000,0.562500,0.000000
1708693817525726975,0.368421,0.210526,0.421053,0.000000
1708693817625752711,0.526316,0.368421,0.105263,0.000000
1708693817725822431,0.619048,0.380952,0.000000,0.000000
1708693817825881607,0.750000,0.250000,0.000000,0.000000
1708693817925990283,0.736842,0.263158,0.000000,0.000000
1708693818026074529,0.850000,0.150000,0.000000,0.000000
1708693818126167182,0.857143,0.142857,0.000000,0.000000
1708693818226261234,0.947368,0.052632,0.000000,0.000000
1708693818326380779,0.904762,0.095238,0.000000,0.000000
1708693818426516696,1.000000,0.000000,0.000000,0.000000
1708693818526650559,0.952381,0.047619,0.000000,0.000000
1708693818626675569,0.684211,0.052632,0.263158,0.000000
1708693818726810222,0.052632,0.105263,0.842105,0.000000
1708693818826917291,0.000000,0.000000,1.000000,0.000000
1708693818927019674,0.000000,0.050000,0.950000,0.000000
1708693819029291713,0.052632,0.000000,0.947368,0.000000
1708693819130091092,0.200000,0.050000,0.750000,0.000000
1708693819231937126,0.470588,0.235294,0.294118,0.000000
1708693819331311950,0.352941,0.411765,0.235294,0.000000
1708693819431710690,0.550000,0.450000,0.000000,0.000000
1708693819531878513,0.600000,0.400000,0.000000,0.000000
1708693819631908421,0.750000,0.250000,0.000000,0.000000
1708693819732108241,0.736842,0.263158,0.000000,0.000000
1708693819833492184,0.650000,0.350000,0.000000,0.000000
1708693819935344474,0.952381,0.047619,0.000000,0.000000
1708693820035242205,0.900000,0.100000,0.000000,0.000000
1708693820136730662,0.850000,0.150000,0.000000,0.000000
1708693820236260270,0.904762,0.095238,0.000000,0.000000
1708693820338163313,0.950000,0.050000,0.000000,0.000000
1708693820439115842,0.736842,0.157895,0.105263,0.000000
1708693820538664343,0.210526,0.052632,0.736842,0.000000
1708693820638749755,0.047619,0.047619,0.904762,0.000000
1708693820738798872,0.000000,0.000000,1.000000,0.000000
1708693820838877970,0.000000,0.000000,1.000000,0.000000
1708693820938961222,0.000000,0.000000,1.000000,0.000000
1708693821039039880,0.000000,0.000000,1.000000,0.000000
1708693821139048793,0.000000,0.000000,1.000000,0.000000
1708693821239148184,0.000000,0.000000,1.000000,0.000000
1708693821339195049,0.000000,0.000000,1.000000,0.000000
1708693821439285657,0.000000,0.000000,1.000000,0.000000
1708693821539371081,0.000000,0.000000,1.000000,0.000000
1708693821639445229,0.000000,0.000000,1.000000,0.000000
1708693821739520169,0.000000,0.000000,1.000000,0.000000
1708693821839597985,0.000000,0.000000,1.000000,0.000000
1708693821939652529,0.000000,0.000000,1.000000,0.000000
1708693822039737041,0.000000,0.050000,0.950000,0.000000
1708693822139810580,0.000000,0.000000,1.000000,0.000000
1708693822239890253,0.000000,0.000000,1.000000,0.000000
1708693822339966689,0.000000,0.000000,1.000000,0.000000
1708693822440042962,0.000000,0.000000,1.000000,0.000000
1708693822540052142,0.000000,0.000000,1.000000,0.000000
1708693822640140751,0.000000,0.000000,1.000000,0.000000
1708693822740224217,0.000000,0.000000,1.000000,0.000000
1708693822840301457,0.000000,0.000000,1.000000,0.000000
1708693822940374593,0.000000,0.000000,1.000000,0.000000
1708693823040454705,0.000000,0.000000,1.000000,0.000000
1708693823140460105,0.000000,0.000000,1.000000,0.000000
1708693823240562310,0.000000,0.000000,1.000000,0.000000
1708693823340632553,0.000000,0.000000,1.000000,0.000000
1708693823440710478,0.000000,0.000000,1.000000,0.000000
1708693823540790537,0.000000,0.000000,1.000000,0.000000
1708693823640865666,0.000000,0.050000,0.950000,0.000000
1708693823740927226,0.000000,0.000000,1.000000,0.000000
1708693823841009114,0.000000,0.000000,1.000000,0.000000
1708693823941082556,0.000000,0.000000,1.000000,0.000000
1708693824041147656,0.000000,0.000000,1.000000,0.000000
1708693824141261363,0.000000,0.000000,1.000000,0.000000
1708693824241324154,0.000000,0.000000,1.000000,0.000000
1708693824341403979,0.000000,0.050000,0.950000,0.000000
1708693824441483071,0.000000,0.000000,1.000000,0.000000
1708693824541559547,0.000000,0.000000,1.000000,0.000000
1708693824641631705,0.000000,0.000000,1.000000,0.000000
1708693824741715866,0.000000,0.000000,1.000000,0.000000
1708693824841794733,0.000000,0.000000,1.000000,0.000000
1708693824941869261,0.000000,0.000000,1.000000,0.000000
1708693825041919525,0.000000,0.000000,1.000000,0.000000
1708693825141989944,0.000000,0.000000,1.000000,0.000000
1708693825242051983,0.000000,0.000000,1.000000,0.000000
1708693825342125990,0.000000,0.000000,1.000000,0.000000
1708693825442201127,0.000000,0.000000,1.000000,0.000000
1708693825542269907,0.000000,0.000000,1.000000,0.000000
1708693825642350568,0.000000,0.000000,1.000000,0.000000
1708693825742424720,0.000000,0.000000,1.000000,0.000000
1708693825842499691,0.000000,0.000000,1.000000,0.000000
1708693825942582919,0.000000,0.000000,1.000000,0.000000
1708693826042652479,0.000000,0.000000,1.000000,0.000000
1708693826142718212,0.000000,0.000000,1.000000,0.000000
1708693826242800308,0.000000,0.000000,1.000000,0.000000
1708693826342883436,0.000000,0.000000,1.000000,0.000000
1708693826442955945,0.000000,0.000000,1.000000,0.000000
1708693826542989720,0.000000,0.000000,1.000000,0.000000
1708693826643082824,0.000000,0.000000,1.000000,0.000000
1708693826743158870,0.000000,0.000000,1.000000,0.000000
1708693826843173561,0.000000,0.000000,1.000000,0.000000
1708693826943269665,0.000000,0.000000,1.000000,0.000000
1708693827043319872,0.000000,0.000000,1.000000,0.000000
1708693827143403912,0.000000,0.000000,1.000000,0.000000
1708693827243446147,0.000000,0.000000,1.000000,0.000000
1708693827343521015,0.000000,0.000000,1.000000,0.000000
1708693827443599967,0.000000,0.000000,1.000000,0.000000
1708693827543667362,0.000000,0.050000,0.950000,0.000000
1708693827643745126,0.000000,0.000000,1.000000,0.000000
1708693827743824416,0.000000,0.000000,1.000000,0.000000
1708693827843842904,0.000000,0.000000,1.000000,0.000000
1708693827943936840,0.000000,0.000000,1.000000,0.000000
1708693828043987156,0.000000,0.000000,1.000000,0.000000
1708693828143997129,0.000000,0.000000,1.000000,0.000000
1708693828244097861,0.000000,0.000000,1.000000,0.000000
1708693828344119611,0.000000,0.000000,1.000000,0.000000
1708693828444214130,0.000000,0.000000,1.000000,0.000000
1708693828544292293,0.000000,0.000000,1.000000,0.000000
1708693828644366209,0.000000,0.000000,1.000000,0.000000
1708693828744400772,0.000000,0.000000,1.000000,0.000000
1708693828844446457,0.000000,0.000000,1.000000,0.000000
1708693828944533955,0.000000,0.000000,1.000000,0.000000
1708693829044617180,0.000000,0.000000,1.000000,0.000000
1708693829144685638,0.000000,0.000000,1.000000,0.000000
1708693829244727884,0.000000,0.050000,0.950000,0.000000
1708693829344817943,0.000000,0.000000,1.000000,0.000000
1708693829444846817,0.000000,0.000000,1.000000,0.000000
1708693829544935420,0.000000,0.000000,1.000000,0.000000
1708693829644992604,0.000000,0.000000,1.000000,0.000000
1708693829745058461,0.000000,0.000000,1.000000,0.000000
1708693829845144482,0.000000,0.000000,1.000000,0.000000
1708693829945223724,0.000000,0.000000,1.000000,0.000000
1708693830045326056,0.000000,0.000000,1.000000,0.000000
1708693830145401497,0.300000,0.000000,0.700000,0.000000
1708693830245451268,0.562500,0.312500,0.125000,0.000000
1708693830345587723,0.450000,0.400000,0.150000,0.000000
1708693830445693290,0.600000,0.400000,0.000000,0.000000
1708693830545802524,0.750000,0.250000,0.000000,0.000000
1708693830645874558,0.700000,0.300000,0.000000,0.000000
1708693830745917574,0.700000,0.300000,0.000000,0.000000
1708693830845991317,1.000000,0.000000,0.000000,0.000000
1708693830946079200,0.900000,0.100000,0.000000,0.000000
1708693831046191803,0.900000,0.100000,0.000000,0.000000
1708693831146278446,0.904762,0.095238,0.000000,0.000000
1708693831246344508,0.950000,0.050000,0.000000,0.000000
1708693831346480874,0.950000,0.050000,0.000000,0.000000
1708693831446542028,0.750000,0.150000,0.100000,0.000000
1708693831546633250,0.000000,0.055556,0.944444,0.000000
1708693831646664232,0.000000,0.000000,1.000000,0.000000
1708693831746760239,0.000000,0.095238,0.904762,0.000000
1708693831846833791,0.050000,0.000000,0.950000,0.000000
1708693831946910111,0.105263,0.000000,0.894737,0.000000
1708693832046972460,0.444444,0.222222,0.333333,0.000000
1708693832147052301,0.388889,0.555556,0.055556,0.000000
1708693832247085074,0.263158,0.631579,0.105263,0.000000
1708693832347217482,0.500000,0.500000,0.000000,0.000000
1708693832447248512,0.571429,0.380952,0.047619,0.000000
1708693832547370404,0.500000,0.500000,0.000000,0.000000
1708693832647466957,0.600000,0.400000,0.000000,0.000000
1708693832747569200,0.750000,0.250000,0.000000,0.000000
1708693832847629123,0.650000,0.350000,0.000000,0.000000
1708693832947700538,0.842105,0.157895,0.000000,0.000000
1708693833047788325,0.904762,0.095238,0.000000,0.000000
1708693833147898290,0.894737,0.105263,0.000000,0.000000
1708693833247968991,0.904762,0.095238,0.000000,0.000000
1708693833348023371,0.900000,0.100000,0.000000,0.000000
1708693833448139499,0.900000,0.100000,0.000000,0.000000
1708693833548233323,0.578947,0.105263,0.315789,0.000000
1708693833648302073,0.000000,0.100000,0.900000,0.000000
1708693833748310868,0.000000,0.000000,1.000000,0.000000
