Time,User,Kernel,Idle,IoWait
1708693814711346267,0.058824,0.000000,0.941176,0.000000
1708693814811385843,0.157895,0.000000,0.842105,0.000000
1708693814911516532,0.250000,0.050000,0.700000,0.000000
1708693815011647447,0.166667,0.166667,0.666667,0.000000
1708693815111725874,0.250000,0.375000,0.375000,0.000000
1708693815211867019,0.066667,0.133333,0.800000,0.200000
1708693815312097636,0.071429,0.214286,0.714286,0.500000
1708693815412191610,0.437500,0.562500,0.000000,0.250000
1708693815512328951,0.684211,0.315789,0.000000,0.052632
1708693815612466963,0.736842,0.263158,0.000000,0.000000
1708693815712595783,0.550000,0.450000,0.000000,0.000000
1708693815812730569,0.800000,0.200000,0.000000,0.000000
1708693815912816912,0.750000,0.250000,0.000000,0.000000
1708693816012934600,0.800000,0.200000,0.000000,0.000000
1708693816113087566,0.850000,0.150000,0.000000,0.000000
1708693816213223874,0.900000,0.100000,0.000000,0.000000
1708693816313327941,0.900000,0.100000,0.000000,0.000000
1708693816413467590,0.900000,0.100000,0.000000,0.000000
1708693816513520464,0.500000,0.100000,0.400000,0.000000
1708693816613537020,0.050000,0.100000,0.850000,0.000000
1708693816713683037,0.000000,0.000000,1.000000,0.000000
1708693816813777071,0.000000,0.000000,1.000000,0.000000
1708693816913841174,0.000000,0.050000,0.950000,0.000000
1708693817013994368,0.000000,0.000000,1.000000,0.000000
1708693817114092359,0.000000,0.000000,1.000000,0.000000
1708693817222958092,0.200000,0.050000,0.750000,0.000000
1708693817320091799,0.450000,0.200000,0.350000,0.000000
1708693817420171597,0.250000,0.500000,0.250000,0.000000
1708693817520260649,0.500000,0.250000,0.250000,0.000000
1708693817620394201,0.428571,0.571429,0.000000,0.000000
1708693817720504697,0.631579,0.368421,0.000000,0.000000
1708693817820592777,0.600000,0.300000,0.100000,0.000000
1708693817920670074,0.611111,0.333333,0.055556,0.000000
1708693818020792752,0.857143,0.095238,0.047619,0.000000
1708693818120838313,0.900000,0.100000,0.000000,0.000000
1708693818220917076,0.900000,0.100000,0.000000,0.000000
1708693818321064629,1.000000,0.000000,0.000000,0.000000
1708693818421128219,0.904762,0.095238,0.000000,0.000000
1708693818521250211,0.900000,0.100000,0.000000,0.000000
1708693818621307043,0.611111,0.111111,0.277778,0.000000
1708693818721369692,0.052632,0.105263,0.842105,0.000000
1708693818821456676,0.000000,0.000000,1.000000,0.000000
1708693818921495882,0.050000,0.000000,0.950000,0.000000
1708693819021606377,0.000000,0.000000,1.000000,0.000000
1708693819125200418,0.157895,0.052632,0.789474,0.000000
1708693819224462518,0.571429,0.214286,0.214286,0.000000
1708693819324463019,0.411765,0.411765,0.176471,0.000000
1708693819424581989,0.650000,0.300000,0.050000,0.000000
1708693819524651554,0.600000,0.400000,0.000000,0.000000
1708693819624706796,0.750000,0.250000,0.000000,0.000000
1708693819724835265,0.684211,0.315789,0.000000,0.000000
1708693819824918717,0.761905,0.238095,0.000000,0.000000
1708693819924999181,0.800000,0.200000,0.000000,0.000000
1708693820025114428,0.900000,0.100000,0.000000,0.000000
1708693820125183633,0.850000,0.150000,0.000000,0.000000
1708693820225324165,0.950000,0.050000,0.000000,0.000000
1708693820325412211,0.736842,0.157895,0.105263,0.000000
1708693820425503281,0.714286,0.190476,0.095238,0.000000
1708693820525592936,0.058824,0.000000,0.941176,0.000000
1708693820625624701,0.000000,0.000000,1.000000,0.000000
1708693820725716808,0.000000,0.050000,0.950000,0.000000
1708693820825766402,0.000000,0.000000,1.000000,0.000000
1708693820925858401,0.000000,0.000000,1.000000,0.000000
1708693821025943109,0.000000,0.000000,1.000000,0.000000
1708693821125945963,0.000000,0.000000,1.000000,0.000000
1708693821226053121,0.000000,0.000000,1.000000,0.000000
1708693821326130427,0.000000,0.000000,1.000000,0.000000
1708693821426150242,0.000000,0.000000,1.000000,0.000000
1708693821526249473,0.000000,0.000000,1.000000,0.000000
1708693821626297072,0.000000,0.000000,1.000000,0.000000
1708693821726371856,0.000000,0.000000,1.000000,0.000000
1708693821826436312,0.000000,0.000000,1.000000,0.000000
1708693821926504812,0.000000,0.000000,1.000000,0.000000
1708693822026566181,0.047619,0.047619,0.904762,0.000000
1708693822126643623,0.000000,0.000000,1.000000,0.000000
1708693822226721153,0.000000,0.000000,1.000000,0.000000
1708693822326794813,0.000000,0.000000,1.000000,0.000000
1708693822426870009,0.000000,0.000000,1.000000,0.000000
1708693822526942505,0.000000,0.000000,1.000000,0.000000
1708693822627017630,0.000000,0.000000,1.000000,0.000000
1708693822727088880,0.000000,0.000000,1.000000,0.000000
1708693822827170707,0.000000,0.000000,1.000000,0.000000
1708693822927249386,0.000000,0.000000,1.000000,0.000000
1708693823027296725,0.000000,0.000000,1.000000,0.000000
1708693823127386223,0.000000,0.000000,1.000000,0.000000
1708693823227433869,0.000000,0.000000,1.000000,0.000000
1708693823327519832,0.000000,0.000000,1.000000,0.000000
1708693823427529430,0.000000,0.000000,1.000000,0.000000
1708693823527626205,0.000000,0.000000,1.000000,0.000000
1708693823627637831,0.000000,0.000000,1.000000,0.000000
1708693823727692708,0.000000,0.000000,1.000000,0.000000
1708693823827732480,0.000000,0.000000,1.000000,0.000000
1708693823927759717,0.000000,0.000000,1.000000,0.000000
1708693824027854147,0.000000,0.000000,1.000000,0.000000
1708693824127896023,0.000000,0.000000,1.000000,0.000000
1708693824227982195,0.000000,0.000000,1.000000,0.000000
1708693824328006257,0.000000,0.000000,1.000000,0.000000
1708693824428095135,0.000000,0.000000,1.000000,0.000000
1708693824528174254,0.000000,0.000000,1.000000,0.000000
1708693824628251560,0.000000,0.000000,1.000000,0.000000
1708693824728326490,0.000000,0.000000,1.000000,0.000000
1708693824828352624,0.000000,0.000000,1.000000,0.000000
1708693824928432442,0.000000,0.000000,1.000000,0.000000
1708693825028491320,0.000000,0.000000,1.000000,0.000000
1708693825128567670,0.000000,0.000000,1.000000,0.000000
1708693825228630221,0.000000,0.000000,1.000000,0.000000
1708693825328710966,0.000000,0.000000,1.000000,0.000000
1708693825428778397,0.000000,0.000000,1.000000,0.000000
1708693825528836617,0.000000,0.000000,1.000000,0.000000
1708693825628918398,0.000000,0.000000,1.000000,0.000000
1708693825728992394,0.000000,0.000000,1.000000,0.000000
1708693825829064825,0.000000,0.000000,1.000000,0.000000
1708693825929138364,0.000000,0.000000,1.000000,0.000000
1708693826029160053,0.000000,0.000000,1.000000,0.000000
1708693826129231223,0.000000,0.000000,1.000000,0.000000
1708693826229317560,0.000000,0.000000,1.000000,0.000000
1708693826329365345,0.000000,0.000000,1.000000,0.000000
1708693826429456888,0.000000,0.000000,1.000000,0.000000
1708693826529534655,0.000000,0.000000,1.000000,0.000000
1708693826629566898,0.000000,0.000000,1.000000,0.000000
1708693826729661257,0.000000,0.000000,1.000000,0.000000
1708693826829729796,0.000000,0.000000,1.000000,0.000000
1708693826929746977,0.000000,0.000000,1.000000,0.000000
1708693827029846551,0.000000,0.000000,1.000000,0.000000
1708693827129891414,0.000000,0.000000,1.000000,0.000000
1708693827229976609,0.000000,0.000000,1.000000,0.000000
1708693827330008021,0.000000,0.000000,1.000000,0.000000
1708693827430038898,0.000000,0.000000,1.000000,0.000000
1708693827530151475,0.000000,0.000000,1.000000,0.000000
1708693827630220353,0.000000,0.000000,1.000000,0.000000
1708693827730301298,0.000000,0.000000,1.000000,0.000000
1708693827830375957,0.000000,0.000000,1.000000,0.000000
1708693827930425910,0.000000,0.000000,1.000000,0.000000
1708693828030499679,0.000000,0.000000,1.000000,0.000000
1708693828130578499,0.000000,0.050000,0.950000,0.000000
1708693828230651846,0.000000,0.000000,1.000000,0.000000
1708693828330692687,0.000000,0.000000,1.000000,0.000000
1708693828430743112,0.000000,0.000000,1.000000,0.000000
1708693828530834811,0.000000,0.000000,1.000000,0.000000
1708693828630909857,0.000000,0.000000,1.000000,0.000000
1708693828730967977,0.000000,0.000000,1.000000,0.000000
1708693828831048856,0.000000,0.000000,1.000000,0.000000
1708693828931129611,0.000000,0.000000,1.000000,0.000000
1708693829031176545,0.000000,0.000000,1.000000,0.000000
1708693829131229381,0.000000,0.000000,1.000000,0.000000
1708693829231318263,0.000000,0.000000,1.000000,0.000000
1708693829331358700,0.000000,0.000000,1.000000,0.000000
1708693829431447126,0.000000,0.000000,1.000000,0.000000
1708693829531495889,0.000000,0.000000,1.000000,0.000000
1708693829631579620,0.000000,0.000000,1.000000,0.000000
1708693829731635172,0.000000,0.000000,1.000000,0.000000
1708693829831714297,0.000000,0.000000,1.000000,0.000000
1708693829931789655,0.000000,0.000000,1.000000,0.000000
1708693830031864282,0.000000,0.000000,1.000000,0.000000
1708693830131943954,0.150000,0.050000,0.800000,0.000000
1708693830232035587,0.687500,0.187500,0.125000,0.000000
1708693830332224601,0.352941,0.588235,0.058824,0.000000
1708693830432321452,0.571429,0.380952,0.047619,0.000000
1708693830532415865,0.631579,0.368421,0.000000,0.000000
1708693830632521714,0.714286,0.285714,0.000000,0.000000
1708693830732570577,0.631579,0.368421,0.000000,0.000000
1708693830832647892,0.750000,0.250000,0.000000,0.000000
1708693830932695018,0.857143,0.142857,0.000000,0.000000
1708693831032797692,0.947368,0.052632,0.000000,0.000000
1708693831132914618,0.950000,0.050000,0.000000,0.000000
1708693831233011680,0.857143,0.142857,0.000000,0.000000
1708693831333117835,0.842105,0.105263,0.052632,0.000000
1708693831433239602,0.750000,0.100000,0.150000,0.000000
1708693831533327647,0.105263,0.052632,0.842105,0.000000
1708693831633402453,0.000000,0.000000,1.000000,0.000000
1708693831733519590,0.000000,0.000000,1.000000,0.000000
1708693831833568117,0.000000,0.000000,1.000000,0.000000
1708693831933693708,0.050000,0.050000,0.900000,0.000000
1708693832033785131,0.411765,0.058824,0.529412,0.000000
1708693832133910858,0.571429,0.285714,0.142857,0.000000
1708693832234059059,0.526316,0.315789,0.157895,0.000000
1708693832334161187,0.761905,0.238095,0.000000,0.000000
1708693832434298358,0.600000,0.400000,0.000000,0.000000
1708693832534360371,0.789474,0.210526,0.000000,0.000000
1708693832634506630,0.750000,0.250000,0.000000,0.000000
1708693832734609652,0.850000,0.150000,0.000000,0.000000
1708693832834681400,0.904762,0.095238,0.000000,0.000000
1708693832934828698,0.947368,0.052632,0.000000,0.000000
1708693833034895403,0.850000,0.150000,0.000000,0.000000
1708693833135018285,0.904762,0.095238,0.000000,0.000000
1708693833235153584,0.650000,0.150000,0.200000,0.000000
1708693833335271651,0.500000,0.000000,0.500000,0.000000
1708693833435332956,0.052632,0.052632,0.894737,0.000000
1708693833535395826,0.000000,0.000000,1.000000,0.000000
1708693833635522662,0.000000,0.050000,0.950000,0.000000
1708693833735633361,0.000000,0.050000,0.950000,0.000000
1708693833835664438,0.000000,0.000000,1.000000,0.000000
