Time,User,Kernel,Idle,IoWait
1708693814722958884,0.157895,0.000000,0.842105,0.000000
1708693814822971293,0.157895,0.000000,0.842105,0.000000
1708693814923166854,0.235294,0.117647,0.647059,0.000000
1708693815023248718,0.058824,0.117647,0.823529,0.000000
1708693815123350771,0.166667,0.166667,0.666667,0.000000
1708693815223447710,0.000000,0.117647,0.882353,0.000000
1708693815323557796,0.055556,0.000000,0.944444,0.000000
1708693815423646091,0.000000,0.105263,0.894737,0.000000
1708693815523722311,0.150000,0.200000,0.650000,0.000000
1708693815623848719,0.550000,0.450000,0.000000,0.000000
1708693815723971478,0.578947,0.368421,0.052632,0.000000
1708693815824082938,0.631579,0.315789,0.052632,0.000000
1708693815924198851,0.714286,0.285714,0.000000,0.000000
1708693816024316888,0.631579,0.368421,0.000000,0.000000
1708693816124422727,0.900000,0.100000,0.000000,0.000000
1708693816224515547,0.950000,0.050000,0.000000,0.000000
1708693816324638940,0.809524,0.190476,0.000000,0.000000
1708693816424732227,0.900000,0.100000,0.000000,0.000000
1708693816528773213,0.900000,0.100000,0.000000,0.000000
1708693816627494853,0.842105,0.157895,0.000000,0.000000
1708693816727612265,0.210526,0.052632,0.736842,0.000000
1708693816827623784,0.000000,0.000000,1.000000,0.000000
1708693816927715181,0.000000,0.050000,0.950000,0.000000
1708693817027772281,0.000000,0.000000,1.000000,0.000000
1708693817127868594,0.000000,0.000000,1.000000,0.000000
1708693817227937786,0.315789,0.473684,0.210526,0.000000
1708693817328021014,0.352941,0.588235,0.058824,0.000000
1708693817428129443,0.388889,0.611111,0.000000,0.000000
1708693817528169847,0.352941,0.588235,0.058824,0.000000
1708693817628241516,0.600000,0.400000,0.000000,0.000000
1708693817728360578,0.650000,0.350000,0.000000,0.000000
1708693817828399436,0.684211,0.315789,0.000000,0.000000
1708693817928518417,0.684211,0.315789,0.000000,0.000000
1708693818028626413,0.700000,0.300000,0.000000,0.000000
1708693818128732255,0.450000,0.500000,0.050000,0.000000
1708693818228780013,0.650000,0.350000,0.000000,0.000000
1708693818328868328,0.850000,0.150000,0.000000,0.000000
1708693818428980096,0.850000,0.150000,0.000000,0.000000
1708693818529064435,0.850000,0.150000,0.000000,0.000000
1708693818629172808,0.850000,0.150000,0.000000,0.000000
1708693818729273199,0.857143,0.142857,0.000000,0.000000
1708693818829374268,0.650000,0.150000,0.200000,0.000000
1708693818929375294,0.055556,0.055556,0.888889,0.000000
1708693819029483843,0.050000,0.050000,0.900000,0.000000
1708693819129575007,0.263158,0.000000,0.736842,0.000000
1708693819229708142,0.615385,0.230769,0.153846,0.000000
1708693819329766939,0.421053,0.421053,0.157895,0.000000
1708693819429829389,0.619048,0.380952,0.000000,0.000000
1708693819529888331,0.650000,0.350000,0.000000,0.000000
1708693819629980889,0.650000,0.350000,0.000000,0.000000
1708693819730067786,0.500000,0.444444,0.055556,0.000000
1708693819830182166,0.619048,0.380952,0.000000,0.000000
1708693819930318028,0.800000,0.200000,0.000000,0.000000
1708693820030470038,0.894737,0.105263,0.000000,0.000000
1708693820130575846,0.800000,0.200000,0.000000,0.000000
1708693820230726125,0.809524,0.190476,0.000000,0.000000
1708693820330843703,0.900000,0.100000,0.000000,0.000000
1708693820432573585,0.900000,0.000000,0.100000,0.000000
1708693820532035494,0.050000,0.100000,0.850000,0.000000
1708693820632112762,0.050000,0.100000,0.850000,0.000000
1708693820732208826,0.000000,0.000000,1.000000,0.000000
1708693820832229165,0.000000,0.000000,1.000000,0.000000
1708693820932313237,0.000000,0.000000,1.000000,0.000000
1708693821032372250,0.000000,0.000000,1.000000,0.000000
1708693821132481878,0.000000,0.000000,1.000000,0.000000
1708693821232587589,0.000000,0.000000,1.000000,0.000000
1708693821332647119,0.000000,0.000000,1.000000,0.000000
1708693821432700075,0.000000,0.000000,1.000000,0.000000
1708693821532770834,0.000000,0.000000,1.000000,0.000000
1708693821632859933,0.000000,0.000000,1.000000,0.000000
1708693821732903669,0.000000,0.000000,1.000000,0.000000
1708693821832989871,0.000000,0.000000,1.000000,0.000000
1708693821933038825,0.000000,0.000000,1.000000,0.000000
1708693822033121435,0.000000,0.000000,1.000000,0.000000
1708693822133186474,0.000000,0.000000,1.000000,0.000000
1708693822233263301,0.000000,0.000000,1.000000,0.000000
1708693822333355892,0.000000,0.000000,1.000000,0.000000
1708693822433435063,0.000000,0.000000,1.000000,0.000000
1708693822533533510,0.000000,0.000000,1.000000,0.000000
1708693822633580066,0.052632,0.000000,0.947368,0.000000
1708693822733650769,0.000000,0.000000,1.000000,0.000000
1708693822833765598,0.000000,0.000000,1.000000,0.000000
1708693822933871639,0.000000,0.000000,1.000000,0.000000
1708693823033962903,0.000000,0.000000,1.000000,0.000000
1708693823134073783,0.000000,0.000000,1.000000,0.000000
1708693823234166618,0.000000,0.000000,1.000000,0.000000
1708693823334325962,0.000000,0.000000,1.000000,0.000000
1708693823434346671,0.000000,0.000000,1.000000,0.000000
1708693823534464768,0.000000,0.000000,1.000000,0.000000
1708693823634518472,0.000000,0.000000,1.000000,0.000000
1708693823734584963,0.000000,0.000000,1.000000,0.000000
1708693823834649583,0.000000,0.000000,1.000000,0.000000
1708693823934737253,0.000000,0.000000,1.000000,0.000000
1708693824034833244,0.000000,0.000000,1.000000,0.000000
1708693824134922445,0.000000,0.000000,1.000000,0.000000
1708693824234996408,0.000000,0.000000,1.000000,0.000000
1708693824335109933,0.000000,0.000000,1.000000,0.000000
1708693824435261867,0.000000,0.000000,1.000000,0.000000
1708693824535286683,0.000000,0.000000,1.000000,0.000000
1708693824635414289,0.000000,0.050000,0.950000,0.000000
1708693824735530052,0.000000,0.050000,0.950000,0.000000
1708693824835611555,0.000000,0.000000,1.000000,0.000000
1708693824935618803,0.000000,0.000000,1.000000,0.000000
1708693825035713651,0.000000,0.000000,1.000000,0.000000
1708693825135759647,0.000000,0.000000,1.000000,0.000000
1708693825235855781,0.000000,0.000000,1.000000,0.000000
1708693825335907353,0.000000,0.000000,1.000000,0.000000
1708693825435960755,0.000000,0.000000,1.000000,0.000000
1708693825536044770,0.000000,0.000000,1.000000,0.000000
1708693825636141506,0.000000,0.000000,1.000000,0.000000
1708693825736254970,0.000000,0.000000,1.000000,0.000000
1708693825836316458,0.000000,0.000000,1.000000,0.000000
1708693825936448642,0.000000,0.000000,1.000000,0.000000
1708693826036597742,0.000000,0.000000,1.000000,0.000000
1708693826136627766,0.000000,0.000000,1.000000,0.000000
1708693826236795973,0.000000,0.000000,1.000000,0.000000
1708693826336821482,0.000000,0.000000,1.000000,0.000000
1708693826436998024,0.000000,0.000000,1.000000,0.000000
1708693826537040358,0.000000,0.000000,1.000000,0.000000
1708693826637064383,0.000000,0.000000,1.000000,0.000000
1708693826737209524,0.000000,0.000000,1.000000,0.000000
1708693826837289121,0.000000,0.000000,1.000000,0.000000
1708693826937377886,0.000000,0.000000,1.000000,0.000000
1708693827037471720,0.000000,0.000000,1.000000,0.000000
1708693827137566523,0.000000,0.000000,1.000000,0.000000
1708693827237565281,0.000000,0.000000,1.000000,0.000000
1708693827337656179,0.000000,0.000000,1.000000,0.000000
1708693827437742118,0.000000,0.000000,1.000000,0.000000
1708693827537858329,0.000000,0.000000,1.000000,0.000000
1708693827637945874,0.000000,0.000000,1.000000,0.000000
1708693827737980759,0.000000,0.000000,1.000000,0.000000
1708693827838113386,0.000000,0.000000,1.000000,0.000000
1708693827938252278,0.000000,0.000000,1.000000,0.000000
1708693828038248711,0.000000,0.000000,1.000000,0.000000
1708693828138327343,0.000000,0.000000,1.000000,0.000000
1708693828238388345,0.000000,0.000000,1.000000,0.000000
1708693828338498373,0.000000,0.000000,1.000000,0.000000
1708693828438587211,0.000000,0.000000,1.000000,0.000000
1708693828538675932,0.000000,0.000000,1.000000,0.000000
1708693828638774137,0.000000,0.000000,1.000000,0.000000
1708693828738833183,0.000000,0.000000,1.000000,0.000000
1708693828838956257,0.000000,0.000000,1.000000,0.000000
1708693828939031871,0.000000,0.000000,1.000000,0.000000
1708693829039122886,0.000000,0.000000,1.000000,0.000000
1708693829139199139,0.000000,0.000000,1.000000,0.000000
1708693829239335680,0.000000,0.000000,1.000000,0.000000
1708693829339446550,0.050000,0.000000,0.950000,0.000000
1708693829439520848,0.000000,0.000000,1.000000,0.000000
1708693829539562466,0.000000,0.000000,1.000000,0.000000
1708693829639696659,0.000000,0.000000,1.000000,0.000000
1708693829739796060,0.000000,0.000000,1.000000,0.000000
1708693829839882322,0.000000,0.000000,1.000000,0.000000
1708693829939953348,0.000000,0.000000,1.000000,0.000000
1708693830040048884,0.000000,0.000000,1.000000,0.000000
1708693830140112951,0.055556,0.000000,0.944444,0.000000
1708693830240263023,0.555556,0.166667,0.277778,0.000000
1708693830340401712,0.421053,0.473684,0.105263,0.000000
1708693830440536654,0.600000,0.400000,0.000000,0.000000
1708693830540674073,0.684211,0.315789,0.000000,0.000000
1708693830640829207,0.619048,0.380952,0.000000,0.000000
1708693830740946996,0.736842,0.263158,0.000000,0.000000
1708693830841085301,0.850000,0.150000,0.000000,0.000000
1708693830941228256,0.800000,0.200000,0.000000,0.000000
1708693831041358776,0.950000,0.050000,0.000000,0.000000
1708693831141491837,0.857143,0.142857,0.000000,0.000000
1708693831241625117,1.000000,0.000000,0.000000,0.000000
1708693831341705444,0.714286,0.190476,0.095238,0.000000
1708693831441862606,0.555556,0.166667,0.277778,0.000000
1708693831541926027,0.200000,0.150000,0.650000,0.000000
1708693831641952268,0.000000,0.000000,1.000000,0.000000
1708693831742086421,0.000000,0.000000,1.000000,0.000000
1708693831842102319,0.000000,0.052632,0.947368,0.000000
1708693831942231933,0.052632,0.000000,0.947368,0.000000
1708693832042317764,0.388889,0.000000,0.611111,0.000000
1708693832142455765,0.411765,0.529412,0.058824,0.000000
1708693832242489581,0.473684,0.421053,0.105263,0.000000
1708693832342656882,0.523810,0.476190,0.000000,0.000000
1708693832442773690,0.578947,0.421053,0.000000,0.000000
1708693832542837900,0.750000,0.250000,0.000000,0.000000
1708693832642927415,0.600000,0.400000,0.000000,0.000000
1708693832743029742,0.850000,0.150000,0.000000,0.000000
1708693832843172704,0.850000,0.150000,0.000000,0.000000
1708693832943234538,0.950000,0.050000,0.000000,0.000000
1708693833043425534,0.850000,0.150000,0.000000,0.000000
1708693833143532565,0.809524,0.190476,0.000000,0.000000
1708693833243627860,0.800000,0.100000,0.100000,0.000000
1708693833343732826,0.555556,0.111111,0.333333,0.000000
1708693833443834193,0.050000,0.050000,0.900000,0.000000
1708693833543934516,0.000000,0.000000,1.000000,0.000000
1708693833644074986,0.000000,0.000000,1.000000,0.000000
1708693833745072570,0.000000,0.050000,0.950000,0.000000
1708693833844802617,0.000000,0.000000,1.000000,0.000000
