Time,User,Kernel,Idle,IoWait
1708694325500726190,0.062500,0.015625,0.921875,0.000000
1708694325520824618,0.133333,0.016667,0.850000,0.000000
1708694325540941617,0.400000,0.128571,0.471429,0.000000
1708694325561050751,0.060606,0.015152,0.924242,0.000000
1708694325581161125,0.031746,0.000000,0.968254,0.000000
1708694325601231561,0.031250,0.000000,0.968750,0.000000
1708694325621323657,0.121212,0.015152,0.863636,0.000000
1708694325641436631,0.296875,0.046875,0.656250,0.000000
1708694325661563209,0.333333,0.052632,0.614035,0.000000
1708694325681667513,0.125000,0.046875,0.828125,0.000000
1708694325701763789,0.031746,0.031746,0.936508,0.000000
1708694325721857343,0.000000,0.000000,1.000000,0.000000
1708694325741941781,0.047619,0.031746,0.920635,0.000000
1708694325762048994,0.078125,0.125000,0.796875,0.000000
1708694325782161971,0.033333,0.066667,0.900000,0.000000
1708694325802282744,0.050000,0.033333,0.916667,0.000000
1708694325822403617,0.050847,0.050847,0.898305,0.000000
1708694325842524952,0.033333,0.083333,0.883333,0.000000
1708694325862629682,0.033333,0.100000,0.866667,0.000000
1708694325882757009,0.033898,0.084746,0.881356,0.000000
1708694325902871673,0.050847,0.067797,0.881356,0.000000
1708694325922995027,0.079365,0.079365,0.841270,0.000000
1708694325943094783,0.050000,0.066667,0.883333,0.000000
1708694325963203445,0.048387,0.096774,0.854839,0.000000
1708694325983331981,0.017544,0.087719,0.894737,0.000000
1708694326003418991,0.080645,0.112903,0.806452,0.000000
1708694326023495756,0.034483,0.068966,0.896552,0.000000
1708694326043615838,0.066667,0.066667,0.866667,0.000000
1708694326063723088,0.064516,0.112903,0.822581,0.000000
1708694326083838525,0.033898,0.084746,0.881356,0.000000
1708694326103986001,0.063492,0.095238,0.841270,0.000000
1708694326124108039,0.032258,0.080645,0.887097,0.000000
1708694326144230437,0.064516,0.064516,0.870968,0.000000
1708694326164316809,0.032787,0.081967,0.885246,0.000000
1708694326184446581,0.049180,0.196721,0.754098,0.000000
1708694326204561508,0.140625,0.171875,0.687500,0.000000
1708694326224685587,0.158730,0.174603,0.666667,0.000000
1708694326244836717,0.250000,0.171875,0.578125,0.000000
1708694326264973443,0.296875,0.203125,0.500000,0.000000
1708694326285099744,0.375000,0.222222,0.402778,0.000000
1708694326305239343,0.375000,0.218750,0.406250,0.000000
1708694326325388160,0.390625,0.187500,0.421875,0.000000
1708694326345524940,0.312500,0.218750,0.468750,0.000000
1708694326365648492,0.328125,0.203125,0.468750,0.000000
1708694326385766196,0.318841,0.420290,0.260870,0.000000
1708694326405925214,0.672131,0.213115,0.114754,0.000000
1708694326426087850,0.557377,0.245902,0.196721,0.000000
1708694326446231365,0.650794,0.206349,0.142857,0.000000
1708694326466355306,0.569231,0.184615,0.246154,0.000000
1708694326486509205,0.650794,0.079365,0.269841,0.000000
1708694326506642461,0.660714,0.107143,0.232143,0.000000
1708694326526771460,0.666667,0.083333,0.250000,0.000000
1708694326546937377,0.620690,0.086207,0.293103,0.000000
1708694326567093387,0.693548,0.032258,0.274194,0.000000
1708694326587224154,0.596491,0.087719,0.315789,0.000000
1708694326607389274,0.661538,0.123077,0.215385,0.000000
1708694326627497271,0.661538,0.138462,0.200000,0.000000
1708694326647656369,0.762712,0.033898,0.203390,0.000000
1708694326667807126,0.454545,0.090909,0.454545,0.000000
1708694326687902673,0.343750,0.031250,0.625000,0.000000
1708694326708002699,0.015873,0.015873,0.968254,0.000000
1708694326728087836,0.016667,0.033333,0.950000,0.000000
1708694326748184002,0.031250,0.031250,0.937500,0.000000
1708694326768259865,0.015873,0.031746,0.952381,0.000000
1708694326788345509,0.015625,0.000000,0.984375,0.000000
1708694326808424871,0.000000,0.000000,1.000000,0.000000
1708694326828497476,0.000000,0.000000,1.000000,0.000000
1708694326848573218,0.000000,0.000000,1.000000,0.000000
1708694326868651317,0.000000,0.000000,1.000000,0.000000
1708694326888736540,0.000000,0.000000,1.000000,0.000000
1708694326908814750,0.000000,0.015625,0.984375,0.000000
1708694326928886875,0.000000,0.000000,1.000000,0.000000
1708694326948964084,0.000000,0.000000,1.000000,0.000000
1708694326969042756,0.000000,0.000000,1.000000,0.000000
1708694326989134569,0.000000,0.000000,1.000000,0.000000
1708694327009206846,0.000000,0.000000,1.000000,0.000000
1708694327029280606,0.000000,0.000000,1.000000,0.000000
1708694327049357984,0.000000,0.000000,1.000000,0.000000
1708694327069439166,0.000000,0.000000,1.000000,0.000000
1708694327089510622,0.000000,0.000000,1.000000,0.000000
1708694327109583924,0.000000,0.000000,1.000000,0.000000
1708694327129662656,0.000000,0.000000,1.000000,0.000000
1708694327149734340,0.000000,0.000000,1.000000,0.000000
1708694327169809387,0.000000,0.000000,1.000000,0.000000
1708694327189886477,0.000000,0.000000,1.000000,0.000000
1708694327209963342,0.000000,0.000000,1.000000,0.000000
1708694327230056458,0.000000,0.000000,1.000000,0.000000
1708694327250131193,0.000000,0.000000,1.000000,0.000000
1708694327270207655,0.000000,0.000000,1.000000,0.000000
1708694327290282841,0.000000,0.000000,1.000000,0.000000
1708694327310356905,0.000000,0.000000,1.000000,0.000000
1708694327330429908,0.000000,0.000000,1.000000,0.000000
1708694327350505806,0.000000,0.000000,1.000000,0.000000
1708694327370584305,0.000000,0.000000,1.000000,0.000000
1708694327390664482,0.000000,0.000000,1.000000,0.000000
1708694327410740910,0.000000,0.000000,1.000000,0.000000
1708694327430816899,0.000000,0.000000,1.000000,0.000000
1708694327450892619,0.015152,0.015152,0.969697,0.000000
1708694327470974617,0.000000,0.000000,1.000000,0.000000
1708694327491051316,0.000000,0.000000,1.000000,0.000000
1708694327511124857,0.000000,0.000000,1.000000,0.000000
1708694327531202354,0.000000,0.000000,1.000000,0.000000
1708694327551287968,0.000000,0.000000,1.000000,0.000000
1708694327571390163,0.000000,0.000000,1.000000,0.000000
1708694327591459778,0.000000,0.000000,1.000000,0.000000
1708694327611547736,0.000000,0.000000,1.000000,0.000000
1708694327631635064,0.000000,0.000000,1.000000,0.000000
1708694327651719902,0.000000,0.000000,1.000000,0.000000
1708694327671808501,0.174603,0.063492,0.761905,0.000000
1708694327691927542,0.250000,0.078125,0.671875,0.000000
1708694327712024939,0.061538,0.015385,0.923077,0.000000
1708694327732103003,0.000000,0.000000,1.000000,0.000000
1708694327752125839,0.000000,0.015625,0.984375,0.000000
1708694327772248773,0.015873,0.015873,0.968254,0.000000
1708694327792326215,0.048387,0.048387,0.903226,0.000000
1708694327812413393,0.047619,0.063492,0.888889,0.000000
1708694327832520356,0.047619,0.079365,0.873016,0.000000
1708694327852629447,0.064516,0.048387,0.887097,0.000000
1708694327872756671,0.016129,0.129032,0.854839,0.000000
1708694327892859587,0.050847,0.067797,0.881356,0.000000
1708694327912988629,0.064516,0.112903,0.822581,0.000000
1708694327933083960,0.093750,0.109375,0.796875,0.000000
1708694327953195270,0.098361,0.114754,0.786885,0.000000
1708694327973304575,0.053571,0.053571,0.892857,0.000000
1708694327993411013,0.063492,0.111111,0.825397,0.000000
1708694328013520086,0.032258,0.080645,0.887097,0.000000
1708694328033628335,0.063492,0.095238,0.841270,0.000000
1708694328053677121,0.063492,0.095238,0.841270,0.000000
1708694328073820809,0.246377,0.289855,0.463768,0.000000
1708694328093951492,0.569231,0.138462,0.292308,0.000000
1708694328114122115,0.431034,0.258621,0.310345,0.000000
1708694328134276385,0.328125,0.203125,0.468750,0.000000
1708694328154418596,0.358209,0.283582,0.358209,0.000000
1708694328174665757,0.365079,0.206349,0.428571,0.000000
1708694328194672029,0.343750,0.312500,0.343750,0.000000
1708694328214883516,0.412698,0.301587,0.285714,0.000000
1708694328235051522,0.439394,0.287879,0.272727,0.000000
1708694328255199552,0.442623,0.278689,0.278689,0.000000
1708694328275353422,0.423729,0.220339,0.355932,0.000000
1708694328295494055,0.373134,0.388060,0.238806,0.000000
1708694328315630132,0.375000,0.343750,0.281250,0.000000
1708694328335769512,0.476923,0.369231,0.153846,0.000000
1708694328355941587,0.633333,0.150000,0.216667,0.000000
1708694328376079140,0.616667,0.150000,0.233333,0.000000
1708694328396234957,0.551724,0.258621,0.189655,0.000000
1708694328416417335,0.683333,0.200000,0.116667,0.000000
1708694328436577991,0.757576,0.136364,0.106061,0.000000
1708694328467192335,0.702381,0.154762,0.142857,0.000000
1708694328490786166,0.649351,0.168831,0.181818,0.000000
1708694328508669574,0.625000,0.281250,0.093750,0.000000
1708694328528821020,0.712121,0.151515,0.136364,0.000000
1708694328549002489,0.777778,0.063492,0.158730,0.000000
1708694328569198594,0.697368,0.157895,0.144737,0.000000
1708694328589345742,0.643836,0.191781,0.164384,0.000000
1708694328609518759,0.666667,0.126984,0.206349,0.000000
1708694328629677273,0.714286,0.107143,0.178571,0.000000
1708694328649831898,0.545455,0.109091,0.345455,0.000000
1708694328669948137,0.620690,0.068966,0.310345,0.000000
1708694328690120011,0.568966,0.103448,0.327586,0.000000
1708694328710239501,0.603448,0.068966,0.327586,0.000000
1708694328730392496,0.441176,0.058824,0.500000,0.000000
1708694328750480605,0.017544,0.035088,0.947368,0.000000
1708694328770593033,0.015385,0.030769,0.953846,0.000000
1708694328790670494,0.031250,0.062500,0.906250,0.000000
1708694328810773970,0.015625,0.015625,0.968750,0.000000
1708694328830848151,0.000000,0.000000,1.000000,0.000000
1708694328850924752,0.000000,0.000000,1.000000,0.000000
1708694328871001383,0.000000,0.000000,1.000000,0.000000
1708694328891085695,0.000000,0.015625,0.984375,0.000000
1708694328911159088,0.000000,0.000000,1.000000,0.000000
1708694328931233932,0.000000,0.000000,1.000000,0.000000
1708694328951310091,0.015385,0.000000,0.984615,0.000000
1708694328971397865,0.000000,0.000000,1.000000,0.000000
1708694328991472868,0.000000,0.000000,1.000000,0.000000
1708694329011549903,0.000000,0.000000,1.000000,0.000000
1708694329031623874,0.000000,0.000000,1.000000,0.000000
1708694329051704927,0.000000,0.000000,1.000000,0.000000
1708694329071787312,0.000000,0.000000,1.000000,0.000000
1708694329091881046,0.000000,0.000000,1.000000,0.000000
1708694329111951213,0.000000,0.000000,1.000000,0.000000
1708694329132030264,0.000000,0.000000,1.000000,0.000000
1708694329152105811,0.000000,0.000000,1.000000,0.000000
1708694329172197623,0.000000,0.000000,1.000000,0.000000
1708694329192271389,0.000000,0.000000,1.000000,0.000000
1708694329212362307,0.000000,0.000000,1.000000,0.016129
1708694329232444458,0.000000,0.000000,1.000000,0.015625
1708694329252519678,0.000000,0.000000,1.000000,0.015873
1708694329272597646,0.000000,0.000000,1.000000,0.000000
1708694329292675091,0.000000,0.000000,1.000000,0.000000
1708694329312766449,0.000000,0.000000,1.000000,0.000000
1708694329332836618,0.000000,0.000000,1.000000,0.000000
1708694329352911236,0.000000,0.000000,1.000000,0.000000
1708694329372989396,0.000000,0.000000,1.000000,0.000000
1708694329393070568,0.000000,0.000000,1.000000,0.000000
1708694329413143587,0.000000,0.000000,1.000000,0.000000
1708694329433228117,0.000000,0.000000,1.000000,0.000000
1708694329453300527,0.000000,0.000000,1.000000,0.000000
1708694329473390544,0.000000,0.030303,0.969697,0.000000
1708694329493465662,0.000000,0.000000,1.000000,0.000000
1708694329513538466,0.000000,0.000000,1.000000,0.000000
1708694329533617483,0.000000,0.000000,1.000000,0.000000
1708694329553703340,0.000000,0.000000,1.000000,0.000000
1708694329573783698,0.000000,0.015385,0.984615,0.000000
1708694329593876752,0.000000,0.000000,1.000000,0.000000
1708694329613946433,0.000000,0.000000,1.000000,0.000000
1708694329634027293,0.000000,0.000000,1.000000,0.000000
1708694329654101374,0.000000,0.015385,0.984615,0.000000
1708694329674203553,0.000000,0.000000,1.000000,0.000000
1708694329694319037,0.000000,0.000000,1.000000,0.000000
1708694329714391146,0.000000,0.000000,1.000000,0.000000
1708694329734476369,0.000000,0.000000,1.000000,0.000000
1708694329754571569,0.000000,0.000000,1.000000,0.000000
1708694329774639827,0.000000,0.000000,1.000000,0.000000
1708694329794724186,0.000000,0.000000,1.000000,0.000000
1708694329814798519,0.000000,0.015625,0.984375,0.000000
1708694329834881048,0.000000,0.000000,1.000000,0.000000
1708694329854960462,0.000000,0.015385,0.984615,0.000000
1708694329875062818,0.000000,0.000000,1.000000,0.000000
1708694329895165392,0.015385,0.000000,0.984615,0.000000
1708694329915234587,0.000000,0.030769,0.969231,0.000000
1708694329935327168,0.000000,0.000000,1.000000,0.000000
1708694329955421757,0.000000,0.000000,1.000000,0.000000
1708694329975497842,0.000000,0.000000,1.000000,0.000000
1708694329995583265,0.000000,0.000000,1.000000,0.000000
1708694330015658761,0.000000,0.015385,0.984615,0.000000
1708694330035738534,0.000000,0.000000,1.000000,0.000000
1708694330055812825,0.000000,0.000000,1.000000,0.000000
1708694330075890896,0.000000,0.015385,0.984615,0.000000
1708694330095975800,0.000000,0.000000,1.000000,0.000000
1708694330116052388,0.000000,0.000000,1.000000,0.000000
1708694330136129207,0.000000,0.000000,1.000000,0.000000
1708694330156218137,0.000000,0.000000,1.000000,0.000000
1708694330176288652,0.000000,0.000000,1.000000,0.016129
1708694330196373256,0.000000,0.000000,1.000000,-0.015385
1708694330216444412,0.000000,0.000000,1.000000,0.015873
1708694330236520662,0.000000,0.015385,0.984615,0.000000
1708694330256600024,0.000000,0.000000,1.000000,0.000000
1708694330276676220,0.000000,0.000000,1.000000,0.000000
1708694330296759064,0.000000,0.000000,1.000000,0.000000
1708694330316830609,0.000000,0.000000,1.000000,0.000000
1708694330336909147,0.000000,0.000000,1.000000,0.000000
1708694330356981617,0.000000,0.000000,1.000000,0.000000
1708694330377057276,0.000000,0.000000,1.000000,0.000000
1708694330397143484,0.000000,0.000000,1.000000,0.000000
1708694330417215108,0.000000,0.000000,1.000000,0.000000
1708694330437292049,0.000000,0.000000,1.000000,0.000000
1708694330457367563,0.000000,0.000000,1.000000,0.000000
1708694330477442724,0.000000,0.000000,1.000000,0.000000
1708694330497527192,0.000000,0.000000,1.000000,0.000000
1708694330517603352,0.000000,0.000000,1.000000,0.000000
1708694330537679399,0.000000,0.000000,1.000000,0.000000
1708694330557755190,0.000000,0.000000,1.000000,0.000000
1708694330577827929,0.000000,0.000000,1.000000,0.000000
1708694330597916295,0.000000,0.000000,1.000000,0.000000
1708694330617991544,0.000000,0.000000,1.000000,0.000000
1708694330638067290,0.000000,0.000000,1.000000,0.000000
1708694330658157050,0.000000,0.000000,1.000000,0.000000
1708694330678232416,0.000000,0.000000,1.000000,0.000000
1708694330698306975,0.000000,0.000000,1.000000,0.000000
1708694330718390291,0.000000,0.000000,1.000000,0.000000
1708694330738469348,0.000000,0.000000,1.000000,0.000000
1708694330758557503,0.000000,0.000000,1.000000,0.000000
1708694330778628588,0.000000,0.000000,1.000000,0.000000
1708694330798709759,0.000000,0.000000,1.000000,0.000000
1708694330818786605,0.000000,0.000000,1.000000,0.000000
1708694330838859928,0.000000,0.000000,1.000000,0.000000
1708694330858934754,0.000000,0.000000,1.000000,0.000000
1708694330879009702,0.000000,0.000000,1.000000,0.000000
1708694330899083854,0.000000,0.000000,1.000000,0.000000
1708694330919162822,0.000000,0.000000,1.000000,0.000000
1708694330939236758,0.000000,0.000000,1.000000,0.000000
1708694330959315851,0.000000,0.000000,1.000000,0.000000
1708694330979388935,0.000000,0.000000,1.000000,0.000000
1708694330999468044,0.000000,0.000000,1.000000,0.000000
1708694331019554533,0.000000,0.000000,1.000000,0.000000
1708694331039631186,0.000000,0.000000,1.000000,0.000000
1708694331059704792,0.000000,0.000000,1.000000,0.000000
1708694331079789793,0.000000,0.000000,1.000000,0.000000
1708694331099874484,0.000000,0.000000,1.000000,0.000000
1708694331119951637,0.000000,0.000000,1.000000,0.000000
1708694331140025194,0.000000,0.000000,1.000000,0.000000
1708694331160114150,0.000000,0.000000,1.000000,0.000000
1708694331180190198,0.000000,0.000000,1.000000,0.000000
1708694331200267123,0.000000,0.000000,1.000000,0.000000
1708694331220341376,0.000000,0.000000,1.000000,0.000000
1708694331240417191,0.000000,0.000000,1.000000,0.000000
1708694331260495046,0.000000,0.000000,1.000000,0.000000
1708694331280568495,0.000000,0.000000,1.000000,0.000000
1708694331300643817,0.000000,0.000000,1.000000,0.000000
1708694331320720868,0.000000,0.000000,1.000000,0.000000
1708694331340795578,0.000000,0.000000,1.000000,0.000000
1708694331360869226,0.000000,0.000000,1.000000,0.000000
1708694331380950104,0.000000,0.000000,1.000000,0.000000
1708694331401024381,0.000000,0.000000,1.000000,0.000000
1708694331421035060,0.000000,0.000000,1.000000,0.000000
1708694331441130703,0.000000,0.000000,1.000000,0.000000
1708694331461208838,0.000000,0.000000,1.000000,0.000000
1708694331481290240,0.000000,0.000000,1.000000,0.000000
1708694331501389072,0.000000,0.000000,1.000000,0.000000
1708694331521463832,0.000000,0.000000,1.000000,0.000000
1708694331541545703,0.000000,0.000000,1.000000,0.000000
1708694331561617914,0.000000,0.000000,1.000000,0.000000
1708694331581691446,0.000000,0.000000,1.000000,0.000000
1708694331601775251,0.000000,0.000000,1.000000,0.000000
1708694331621853608,0.000000,0.000000,1.000000,0.000000
1708694331641925801,0.000000,0.000000,1.000000,0.000000
1708694331661999771,0.000000,0.000000,1.000000,0.000000
1708694331682073814,0.000000,0.000000,1.000000,0.000000
1708694331702152331,0.000000,0.000000,1.000000,0.000000
1708694331722242133,0.000000,0.000000,1.000000,0.000000
1708694331742315853,0.000000,0.000000,1.000000,0.000000
1708694331762390296,0.000000,0.000000,1.000000,0.000000
1708694331782482582,0.000000,0.000000,1.000000,0.000000
1708694331802553915,0.000000,0.000000,1.000000,0.000000
1708694331822632670,0.000000,0.000000,1.000000,0.000000
1708694331842705241,0.000000,0.000000,1.000000,0.000000
1708694331862782332,0.000000,0.000000,1.000000,0.000000
1708694331882855899,0.000000,0.000000,1.000000,0.000000
1708694331902928914,0.000000,0.000000,1.000000,0.000000
1708694331923003767,0.000000,0.000000,1.000000,0.000000
1708694331943083979,0.000000,0.000000,1.000000,0.000000
1708694331963158473,0.000000,0.000000,1.000000,0.000000
1708694331983230862,0.000000,0.000000,1.000000,0.000000
1708694332003304733,0.000000,0.000000,1.000000,0.000000
1708694332023380860,0.000000,0.000000,1.000000,0.000000
1708694332043456446,0.000000,0.015385,0.984615,0.000000
1708694332063538101,0.000000,0.000000,1.000000,0.000000
1708694332083613284,0.000000,0.000000,1.000000,0.000000
1708694332103686100,0.000000,0.000000,1.000000,0.000000
1708694332123760019,0.000000,0.000000,1.000000,0.000000
1708694332143838857,0.000000,0.000000,1.000000,0.000000
1708694332163916712,0.000000,0.000000,1.000000,0.000000
1708694332183991924,0.000000,0.000000,1.000000,0.000000
1708694332204065451,0.000000,0.000000,1.000000,0.000000
1708694332224138943,0.000000,0.000000,1.000000,0.000000
1708694332244213119,0.000000,0.000000,1.000000,0.000000
1708694332264290988,0.000000,0.000000,1.000000,0.000000
1708694332284367634,0.000000,0.000000,1.000000,0.000000
1708694332304447206,0.000000,0.000000,1.000000,0.000000
1708694332324520334,0.000000,0.000000,1.000000,0.000000
1708694332344596755,0.000000,0.000000,1.000000,0.000000
1708694332364677308,0.000000,0.000000,1.000000,0.000000
1708694332384757260,0.000000,0.000000,1.000000,0.000000
1708694332404838968,0.000000,0.000000,1.000000,0.000000
1708694332424911944,0.000000,0.000000,1.000000,0.000000
1708694332444990657,0.000000,0.000000,1.000000,0.000000
1708694332465052113,0.000000,0.000000,1.000000,0.000000
1708694332485142121,0.000000,0.000000,1.000000,0.000000
1708694332505214837,0.000000,0.000000,1.000000,0.000000
1708694332525292464,0.000000,0.000000,1.000000,0.000000
1708694332545370964,0.000000,0.000000,1.000000,0.000000
1708694332565449139,0.000000,0.000000,1.000000,0.000000
1708694332585525761,0.000000,0.000000,1.000000,0.000000
1708694332605609147,0.000000,0.000000,1.000000,0.000000
1708694332625681377,0.000000,0.000000,1.000000,0.000000
1708694332645755381,0.000000,0.000000,1.000000,0.000000
1708694332665830663,0.000000,0.000000,1.000000,0.000000
1708694332685911643,0.000000,0.000000,1.000000,0.000000
1708694332705986989,0.000000,0.000000,1.000000,0.000000
1708694332726061069,0.000000,0.000000,1.000000,0.000000
1708694332746141822,0.000000,0.000000,1.000000,0.000000
1708694332766214485,0.000000,0.000000,1.000000,0.000000
1708694332786289726,0.000000,0.000000,1.000000,0.000000
1708694332806371397,0.000000,0.000000,1.000000,0.000000
1708694332826447097,0.000000,0.000000,1.000000,0.000000
1708694332846534800,0.000000,0.000000,1.000000,0.000000
1708694332866604479,0.000000,0.000000,1.000000,0.000000
1708694332886678224,0.000000,0.000000,1.000000,0.000000
1708694332906754259,0.000000,0.000000,1.000000,0.000000
1708694332926830238,0.000000,0.000000,1.000000,0.000000
1708694332946911454,0.000000,0.000000,1.000000,0.000000
1708694332966984635,0.000000,0.000000,1.000000,0.000000
1708694332987061905,0.000000,0.000000,1.000000,0.000000
1708694333007135816,0.000000,0.000000,1.000000,0.000000
1708694333027214714,0.000000,0.000000,1.000000,0.000000
1708694333047292944,0.000000,0.000000,1.000000,0.000000
1708694333067370423,0.000000,0.000000,1.000000,0.000000
1708694333087442903,0.000000,0.000000,1.000000,0.000000
1708694333107517461,0.000000,0.000000,1.000000,0.000000
1708694333127597854,0.000000,0.000000,1.000000,0.000000
1708694333147674877,0.000000,0.000000,1.000000,0.000000
1708694333167748956,0.000000,0.000000,1.000000,0.000000
1708694333187824941,0.000000,0.000000,1.000000,0.000000
1708694333207899620,0.000000,0.000000,1.000000,0.000000
1708694333227980142,0.000000,0.000000,1.000000,0.000000
1708694333248054273,0.000000,0.000000,1.000000,0.000000
1708694333268136119,0.000000,0.000000,1.000000,0.000000
1708694333288210436,0.000000,0.000000,1.000000,0.000000
1708694333308284772,0.000000,0.000000,1.000000,0.000000
1708694333328360563,0.000000,0.000000,1.000000,0.000000
1708694333348441836,0.000000,0.000000,1.000000,0.000000
1708694333368516461,0.000000,0.000000,1.000000,0.000000
1708694333388604887,0.000000,0.000000,1.000000,0.000000
1708694333408678426,0.000000,0.000000,1.000000,0.000000
1708694333428755022,0.000000,0.000000,1.000000,0.000000
1708694333448828530,0.000000,0.000000,1.000000,0.000000
1708694333468906440,0.000000,0.000000,1.000000,0.000000
1708694333488980163,0.000000,0.000000,1.000000,0.000000
1708694333509063686,0.000000,0.000000,1.000000,0.000000
1708694333529144080,0.000000,0.000000,1.000000,0.000000
1708694333549218129,0.000000,0.000000,1.000000,0.000000
1708694333569299349,0.000000,0.000000,1.000000,0.000000
1708694333589375810,0.000000,0.000000,1.000000,0.000000
1708694333609466460,0.000000,0.000000,1.000000,0.000000
1708694333629536106,0.000000,0.000000,1.000000,0.000000
1708694333649613790,0.000000,0.000000,1.000000,0.000000
1708694333669694390,0.000000,0.000000,1.000000,0.000000
1708694333689774265,0.000000,0.000000,1.000000,0.000000
1708694333709848230,0.000000,0.000000,1.000000,0.000000
1708694333729932302,0.000000,0.000000,1.000000,0.000000
1708694333750006884,0.000000,0.000000,1.000000,0.000000
1708694333770102313,0.000000,0.000000,1.000000,0.000000
1708694333790187116,0.000000,0.000000,1.000000,0.000000
1708694333810273139,0.000000,0.000000,1.000000,0.000000
1708694333830355540,0.000000,0.000000,1.000000,0.000000
1708694333850432361,0.000000,0.000000,1.000000,0.000000
1708694333870516907,0.000000,0.000000,1.000000,0.000000
1708694333890587261,0.000000,0.000000,1.000000,0.000000
1708694333910673475,0.000000,0.000000,1.000000,0.000000
1708694333930749742,0.000000,0.000000,1.000000,0.000000
1708694333950834353,0.000000,0.000000,1.000000,0.000000
1708694333970910293,0.000000,0.000000,1.000000,0.000000
1708694333990990850,0.000000,0.000000,1.000000,0.000000
1708694334011062691,0.000000,0.000000,1.000000,0.000000
1708694334031138037,0.000000,0.000000,1.000000,0.000000
1708694334051213684,0.000000,0.000000,1.000000,0.000000
1708694334071294154,0.000000,0.000000,1.000000,0.000000
1708694334091373931,0.000000,0.000000,1.000000,0.000000
1708694334111452125,0.000000,0.000000,1.000000,0.000000
1708694334131536314,0.000000,0.000000,1.000000,0.000000
1708694334151621446,0.000000,0.000000,1.000000,0.000000
1708694334171692880,0.000000,0.000000,1.000000,0.000000
1708694334191772862,0.000000,0.000000,1.000000,0.000000
1708694334211844636,0.000000,0.000000,1.000000,0.000000
1708694334231920999,0.000000,0.000000,1.000000,0.000000
1708694334252006117,0.000000,0.000000,1.000000,0.000000
1708694334272090038,0.000000,0.000000,1.000000,0.000000
1708694334292176490,0.000000,0.000000,1.000000,0.000000
1708694334312249623,0.000000,0.000000,1.000000,0.000000
1708694334332329838,0.000000,0.000000,1.000000,0.000000
1708694334352407011,0.000000,0.000000,1.000000,0.000000
1708694334372500291,0.000000,0.000000,1.000000,0.000000
1708694334392570223,0.000000,0.000000,1.000000,0.000000
1708694334412658002,0.000000,0.000000,1.000000,0.000000
1708694334432735495,0.000000,0.000000,1.000000,0.000000
1708694334452818570,0.000000,0.000000,1.000000,0.000000
1708694334472896788,0.000000,0.000000,1.000000,0.000000
1708694334492969878,0.000000,0.000000,1.000000,0.000000
1708694334513063374,0.000000,0.000000,1.000000,0.000000
1708694334533132844,0.000000,0.000000,1.000000,0.000000
1708694334553208372,0.000000,0.000000,1.000000,0.000000
1708694334573286411,0.000000,0.000000,1.000000,0.000000
1708694334593362779,0.000000,0.000000,1.000000,0.000000
1708694334613448103,0.000000,0.000000,1.000000,0.000000
1708694334633520793,0.000000,0.000000,1.000000,0.000000
1708694334653594660,0.000000,0.000000,1.000000,0.000000
1708694334673667491,0.000000,0.000000,1.000000,0.000000
1708694334693742310,0.000000,0.000000,1.000000,0.000000
1708694334713819125,0.000000,0.000000,1.000000,0.000000
1708694334733899444,0.000000,0.000000,1.000000,0.000000
1708694334753980564,0.000000,0.000000,1.000000,0.000000
1708694334774064098,0.000000,0.000000,1.000000,0.000000
1708694334794156598,0.000000,0.000000,1.000000,0.000000
1708694334814233846,0.000000,0.000000,1.000000,0.000000
1708694334834305156,0.000000,0.000000,1.000000,0.000000
1708694334854378743,0.000000,0.000000,1.000000,0.000000
1708694334874458110,0.000000,0.000000,1.000000,0.000000
1708694334894539520,0.000000,0.000000,1.000000,0.000000
1708694334914616828,0.000000,0.000000,1.000000,0.000000
1708694334934697376,0.000000,0.000000,1.000000,0.000000
1708694334954768343,0.000000,0.000000,1.000000,0.000000
1708694334974847696,0.000000,0.000000,1.000000,0.000000
1708694334994919679,0.000000,0.000000,1.000000,0.000000
1708694335015000098,0.000000,0.000000,1.000000,0.000000
1708694335035072458,0.000000,0.000000,1.000000,0.000000
1708694335055151783,0.000000,0.000000,1.000000,0.000000
1708694335075229311,0.000000,0.000000,1.000000,0.000000
1708694335095312077,0.000000,0.000000,1.000000,0.000000
1708694335115385531,0.000000,0.000000,1.000000,0.000000
1708694335135465778,0.000000,0.000000,1.000000,0.000000
1708694335155549717,0.000000,0.000000,1.000000,0.000000
1708694335175632812,0.000000,0.000000,1.000000,0.000000
1708694335195709546,0.000000,0.000000,1.000000,0.000000
1708694335215780880,0.000000,0.000000,1.000000,0.000000
1708694335235859041,0.000000,0.000000,1.000000,0.000000
1708694335255932371,0.000000,0.000000,1.000000,0.000000
1708694335276007074,0.000000,0.000000,1.000000,0.000000
1708694335296085783,0.000000,0.000000,1.000000,0.000000
1708694335316158021,0.000000,0.000000,1.000000,0.000000
1708694335336239996,0.000000,0.000000,1.000000,0.000000
1708694335356316791,0.000000,0.000000,1.000000,0.000000
1708694335376400536,0.000000,0.000000,1.000000,0.000000
1708694335396477850,0.000000,0.000000,1.000000,0.000000
1708694335416564149,0.000000,0.000000,1.000000,0.000000
1708694335436632429,0.000000,0.000000,1.000000,0.000000
1708694335456712338,0.000000,0.000000,1.000000,0.000000
1708694335476785082,0.000000,0.000000,1.000000,0.000000
1708694335496865284,0.000000,0.000000,1.000000,0.000000
1708694335516939323,0.000000,0.000000,1.000000,0.000000
1708694335537020365,0.000000,0.000000,1.000000,0.000000
1708694335557102573,0.000000,0.000000,1.000000,0.000000
1708694335577178473,0.000000,0.000000,1.000000,0.000000
1708694335597269445,0.000000,0.000000,1.000000,0.000000
1708694335617356435,0.000000,0.000000,1.000000,0.000000
1708694335637439241,0.000000,0.000000,1.000000,0.000000
1708694335657517293,0.000000,0.000000,1.000000,0.000000
1708694335677605823,0.000000,0.000000,1.000000,0.000000
1708694335697678734,0.000000,0.000000,1.000000,0.000000
1708694335717762105,0.000000,0.000000,1.000000,0.000000
1708694335737838657,0.000000,0.000000,1.000000,0.000000
1708694335757920735,0.000000,0.000000,1.000000,0.000000
1708694335777997197,0.000000,0.000000,1.000000,0.000000
1708694335798091566,0.000000,0.000000,1.000000,0.000000
1708694335818174282,0.000000,0.000000,1.000000,0.000000
1708694335838254343,0.000000,0.000000,1.000000,0.000000
1708694335858338806,0.000000,0.000000,1.000000,0.000000
1708694335878418469,0.000000,0.000000,1.000000,0.000000
1708694335898489437,0.000000,0.000000,1.000000,0.000000
1708694335918571342,0.000000,0.000000,1.000000,0.000000
1708694335938660367,0.000000,0.000000,1.000000,0.000000
1708694335958733928,0.000000,0.000000,1.000000,0.000000
1708694335978809743,0.000000,0.000000,1.000000,0.000000
1708694335998885907,0.000000,0.000000,1.000000,0.000000
1708694336018967656,0.000000,0.000000,1.000000,0.000000
1708694336039046498,0.000000,0.000000,1.000000,0.000000
1708694336059122954,0.000000,0.000000,1.000000,0.000000
1708694336079195836,0.000000,0.000000,1.000000,0.000000
1708694336099273652,0.000000,0.000000,1.000000,0.000000
1708694336119348649,0.000000,0.000000,1.000000,0.000000
1708694336139428979,0.015385,0.000000,0.984615,0.000000
1708694336159505344,0.000000,0.000000,1.000000,0.000000
1708694336179597975,0.000000,0.000000,1.000000,0.000000
1708694336199696224,0.230769,0.123077,0.646154,0.000000
1708694336219799430,0.227273,0.060606,0.712121,0.000000
1708694336239900059,0.046154,0.000000,0.953846,0.000000
1708694336260003153,0.354839,0.080645,0.564516,0.000000
1708694336280130788,0.769231,0.092308,0.138462,0.000000
1708694336300259415,0.213115,0.049180,0.737705,0.000000
1708694336320361528,0.129032,0.048387,0.822581,0.000000
1708694336340473720,0.084746,0.067797,0.847458,0.000000
1708694336360600142,0.084746,0.067797,0.847458,0.000000
1708694336380706602,0.051724,0.068966,0.879310,0.000000
1708694336400822746,0.052632,0.087719,0.859649,0.000000
1708694336420931237,0.067797,0.067797,0.864407,0.000000
1708694336441045432,0.081967,0.098361,0.819672,0.000000
1708694336461190773,0.065574,0.098361,0.836066,0.000000
1708694336481284062,0.079365,0.111111,0.809524,0.000000
1708694336501394338,0.083333,0.083333,0.833333,0.000000
1708694336521508873,0.035714,0.071429,0.892857,0.000000
1708694336541615731,0.017241,0.103448,0.879310,0.000000
1708694336561723113,0.084746,0.067797,0.847458,0.000000
1708694336581834915,0.068966,0.068966,0.862069,0.000000
1708694336601958523,0.084746,0.084746,0.830508,0.000000
1708694336622083545,0.017857,0.089286,0.892857,0.000000
1708694336642214971,0.067797,0.067797,0.864407,0.000000
1708694336662347502,0.083333,0.066667,0.850000,0.000000
1708694336682485054,0.051724,0.086207,0.862069,0.000000
1708694336702593797,0.053571,0.053571,0.892857,0.000000
1708694336722699129,0.035714,0.053571,0.910714,0.000000
1708694336742806070,0.066667,0.083333,0.850000,0.000000
1708694336762917866,0.068966,0.086207,0.844828,0.000000
1708694336783027411,0.083333,0.083333,0.833333,0.000000
1708694336803146569,0.078125,0.140625,0.781250,0.000000
1708694336823267831,0.033898,0.152542,0.813559,0.000000
1708694336843380544,0.066667,0.100000,0.833333,0.000000
1708694336863495127,0.064516,0.129032,0.806452,0.000000
1708694336883626355,0.050000,0.100000,0.850000,0.000000
1708694336903737986,0.081967,0.065574,0.852459,0.000000
1708694336923855052,0.112903,0.096774,0.790323,0.000000
1708694336943987781,0.135593,0.135593,0.728814,0.000000
1708694336964155573,0.209677,0.338710,0.451613,0.000000
1708694336984315273,0.370968,0.290323,0.338710,0.000000
1708694337004477278,0.476190,0.317460,0.206349,0.000000
1708694337024664984,0.573770,0.409836,0.016393,0.000000
1708694337044848079,0.507937,0.349206,0.142857,0.000000
1708694337065030342,0.532258,0.435484,0.032258,0.000000
1708694337085246260,0.545455,0.441558,0.012987,0.000000
1708694337105400669,0.600000,0.369231,0.030769,0.000000
1708694337125573831,0.640625,0.359375,0.000000,0.000000
1708694337145755639,0.609375,0.390625,0.000000,0.000000
1708694337165916651,0.730159,0.253968,0.015873,0.000000
1708694337186096186,0.809524,0.190476,0.000000,0.000000
1708694337206282244,0.843750,0.156250,0.000000,0.000000
1708694337226489487,0.809524,0.174603,0.015873,0.000000
1708694337246668759,0.793651,0.190476,0.015873,0.000000
1708694337266851847,0.687500,0.265625,0.046875,0.000000
1708694337287034389,0.661538,0.261538,0.076923,0.000000
1708694337307222012,0.812500,0.171875,0.015625,0.000000
1708694337327382917,0.907692,0.092308,0.000000,0.000000
1708694337355977040,0.931818,0.068182,0.000000,0.000000
1708694337373364524,1.000000,0.000000,0.000000,0.000000
1708694337393577889,0.968750,0.031250,0.000000,0.000000
1708694337413768984,0.938462,0.046154,0.015385,0.000000
1708694337433927943,0.953125,0.046875,0.000000,0.000000
1708694337454094366,0.937500,0.062500,0.000000,0.000000
1708694337474247653,0.920635,0.079365,0.000000,0.000000
1708694337494460371,0.892308,0.092308,0.015385,0.000000
1708694337514613996,0.887097,0.112903,0.000000,0.000000
1708694337534804450,0.906250,0.093750,0.000000,0.000000
1708694337555001869,0.890625,0.093750,0.015625,0.000000
1708694337575168133,0.968254,0.031746,0.000000,0.000000
1708694337595352527,0.953125,0.046875,0.000000,0.000000
1708694337620367261,0.946667,0.040000,0.013333,0.000000
1708694337638922516,0.906250,0.078125,0.015625,0.000000
1708694337659111959,0.938462,0.030769,0.030769,0.000000
1708694337679285503,0.892308,0.046154,0.061538,0.000000
1708694337699455245,0.683333,0.066667,0.250000,0.000000
1708694337719550086,0.279412,0.073529,0.647059,0.000000
1708694337739652548,0.062500,0.046875,0.890625,0.000000
1708694337759759218,0.116667,0.083333,0.800000,0.000000
1708694337779884770,0.032258,0.080645,0.887097,0.000000
1708694337799973714,0.016667,0.033333,0.950000,0.000000
1708694337820064326,0.031250,0.000000,0.968750,0.000000
1708694337840140154,0.000000,0.000000,1.000000,0.000000
1708694337860232360,0.000000,0.000000,1.000000,0.000000
1708694337880309047,0.000000,0.000000,1.000000,0.000000
1708694337900381138,0.000000,0.000000,1.000000,0.000000
1708694337920457506,0.000000,0.000000,1.000000,0.000000
1708694337940531029,0.000000,0.000000,1.000000,0.000000
1708694337960609378,0.000000,0.000000,1.000000,0.000000
1708694337980687624,0.000000,0.000000,1.000000,0.000000
1708694338000789085,0.000000,0.000000,1.000000,0.000000
1708694338020866814,0.015385,0.000000,0.984615,0.000000
1708694338040958162,0.000000,0.000000,1.000000,0.000000
1708694338061030257,0.000000,0.000000,1.000000,0.000000
1708694338081126981,0.000000,0.015385,0.984615,0.000000
1708694338101193496,0.000000,0.000000,1.000000,0.000000
1708694338121275922,0.000000,0.000000,1.000000,0.000000
1708694338141352152,0.000000,0.000000,1.000000,0.000000
1708694338161436129,0.000000,0.015385,0.984615,0.000000
1708694338181525226,0.000000,0.000000,1.000000,0.000000
1708694338201602052,0.000000,0.000000,1.000000,0.000000
1708694338221677330,0.000000,0.000000,1.000000,0.000000
1708694338241752903,0.000000,0.000000,1.000000,0.000000
1708694338261836890,0.000000,0.000000,1.000000,0.000000
1708694338281914204,0.000000,0.000000,1.000000,0.000000
1708694338301990276,0.000000,0.015385,0.984615,0.000000
1708694338322066479,0.000000,0.000000,1.000000,0.000000
1708694338342142043,0.000000,0.015385,0.984615,0.000000
1708694338362218844,0.000000,0.000000,1.000000,0.000000
1708694338382295777,0.000000,0.000000,1.000000,0.000000
1708694338402384912,0.000000,0.000000,1.000000,0.000000
1708694338422469192,0.015152,0.015152,0.969697,0.000000
1708694338442540650,0.000000,0.015625,0.984375,0.000000
1708694338462640176,0.000000,0.015385,0.984615,0.000000
1708694338482745598,0.000000,0.015625,0.984375,0.000000
1708694338502818152,0.000000,0.000000,1.000000,0.000000
1708694338522890087,0.000000,0.015625,0.984375,0.000000
1708694338542969093,0.000000,0.000000,1.000000,0.000000
1708694338563046984,0.000000,0.015625,0.984375,0.000000
1708694338583122957,0.000000,0.000000,1.000000,0.000000
1708694338603211076,0.000000,0.030769,0.969231,0.000000
1708694338623283537,0.000000,0.000000,1.000000,0.000000
1708694338643356001,0.000000,0.030769,0.969231,0.000000
1708694338663438793,0.000000,0.000000,1.000000,0.000000
1708694338683513090,0.000000,0.015625,0.984375,0.000000
1708694338703612334,0.000000,0.000000,1.000000,0.000000
1708694338723683424,0.000000,0.000000,1.000000,0.000000
1708694338743763158,0.000000,0.000000,1.000000,0.000000
1708694338763844443,0.000000,0.000000,1.000000,0.000000
1708694338783933443,0.000000,0.000000,1.000000,0.000000
1708694338804007209,0.000000,0.000000,1.000000,0.000000
1708694338824081422,0.000000,0.000000,1.000000,0.000000
1708694338844154836,0.000000,0.015385,0.984615,0.000000
1708694338864232421,0.015385,0.000000,0.984615,0.000000
1708694338884309220,0.000000,0.000000,1.000000,0.000000
1708694338904388523,0.000000,0.000000,1.000000,0.000000
1708694338924460034,0.000000,0.000000,1.000000,0.000000
1708694338944533902,0.000000,0.000000,1.000000,0.000000
1708694338964607351,0.000000,0.000000,1.000000,0.000000
1708694338984682445,0.000000,0.015385,0.984615,0.000000
1708694339004757510,0.000000,0.000000,1.000000,0.000000
1708694339024832566,0.000000,0.000000,1.000000,0.000000
1708694339044906117,0.000000,0.015385,0.984615,0.000000
1708694339064980831,0.000000,0.000000,1.000000,0.000000
1708694339085057630,0.000000,0.000000,1.000000,0.000000
1708694339105138645,0.000000,0.000000,1.000000,0.000000
1708694339125222041,0.000000,0.015385,0.984615,0.000000
1708694339145297276,0.000000,0.000000,1.000000,0.000000
1708694339165370781,0.000000,0.015385,0.984615,0.000000
1708694339185449595,0.000000,0.000000,1.000000,0.000000
1708694339205521623,0.000000,0.000000,1.000000,0.000000
1708694339225596560,0.000000,0.000000,1.000000,0.000000
1708694339245670306,0.000000,0.000000,1.000000,0.000000
1708694339265743930,0.000000,0.000000,1.000000,0.000000
1708694339285819592,0.000000,0.000000,1.000000,0.000000
1708694339305894394,0.000000,0.000000,1.000000,0.000000
1708694339325968100,0.000000,0.000000,1.000000,0.000000
1708694339346046541,0.000000,0.000000,1.000000,0.000000
1708694339366119952,0.000000,0.000000,1.000000,0.000000
1708694339386193048,0.000000,0.000000,1.000000,0.000000
1708694339406271771,0.015385,0.000000,0.984615,0.000000
1708694339426349098,0.000000,0.000000,1.000000,0.000000
1708694339446424281,0.000000,0.000000,1.000000,0.000000
1708694339466520060,0.000000,0.000000,1.000000,0.000000
1708694339486589712,0.000000,0.015385,0.984615,0.015385
1708694339506664852,0.000000,0.000000,1.000000,0.000000
1708694339526743320,0.000000,0.000000,1.000000,0.000000
1708694339546815567,0.000000,0.000000,1.000000,0.000000
1708694339566893977,0.000000,0.000000,1.000000,0.015625
1708694339586967479,0.000000,0.000000,1.000000,0.000000
1708694339607043080,0.000000,0.000000,1.000000,0.000000
1708694339627117973,0.000000,0.000000,1.000000,0.000000
1708694339647197036,0.000000,0.000000,1.000000,0.000000
1708694339667275121,0.000000,0.000000,1.000000,0.000000
1708694339687351010,0.000000,0.000000,1.000000,0.015873
1708694339707426228,0.000000,0.000000,1.000000,0.000000
1708694339727505668,0.000000,0.000000,1.000000,0.000000
1708694339747585232,0.000000,0.015385,0.984615,0.000000
1708694339767661420,0.000000,0.000000,1.000000,0.015873
1708694339787749449,0.000000,0.000000,1.000000,0.015873
1708694339807831350,0.000000,0.000000,1.000000,0.000000
1708694339827909185,0.000000,0.000000,1.000000,0.000000
