Time,User,Kernel,Idle,IoWait
1708693814716037490,0.111111,0.000000,0.888889,0.000000
1708693814816147360,0.250000,0.000000,0.750000,0.000000
1708693814916555233,0.052632,0.157895,0.789474,0.000000
1708693815016686173,0.210526,0.263158,0.526316,0.000000
1708693815116879908,0.210526,0.210526,0.578947,0.000000
1708693815216863992,0.058824,0.000000,0.941176,0.000000
1708693815316920312,0.000000,0.055556,0.944444,0.000000
1708693815417019944,0.315789,0.263158,0.421053,0.000000
1708693815517179070,0.550000,0.400000,0.050000,0.000000
1708693815617230468,0.526316,0.421053,0.052632,0.000000
1708693815717381987,0.750000,0.200000,0.050000,0.000000
1708693815817527936,0.789474,0.210526,0.000000,0.000000
1708693815917652052,0.714286,0.285714,0.000000,0.000000
1708693816017781659,0.850000,0.150000,0.000000,0.000000
1708693816117905378,0.800000,0.200000,0.000000,0.000000
1708693816218038151,0.619048,0.238095,0.142857,0.000000
1708693816318134701,0.900000,0.100000,0.000000,0.000000
1708693816418230848,0.900000,0.100000,0.000000,0.000000
1708693816518400710,0.842105,0.105263,0.052632,0.000000
1708693816618529446,0.368421,0.052632,0.578947,0.000000
1708693816718631117,0.052632,0.000000,0.947368,0.000000
1708693816818753226,0.000000,0.000000,1.000000,0.000000
1708693816918800200,0.000000,0.000000,1.000000,0.000000
1708693817018884850,0.000000,0.052632,0.947368,0.000000
1708693817118967367,0.000000,0.000000,1.000000,0.000000
1708693817223392898,0.157895,0.052632,0.789474,0.000000
1708693817322076852,0.411765,0.176471,0.411765,0.000000
1708693817422221458,0.277778,0.444444,0.277778,0.000000
1708693817522312498,0.210526,0.210526,0.578947,0.000000
1708693817622454636,0.500000,0.333333,0.166667,0.000000
1708693817722588938,0.600000,0.350000,0.050000,0.000000
1708693817822715905,0.700000,0.250000,0.050000,0.000000
1708693817922858138,0.800000,0.200000,0.000000,0.000000
1708693818022994530,0.850000,0.150000,0.000000,0.000000
1708693818123136743,0.761905,0.238095,0.000000,0.000000
1708693818223269474,0.894737,0.105263,0.000000,0.000000
1708693818323395936,0.900000,0.100000,0.000000,0.000000
1708693818423528300,0.900000,0.100000,0.000000,0.000000
1708693818523659886,0.700000,0.150000,0.150000,0.000000
1708693818623715872,0.900000,0.100000,0.000000,0.000000
1708693818723882727,0.600000,0.150000,0.250000,0.000000
1708693818823979687,0.055556,0.000000,0.944444,0.000000
1708693818924086416,0.050000,0.000000,0.950000,0.000000
1708693819024178568,0.000000,0.052632,0.947368,0.000000
1708693819124439168,0.166667,0.166667,0.666667,0.000000
1708693819224520142,0.647059,0.294118,0.058824,0.000000
1708693819324648013,0.400000,0.600000,0.000000,0.000000
1708693819424800012,0.523810,0.476190,0.000000,0.000000
1708693819524931192,0.578947,0.421053,0.000000,0.000000
1708693819625065820,0.500000,0.500000,0.000000,0.000000
1708693819725195302,0.619048,0.380952,0.000000,0.000000
1708693819825337260,0.550000,0.450000,0.000000,0.000000
1708693819925461954,0.600000,0.350000,0.050000,0.000000
1708693820025542479,0.550000,0.450000,0.000000,0.000000
1708693820125632464,0.850000,0.150000,0.000000,0.000000
1708693820225770139,1.000000,0.000000,0.000000,0.000000
1708693820325838788,1.000000,0.000000,0.000000,0.000000
1708693820425958663,0.952381,0.047619,0.000000,0.000000
1708693820526102630,0.900000,0.100000,0.000000,0.000000
1708693820626152118,0.900000,0.100000,0.000000,0.000000
1708693820726309527,0.444444,0.111111,0.444444,0.000000
1708693820826409543,0.100000,0.050000,0.850000,0.000000
1708693820926517337,0.000000,0.000000,1.000000,0.000000
1708693821026628166,0.000000,0.000000,1.000000,0.000000
1708693821126697512,0.000000,0.000000,1.000000,0.000000
1708693821226836035,0.000000,0.052632,0.947368,0.000000
1708693821326892050,0.000000,0.000000,1.000000,0.000000
1708693821427025601,0.050000,0.000000,0.950000,0.000000
1708693821527143595,0.000000,0.000000,1.000000,0.000000
1708693821627233464,0.000000,0.050000,0.950000,0.000000
1708693821727337208,0.000000,0.000000,1.000000,0.000000
1708693821827429449,0.000000,0.000000,1.000000,0.000000
1708693821927547503,0.000000,0.000000,1.000000,0.000000
1708693822027629491,0.000000,0.000000,1.000000,0.000000
1708693822127755835,0.000000,0.000000,1.000000,0.000000
1708693822227848064,0.000000,0.000000,1.000000,0.000000
1708693822327952892,0.000000,0.000000,1.000000,0.000000
1708693822428022187,0.000000,0.000000,1.000000,0.000000
1708693822528133852,0.000000,0.000000,1.000000,0.000000
1708693822628232927,0.000000,0.000000,1.000000,0.000000
1708693822728329543,0.000000,0.000000,1.000000,0.000000
1708693822828438832,0.000000,0.000000,1.000000,0.000000
1708693822928540563,0.000000,0.000000,1.000000,0.000000
1708693823028640083,0.000000,0.000000,1.000000,0.000000
1708693823128747296,0.000000,0.000000,1.000000,0.000000
1708693823228836832,0.000000,0.000000,1.000000,0.000000
1708693823328959208,0.000000,0.000000,1.000000,0.000000
1708693823429030686,0.000000,0.000000,1.000000,0.000000
1708693823529088392,0.000000,0.000000,1.000000,0.000000
1708693823629209382,0.000000,0.000000,1.000000,0.000000
1708693823729319341,0.000000,0.000000,1.000000,0.000000
1708693823829430891,0.000000,0.000000,1.000000,0.000000
1708693823929495918,0.000000,0.000000,1.000000,0.000000
1708693824029612662,0.000000,0.000000,1.000000,0.000000
1708693824129720194,0.000000,0.000000,1.000000,0.000000
1708693824229819168,0.000000,0.000000,1.000000,0.000000
1708693824329902945,0.050000,0.000000,0.950000,0.000000
1708693824430035600,0.000000,0.000000,1.000000,0.000000
1708693824530094171,0.000000,0.000000,1.000000,0.000000
1708693824630145488,0.000000,0.000000,1.000000,0.000000
1708693824730213593,0.000000,0.000000,1.000000,0.000000
1708693824830294200,0.000000,0.000000,1.000000,0.000000
1708693824930433707,0.000000,0.000000,1.000000,0.000000
1708693825030499837,0.000000,0.000000,1.000000,0.000000
1708693825130572116,0.000000,0.000000,1.000000,0.000000
1708693825230700820,0.000000,0.000000,1.000000,0.000000
1708693825330761903,0.000000,0.000000,1.000000,0.000000
1708693825430813892,0.000000,0.000000,1.000000,0.000000
1708693825530878953,0.000000,0.000000,1.000000,0.000000
1708693825630947732,0.000000,0.000000,1.000000,0.000000
1708693825731033915,0.000000,0.000000,1.000000,0.000000
1708693825831148568,0.000000,0.000000,1.000000,0.000000
1708693825931223470,0.000000,0.000000,1.000000,0.000000
1708693826031277223,0.000000,0.000000,1.000000,0.000000
1708693826131357430,0.000000,0.000000,1.000000,0.000000
1708693826231412881,0.000000,0.000000,1.000000,0.000000
1708693826331540052,0.000000,0.000000,1.000000,0.000000
1708693826431626630,0.000000,0.000000,1.000000,0.000000
1708693826531692415,0.000000,0.000000,1.000000,0.000000
1708693826631756636,0.000000,0.000000,1.000000,0.000000
1708693826731828199,0.000000,0.000000,1.000000,0.000000
1708693826831892653,0.000000,0.000000,1.000000,0.000000
1708693826931944779,0.000000,0.000000,1.000000,0.000000
1708693827032065411,0.000000,0.000000,1.000000,0.000000
1708693827132178317,0.000000,0.000000,1.000000,0.000000
1708693827232223292,0.000000,0.000000,1.000000,0.000000
1708693827332342137,0.000000,0.000000,1.000000,0.000000
1708693827432429564,0.000000,0.000000,1.000000,0.000000
1708693827532539271,0.000000,0.000000,1.000000,0.000000
1708693827632634468,0.000000,0.000000,1.000000,0.000000
1708693827732728822,0.000000,0.000000,1.000000,0.000000
1708693827832838889,0.000000,0.000000,1.000000,0.000000
1708693827932943471,0.000000,0.000000,1.000000,0.000000
1708693828033046575,0.050000,0.000000,0.950000,0.000000
1708693828133141300,0.000000,0.000000,1.000000,0.000000
1708693828233250710,0.000000,0.000000,1.000000,0.000000
1708693828333342170,0.000000,0.000000,1.000000,0.000000
1708693828433446431,0.000000,0.000000,1.000000,0.000000
1708693828533499418,0.000000,0.000000,1.000000,0.000000
1708693828633552872,0.000000,0.000000,1.000000,0.000000
1708693828733686072,0.000000,0.000000,1.000000,0.000000
1708693828833796335,0.000000,0.000000,1.000000,0.000000
1708693828933900218,0.000000,0.000000,1.000000,0.000000
1708693829034023506,0.050000,0.000000,0.950000,0.000000
1708693829134088785,0.000000,0.000000,1.000000,0.000000
1708693829234140048,0.000000,0.050000,0.950000,0.000000
1708693829334217980,0.000000,0.000000,1.000000,0.000000
1708693829434336100,0.000000,0.000000,1.000000,0.000000
1708693829534442910,0.000000,0.000000,1.000000,0.000000
1708693829634554797,0.000000,0.000000,1.000000,0.000000
1708693829734628437,0.000000,0.000000,1.000000,0.000000
1708693829834676365,0.000000,0.000000,1.000000,0.000000
1708693829934746924,0.000000,0.000000,1.000000,0.000000
1708693830034871719,0.000000,0.000000,1.000000,0.000000
1708693830134979669,0.105263,0.263158,0.631579,0.000000
1708693830235090730,0.600000,0.133333,0.266667,0.000000
1708693830335182648,0.470588,0.470588,0.058824,0.000000
1708693830435329559,0.684211,0.263158,0.052632,0.000000
1708693830535458651,0.600000,0.400000,0.000000,0.000000
1708693830635606104,0.700000,0.300000,0.000000,0.000000
1708693830735707302,0.650000,0.350000,0.000000,0.000000
1708693830835783704,0.750000,0.250000,0.000000,0.000000
1708693830935935177,0.850000,0.150000,0.000000,0.000000
1708693831036067451,0.950000,0.050000,0.000000,0.000000
1708693831136208574,1.000000,0.000000,0.000000,0.000000
1708693831236345340,0.900000,0.100000,0.000000,0.000000
1708693831336481788,1.000000,0.000000,0.000000,0.000000
1708693831436600077,1.000000,0.000000,0.000000,0.000000
1708693831536732783,0.500000,0.050000,0.450000,0.000000
1708693831636843732,0.100000,0.100000,0.800000,0.000000
1708693831736953905,0.000000,0.050000,0.950000,0.000000
1708693831837060043,0.000000,0.000000,1.000000,0.000000
1708693831937170421,0.050000,0.050000,0.900000,0.000000
1708693832037277643,0.473684,0.000000,0.526316,0.000000
1708693832137392211,0.375000,0.375000,0.250000,0.000000
1708693832237517212,0.500000,0.388889,0.111111,0.000000
1708693832337652537,0.600000,0.400000,0.000000,0.000000
1708693832437789271,0.750000,0.250000,0.000000,0.000000
1708693832537915563,0.714286,0.285714,0.000000,0.000000
1708693832638067369,0.714286,0.285714,0.000000,0.000000
1708693832738179086,0.736842,0.263158,0.000000,0.000000
1708693832838309083,0.900000,0.100000,0.000000,0.000000
1708693832938445318,0.950000,0.050000,0.000000,0.000000
1708693833038570496,0.950000,0.050000,0.000000,0.000000
1708693833138697182,0.950000,0.050000,0.000000,0.000000
1708693833238819557,0.900000,0.100000,0.000000,0.000000
1708693833339286935,0.736842,0.157895,0.105263,0.000000
1708693833439321260,0.250000,0.100000,0.650000,0.000000
1708693833539351193,0.052632,0.052632,0.894737,0.000000
1708693833639481753,0.000000,0.052632,0.947368,0.000000
1708693833739594280,0.000000,0.000000,1.000000,0.000000
1708693833839698512,0.000000,0.000000,1.000000,0.000000
